The result for the 0th execution is
Query Result
[179548.47876879922, 173692.8307689999, 181162.7211505001, 177537.91148940026, 182672.73217350012, 184050.43179989958, 192221.1742263999, 180161.0127170001, 184595.89418089992, 181886.43176260023, 177403.79400239963, 179485.97567020013, 197435.0393124005, 183850.48039949947, 186234.2655901006, 179933.7018455003, 189701.71062629984, 185778.58261840016, 177707.66206859963, 176223.97706790085, 176641.2527401004, 182960.04339840036, 188862.00150829973, 178515.2381655003, 181540.0469697997, 190997.6970017003, 171503.72613650037, 184034.5683685001, 176566.02306689988, 187458.05803490005, 188663.5340712994, 182608.22268719954, 177795.18865330002, 185309.0627528991, 175203.4685537003, 186429.80305989954, 177190.1644188998, 188963.8573485006, 188029.23378039995, 185375.24086110044, 183624.06691090038, 185324.20804499937, 177971.02309670014, 180421.90912949966, 187017.9379382004, 170931.81259019996, 180407.65511779953, 182866.2016724, 184290.51150879986, 181026.1546174995, 173382.3571484999, 179785.5541863005, 183905.21310760005, 175777.0736791994, 188578.39182040052, 183006.54526469955, 180534.26159659997, 181259.0015332001, 178345.25707520026, 170087.7865875006, 183008.2385305998, 181883.4357223998, 177271.99627190043, 185611.46819809964, 178356.81558230013, 182738.09946429962, 178043.8845748, 175680.19806329886, 187381.6287294003, 183743.34603529953, 182058.56508479943, 179409.84429689992, 188017.31704920036, 172824.55936440016, 181322.53435760044, 183990.2356191001, 188796.7299496997, 180366.0924417001, 181271.53253130006, 183010.63369200053, 182606.41761909993, 180970.11354800043, 173766.48001929963, 173505.49121750036, 194376.79710489968, 174048.59932100042, 182198.64795829944, 175378.8404447003, 166812.16193930016, 186312.68381350022, 187006.50278989965, 181211.94613949987, 197797.6367100006, 175284.44437850022, 182965.5447918999, 184280.6068097998, 188016.46477740043, 187823.94820229945, 181266.92740719998, 187760.43040810036]
Noised Result
[178149.60415882 168965.45198886 184226.63942678 177526.90852875
 188525.49423311 186159.80205184 193755.53727611 180991.25438701
 184629.63354733 177046.90789654 177344.6978144  182759.45794655
 200030.88584006 186706.51857781 185500.06141587 181574.97090932
 186221.25531086 191873.23260228 179177.75456911 181607.00191378
 175492.47308139 183590.1344161  190770.26129921 179193.68563767
 182409.86764299 192596.27809175 176882.99793286 182250.24234881
 178243.21199588 189011.8608901  183552.24118032 184356.64554189
 177981.63563613 183594.73282221 174378.9451303  185885.19007048
 176120.82217232 187656.45345979 187628.74660883 185803.33642355
 184758.74732028 182673.49912426 180738.7298088  177452.30593832
 189763.09437272 171910.81988926 179295.69698336 183537.8025145
 181746.13807475 176421.35157494 169845.7995039  178071.99548198
 183684.77176731 177128.19302411 187851.40212214 180920.28977975
 183562.09567557 179342.84203866 180017.92581088 168804.82018675
 182049.18412759 179019.28610219 178202.64457365 184112.54878937
 180727.91729047 181908.54959895 174562.26221036 175391.46370282
 187839.69582966 184001.17716319 182695.51246682 178296.81134457
 188549.07404505 172298.18301471 179184.32872983 181865.79904188
 187122.31748601 176255.01421116 180704.35620481 184717.52374798
 181669.66941237 181337.45163294 175989.78543315 172855.94538899
 195052.4874409  174955.92565065 181833.84051811 177592.58112611
 164193.12246202 184010.17499201 187805.25561829 177856.46099259
 200514.99232716 173412.02061007 184215.84853399 185074.07570342
 190216.65029733 185450.91057378 179293.65434028 188347.39244775]

Time
1.9667689800262451
The result for the 1th execution is
Query Result
[179548.47876879922, 173692.8307689999, 181162.7211505001, 177537.91148940026, 182672.73217350012, 184050.43179989958, 192221.1742263999, 180161.0127170001, 184595.89418089992, 181886.43176260023, 177403.79400239963, 179485.97567020013, 197435.0393124005, 183850.48039949947, 186234.2655901006, 179933.7018455003, 189701.71062629984, 185778.58261840016, 177707.66206859963, 176223.97706790085, 176641.2527401004, 182960.04339840036, 188862.00150829973, 178515.2381655003, 181540.0469697997, 190997.6970017003, 171503.72613650037, 184034.5683685001, 176566.02306689988, 187458.05803490005, 188663.5340712994, 182608.22268719954, 177795.18865330002, 185309.0627528991, 175203.4685537003, 186429.80305989954, 177190.1644188998, 188963.8573485006, 188029.23378039995, 185375.24086110044, 183624.06691090038, 185324.20804499937, 177971.02309670014, 180421.90912949966, 187017.9379382004, 170931.81259019996, 180407.65511779953, 182866.2016724, 184290.51150879986, 181026.1546174995, 173382.3571484999, 179785.5541863005, 183905.21310760005, 175777.0736791994, 188578.39182040052, 183006.54526469955, 180534.26159659997, 181259.0015332001, 178345.25707520026, 170087.7865875006, 183008.2385305998, 181883.4357223998, 177271.99627190043, 185611.46819809964, 178356.81558230013, 182738.09946429962, 178043.8845748, 175680.19806329886, 187381.6287294003, 183743.34603529953, 182058.56508479943, 179409.84429689992, 188017.31704920036, 172824.55936440016, 181322.53435760044, 183990.2356191001, 188796.7299496997, 180366.0924417001, 181271.53253130006, 183010.63369200053, 182606.41761909993, 180970.11354800043, 173766.48001929963, 173505.49121750036, 194376.79710489968, 174048.59932100042, 182198.64795829944, 175378.8404447003, 166812.16193930016, 186312.68381350022, 187006.50278989965, 181211.94613949987, 197797.6367100006, 175284.44437850022, 182965.5447918999, 184280.6068097998, 188016.46477740043, 187823.94820229945, 181266.92740719998, 187760.43040810036]
Noised Result
[181940.12684831 172638.42094897 182266.24546337 179245.03807906
 183767.25432621 184912.29637585 192168.96300239 180482.65982336
 181599.04923729 181548.36566212 178356.57308404 181204.55838493
 196247.34775946 185227.84405873 185823.63302974 183989.08415862
 193599.69216043 182298.42227047 179794.34001795 177244.89676649
 175727.15022768 186518.37495352 184916.17734087 176552.99691015
 181159.64058916 192177.50515117 172037.35521821 184291.84948621
 180437.17654226 188295.47214531 188912.14141557 180945.32570819
 177892.7498968  183223.11037681 175578.36608407 183737.73630829
 178846.70750521 188711.15979069 186120.88761745 183081.70463259
 180441.19590162 184876.1243343  180035.40480216 181644.79297256
 187454.7326822  170147.3758805  178731.37744694 181878.55323271
 183941.16864669 179132.82552929 174670.27702779 181289.46261344
 182166.18237931 175351.48198999 188482.65116755 184332.43207873
 179906.6941398  177330.56817406 177334.50923029 169233.22338057
 183298.00575979 181749.02034167 178458.06566893 186835.97606287
 176645.1248306  181359.11161826 178960.92321677 176672.46560656
 190690.21432925 183084.82013215 181893.20058534 184069.76889577
 184068.53483041 173862.54200164 186152.4768266  181521.09917557
 188941.19929499 182425.98787971 184779.26085619 186563.73326929
 182366.04725397 184530.07575592 170620.52054205 173664.80999605
 192009.41628361 174153.30519054 181936.01260004 175002.77043555
 165699.54667867 189890.00515026 189251.36383289 179764.63054283
 200348.86410599 174692.64855406 179047.40396432 187403.25258549
 189210.570736   187675.8552053  181158.07589881 187035.04041743]

Time
2.0022873878479004
The result for the 2th execution is
Query Result
[179548.47876879922, 173692.8307689999, 181162.7211505001, 177537.91148940026, 182672.73217350012, 184050.43179989958, 192221.1742263999, 180161.0127170001, 184595.89418089992, 181886.43176260023, 177403.79400239963, 179485.97567020013, 197435.0393124005, 183850.48039949947, 186234.2655901006, 179933.7018455003, 189701.71062629984, 185778.58261840016, 177707.66206859963, 176223.97706790085, 176641.2527401004, 182960.04339840036, 188862.00150829973, 178515.2381655003, 181540.0469697997, 190997.6970017003, 171503.72613650037, 184034.5683685001, 176566.02306689988, 187458.05803490005, 188663.5340712994, 182608.22268719954, 177795.18865330002, 185309.0627528991, 175203.4685537003, 186429.80305989954, 177190.1644188998, 188963.8573485006, 188029.23378039995, 185375.24086110044, 183624.06691090038, 185324.20804499937, 177971.02309670014, 180421.90912949966, 187017.9379382004, 170931.81259019996, 180407.65511779953, 182866.2016724, 184290.51150879986, 181026.1546174995, 173382.3571484999, 179785.5541863005, 183905.21310760005, 175777.0736791994, 188578.39182040052, 183006.54526469955, 180534.26159659997, 181259.0015332001, 178345.25707520026, 170087.7865875006, 183008.2385305998, 181883.4357223998, 177271.99627190043, 185611.46819809964, 178356.81558230013, 182738.09946429962, 178043.8845748, 175680.19806329886, 187381.6287294003, 183743.34603529953, 182058.56508479943, 179409.84429689992, 188017.31704920036, 172824.55936440016, 181322.53435760044, 183990.2356191001, 188796.7299496997, 180366.0924417001, 181271.53253130006, 183010.63369200053, 182606.41761909993, 180970.11354800043, 173766.48001929963, 173505.49121750036, 194376.79710489968, 174048.59932100042, 182198.64795829944, 175378.8404447003, 166812.16193930016, 186312.68381350022, 187006.50278989965, 181211.94613949987, 197797.6367100006, 175284.44437850022, 182965.5447918999, 184280.6068097998, 188016.46477740043, 187823.94820229945, 181266.92740719998, 187760.43040810036]
Noised Result
[179835.00779883 169897.89230586 180275.01386366 179727.63278238
 187865.35992956 181993.16959812 192625.18724315 178491.84391229
 185836.77185628 184825.79684074 177706.30334679 175151.57020574
 193055.29894154 182358.20541771 187038.99497439 179446.90192473
 189530.68618632 186071.60776463 173842.39423591 175807.50637316
 175337.62252889 182115.88779971 187997.56126359 177355.31667235
 181980.62817188 192108.21737314 176933.3935892  190847.04979809
 176092.98417476 183703.13602101 187618.74796907 180594.12828976
 180001.24628125 186597.62110184 179721.08929519 187696.29414107
 176682.1522016  187772.68092583 186702.1079661  183847.94081458
 186311.81549919 188359.05656707 177832.87890417 179718.66482451
 187610.71067137 171487.86064018 178785.97844705 182205.92021366
 182489.67479457 182966.66306083 175040.46710779 184164.60889365
 182138.54323525 175989.56297457 189221.97232254 184280.71463336
 181111.47909825 182864.02192114 180503.85918103 165853.20576807
 182044.41794019 181044.62988688 177142.49867485 186649.62780432
 179789.51349412 178104.15202686 178643.90360859 174910.73222174
 187463.72045639 182839.03910684 181140.25089583 181477.06663302
 186404.35139529 171412.34519429 180764.7507671  184173.85982159
 185448.96045561 181485.15900574 183277.72942119 182617.33562198
 183455.60617348 181854.37757908 172688.31173855 175016.65161897
 194962.86767915 174017.02212477 184161.98736364 176353.41125542
 167782.21885596 189462.6646087  186805.08365072 180831.83942893
 195098.93118083 176782.77892161 177586.91554444 181455.85248831
 183436.19547133 187428.01799881 181288.65692284 184976.96270708]

Time
2.0112452507019043
The result for the 3th execution is
Query Result
[179548.47876879922, 173692.8307689999, 181162.7211505001, 177537.91148940026, 182672.73217350012, 184050.43179989958, 192221.1742263999, 180161.0127170001, 184595.89418089992, 181886.43176260023, 177403.79400239963, 179485.97567020013, 197435.0393124005, 183850.48039949947, 186234.2655901006, 179933.7018455003, 189701.71062629984, 185778.58261840016, 177707.66206859963, 176223.97706790085, 176641.2527401004, 182960.04339840036, 188862.00150829973, 178515.2381655003, 181540.0469697997, 190997.6970017003, 171503.72613650037, 184034.5683685001, 176566.02306689988, 187458.05803490005, 188663.5340712994, 182608.22268719954, 177795.18865330002, 185309.0627528991, 175203.4685537003, 186429.80305989954, 177190.1644188998, 188963.8573485006, 188029.23378039995, 185375.24086110044, 183624.06691090038, 185324.20804499937, 177971.02309670014, 180421.90912949966, 187017.9379382004, 170931.81259019996, 180407.65511779953, 182866.2016724, 184290.51150879986, 181026.1546174995, 173382.3571484999, 179785.5541863005, 183905.21310760005, 175777.0736791994, 188578.39182040052, 183006.54526469955, 180534.26159659997, 181259.0015332001, 178345.25707520026, 170087.7865875006, 183008.2385305998, 181883.4357223998, 177271.99627190043, 185611.46819809964, 178356.81558230013, 182738.09946429962, 178043.8845748, 175680.19806329886, 187381.6287294003, 183743.34603529953, 182058.56508479943, 179409.84429689992, 188017.31704920036, 172824.55936440016, 181322.53435760044, 183990.2356191001, 188796.7299496997, 180366.0924417001, 181271.53253130006, 183010.63369200053, 182606.41761909993, 180970.11354800043, 173766.48001929963, 173505.49121750036, 194376.79710489968, 174048.59932100042, 182198.64795829944, 175378.8404447003, 166812.16193930016, 186312.68381350022, 187006.50278989965, 181211.94613949987, 197797.6367100006, 175284.44437850022, 182965.5447918999, 184280.6068097998, 188016.46477740043, 187823.94820229945, 181266.92740719998, 187760.43040810036]
Noised Result
[181006.60087346 168711.91390957 177930.6798852  176787.76029963
 181624.61811117 182368.97990506 189351.37303406 179382.15045792
 186801.95785137 181186.51056805 179646.59531834 177753.98846393
 198168.67062073 188040.41485367 187343.02828206 178874.40739549
 193568.45588314 186026.78029298 176592.75422074 179451.21766213
 178662.60884082 186337.94373195 189515.31344278 175520.52065897
 183058.09421577 193581.11191584 171191.12017734 185080.77858001
 180048.33797515 187712.66921709 188520.77265856 185692.53322819
 172485.50221735 188161.1413588  175035.99875091 188833.28016959
 176932.19944198 187742.07763287 185214.8248392  185092.23211403
 182088.05786608 184469.09204854 174484.19384492 182183.52145636
 186082.61573361 169123.05175103 178213.77397036 178662.67127132
 180929.89381341 180019.80625399 174123.21076895 178381.68460371
 184301.69669768 178213.02203929 183821.43452148 183189.55872131
 182588.22223066 181974.0226327  176438.87019    169371.59660575
 182434.2602837  180554.14403675 177527.14120969 186650.07584797
 176691.13883057 181338.03197635 177487.67057899 175945.61959898
 184206.98740801 187429.5402827  186012.31987932 178116.47282965
 190883.63104305 168317.63978904 179961.66908721 183475.17493975
 188270.87270123 180343.17957368 179071.02418998 182901.90473627
 179906.80954458 181625.40112733 172407.92121383 174872.81866605
 196842.27570829 173761.72867524 182046.5826694  173532.08837471
 167226.98863316 188276.48742583 185584.47923226 185609.9615945
 193372.69479703 177602.11768602 184346.71570476 184645.58522077
 192164.22795206 184537.9647045  183282.7420362  187202.71103512]

Time
2.01104474067688
The result for the 4th execution is
Query Result
[179548.47876879922, 173692.8307689999, 181162.7211505001, 177537.91148940026, 182672.73217350012, 184050.43179989958, 192221.1742263999, 180161.0127170001, 184595.89418089992, 181886.43176260023, 177403.79400239963, 179485.97567020013, 197435.0393124005, 183850.48039949947, 186234.2655901006, 179933.7018455003, 189701.71062629984, 185778.58261840016, 177707.66206859963, 176223.97706790085, 176641.2527401004, 182960.04339840036, 188862.00150829973, 178515.2381655003, 181540.0469697997, 190997.6970017003, 171503.72613650037, 184034.5683685001, 176566.02306689988, 187458.05803490005, 188663.5340712994, 182608.22268719954, 177795.18865330002, 185309.0627528991, 175203.4685537003, 186429.80305989954, 177190.1644188998, 188963.8573485006, 188029.23378039995, 185375.24086110044, 183624.06691090038, 185324.20804499937, 177971.02309670014, 180421.90912949966, 187017.9379382004, 170931.81259019996, 180407.65511779953, 182866.2016724, 184290.51150879986, 181026.1546174995, 173382.3571484999, 179785.5541863005, 183905.21310760005, 175777.0736791994, 188578.39182040052, 183006.54526469955, 180534.26159659997, 181259.0015332001, 178345.25707520026, 170087.7865875006, 183008.2385305998, 181883.4357223998, 177271.99627190043, 185611.46819809964, 178356.81558230013, 182738.09946429962, 178043.8845748, 175680.19806329886, 187381.6287294003, 183743.34603529953, 182058.56508479943, 179409.84429689992, 188017.31704920036, 172824.55936440016, 181322.53435760044, 183990.2356191001, 188796.7299496997, 180366.0924417001, 181271.53253130006, 183010.63369200053, 182606.41761909993, 180970.11354800043, 173766.48001929963, 173505.49121750036, 194376.79710489968, 174048.59932100042, 182198.64795829944, 175378.8404447003, 166812.16193930016, 186312.68381350022, 187006.50278989965, 181211.94613949987, 197797.6367100006, 175284.44437850022, 182965.5447918999, 184280.6068097998, 188016.46477740043, 187823.94820229945, 181266.92740719998, 187760.43040810036]
Noised Result
[182187.81919744 176362.34169661 181688.64585582 182788.67914541
 185200.24180312 182725.79936108 190972.76195555 182910.27589467
 182939.47277617 181804.53719372 178253.02972716 177834.92310034
 197483.73819389 183465.89574624 185189.31192557 181263.20258415
 191732.56799466 188456.02920323 179176.61242375 175849.79281158
 177353.86006416 183699.24317569 188303.05843685 180520.02055468
 182331.7733519  186142.62718245 171009.9705475  184221.92146838
 173784.77865779 189970.3527864  184943.2988048  179932.95733756
 178053.8586008  184506.91732475 179825.27552474 185986.36542015
 178278.92944892 187221.83425145 188827.60129479 189052.55372052
 184107.20206424 184077.94721651 178914.08593402 180173.26656896
 188159.19323235 172984.0598369  178103.78786831 183903.40654176
 183471.44170455 181906.58130024 175441.74617979 178955.69067275
 185843.85441972 176694.79786244 189105.85437228 180704.96659045
 178769.73428632 182452.72680208 174391.5591536  165453.69746783
 176848.7553902  184174.89930263 174978.44423811 181984.07570191
 177044.40381521 182173.86693443 176478.79673522 175917.76016883
 183239.0366476  182852.40967876 179685.50984468 177783.37528152
 191297.42805917 175948.2787387  183901.13674676 181101.64832053
 189249.16671117 179449.12348679 183478.92324505 184602.00912317
 182887.53938352 181086.72815704 170299.02498477 172325.55382543
 194221.59270401 171360.26994048 181933.89565508 171553.41699238
 167825.70402967 188102.69436882 188459.11269707 181136.89236144
 195279.63265479 173331.07648332 184834.22309341 182899.6516638
 184270.38699598 189028.53368073 179148.0334397  186448.21955079]

Time
2.038332462310791
The result for the 5th execution is
Query Result
[179548.47876879922, 173692.8307689999, 181162.7211505001, 177537.91148940026, 182672.73217350012, 184050.43179989958, 192221.1742263999, 180161.0127170001, 184595.89418089992, 181886.43176260023, 177403.79400239963, 179485.97567020013, 197435.0393124005, 183850.48039949947, 186234.2655901006, 179933.7018455003, 189701.71062629984, 185778.58261840016, 177707.66206859963, 176223.97706790085, 176641.2527401004, 182960.04339840036, 188862.00150829973, 178515.2381655003, 181540.0469697997, 190997.6970017003, 171503.72613650037, 184034.5683685001, 176566.02306689988, 187458.05803490005, 188663.5340712994, 182608.22268719954, 177795.18865330002, 185309.0627528991, 175203.4685537003, 186429.80305989954, 177190.1644188998, 188963.8573485006, 188029.23378039995, 185375.24086110044, 183624.06691090038, 185324.20804499937, 177971.02309670014, 180421.90912949966, 187017.9379382004, 170931.81259019996, 180407.65511779953, 182866.2016724, 184290.51150879986, 181026.1546174995, 173382.3571484999, 179785.5541863005, 183905.21310760005, 175777.0736791994, 188578.39182040052, 183006.54526469955, 180534.26159659997, 181259.0015332001, 178345.25707520026, 170087.7865875006, 183008.2385305998, 181883.4357223998, 177271.99627190043, 185611.46819809964, 178356.81558230013, 182738.09946429962, 178043.8845748, 175680.19806329886, 187381.6287294003, 183743.34603529953, 182058.56508479943, 179409.84429689992, 188017.31704920036, 172824.55936440016, 181322.53435760044, 183990.2356191001, 188796.7299496997, 180366.0924417001, 181271.53253130006, 183010.63369200053, 182606.41761909993, 180970.11354800043, 173766.48001929963, 173505.49121750036, 194376.79710489968, 174048.59932100042, 182198.64795829944, 175378.8404447003, 166812.16193930016, 186312.68381350022, 187006.50278989965, 181211.94613949987, 197797.6367100006, 175284.44437850022, 182965.5447918999, 184280.6068097998, 188016.46477740043, 187823.94820229945, 181266.92740719998, 187760.43040810036]
Noised Result
[176549.86215713 177410.98723435 179815.8037463  179518.4694629
 183361.40061264 182208.77625444 195035.26622736 179384.18966631
 181907.83822512 182270.56335001 175923.1008081  178842.68546776
 192995.60263801 186392.57665308 185503.22089398 185120.49090345
 189056.84516988 185406.30996219 178852.85072152 176128.75712289
 175609.75206235 179909.1259719  190735.76283164 177833.04176877
 182824.70497084 193021.67354665 172818.52077423 181811.22989401
 181061.11912796 188012.89280924 191387.36622009 181313.86666699
 177548.51215242 182298.58561189 173462.92439395 185465.08138782
 177457.96750303 189825.4218853  189589.31152116 183788.78099149
 186760.4674992  184670.27746059 177296.68762553 179029.59387426
 186761.08093069 171584.22964509 180541.79690228 184463.31337043
 184413.34745317 180915.92758521 173259.76688659 175672.275395
 185525.82181285 176035.1668639  186370.55970654 186016.44443243
 178444.29422879 178849.58681917 177789.13449678 168583.13971716
 184720.84498095 185297.44971885 178097.14771747 188748.37910354
 180099.48316595 181590.87082768 178568.16501023 175970.85608055
 187140.41610116 185129.67908416 180165.56907227 178927.03628649
 186212.11455167 169682.10664029 181074.5574069  181734.06737826
 189512.06408712 177964.57113713 181168.95573873 181607.43995977
 183766.38660464 181737.32699692 171364.14690924 171959.41264359
 195895.65332972 175515.12922604 182361.60211535 174306.42215524
 165919.15912321 189162.66448949 185566.02076593 178471.03912617
 194604.6028177  176828.93307803 185356.72680663 185213.76627985
 189402.80212179 188825.92437548 182937.34362112 187786.74631292]

Time
2.209494113922119
The result for the 6th execution is
Query Result
[179548.47876879922, 173692.8307689999, 181162.7211505001, 177537.91148940026, 182672.73217350012, 184050.43179989958, 192221.1742263999, 180161.0127170001, 184595.89418089992, 181886.43176260023, 177403.79400239963, 179485.97567020013, 197435.0393124005, 183850.48039949947, 186234.2655901006, 179933.7018455003, 189701.71062629984, 185778.58261840016, 177707.66206859963, 176223.97706790085, 176641.2527401004, 182960.04339840036, 188862.00150829973, 178515.2381655003, 181540.0469697997, 190997.6970017003, 171503.72613650037, 184034.5683685001, 176566.02306689988, 187458.05803490005, 188663.5340712994, 182608.22268719954, 177795.18865330002, 185309.0627528991, 175203.4685537003, 186429.80305989954, 177190.1644188998, 188963.8573485006, 188029.23378039995, 185375.24086110044, 183624.06691090038, 185324.20804499937, 177971.02309670014, 180421.90912949966, 187017.9379382004, 170931.81259019996, 180407.65511779953, 182866.2016724, 184290.51150879986, 181026.1546174995, 173382.3571484999, 179785.5541863005, 183905.21310760005, 175777.0736791994, 188578.39182040052, 183006.54526469955, 180534.26159659997, 181259.0015332001, 178345.25707520026, 170087.7865875006, 183008.2385305998, 181883.4357223998, 177271.99627190043, 185611.46819809964, 178356.81558230013, 182738.09946429962, 178043.8845748, 175680.19806329886, 187381.6287294003, 183743.34603529953, 182058.56508479943, 179409.84429689992, 188017.31704920036, 172824.55936440016, 181322.53435760044, 183990.2356191001, 188796.7299496997, 180366.0924417001, 181271.53253130006, 183010.63369200053, 182606.41761909993, 180970.11354800043, 173766.48001929963, 173505.49121750036, 194376.79710489968, 174048.59932100042, 182198.64795829944, 175378.8404447003, 166812.16193930016, 186312.68381350022, 187006.50278989965, 181211.94613949987, 197797.6367100006, 175284.44437850022, 182965.5447918999, 184280.6068097998, 188016.46477740043, 187823.94820229945, 181266.92740719998, 187760.43040810036]
Noised Result
[180658.25649943 172274.16870631 180225.46300175 177125.93251308
 178860.62162439 183110.05058742 190984.04130866 182751.46230374
 185318.75617969 182733.46525564 176588.61139147 180637.96529012
 196208.92311207 185242.9938907  186496.96678783 180414.31493964
 192362.94704434 188121.76664857 179989.27477673 176245.11446943
 174525.0113862  182767.12241378 185095.23469212 180065.26100854
 182850.35666282 191637.49413645 174349.27711968 181211.27103663
 179281.37119948 188520.87037996 188372.69327139 181213.57633454
 179979.96724987 181766.13248871 173795.02763363 185430.44268173
 179130.51243041 189221.61683486 189192.48836124 181461.17623141
 183938.18004588 182953.98521097 178359.25706018 181601.90031706
 188242.30585218 171702.55064998 180461.40115051 182685.39420466
 183469.35415    182074.33107756 173765.66442154 178997.14994278
 181694.75379727 176207.41505975 187585.56487912 184223.96755268
 179603.80111939 178872.84471671 178813.43930515 170647.79322329
 179985.28629032 182044.92473979 178405.15244328 182814.49957296
 175442.09637741 186643.08924004 179196.21722026 174318.32502789
 182669.06142107 182269.27691554 184890.76306668 179488.37523702
 191036.93970733 174633.17604277 182090.33566301 183420.55238813
 188164.21439124 177257.83477567 184060.90171004 185382.47319878
 181596.03453141 183578.20570717 173873.5429012  174780.1528273
 193983.35218606 175033.93566221 185676.29182384 174209.14318232
 164933.03306114 189349.17140682 185894.15216305 179867.44215349
 196958.20353896 174086.68831116 184580.41143422 186836.70262446
 187931.91908332 187600.00493264 181120.80146146 186010.17432724]

Time
2.2267706394195557
The result for the 7th execution is
Query Result
[179548.47876879922, 173692.8307689999, 181162.7211505001, 177537.91148940026, 182672.73217350012, 184050.43179989958, 192221.1742263999, 180161.0127170001, 184595.89418089992, 181886.43176260023, 177403.79400239963, 179485.97567020013, 197435.0393124005, 183850.48039949947, 186234.2655901006, 179933.7018455003, 189701.71062629984, 185778.58261840016, 177707.66206859963, 176223.97706790085, 176641.2527401004, 182960.04339840036, 188862.00150829973, 178515.2381655003, 181540.0469697997, 190997.6970017003, 171503.72613650037, 184034.5683685001, 176566.02306689988, 187458.05803490005, 188663.5340712994, 182608.22268719954, 177795.18865330002, 185309.0627528991, 175203.4685537003, 186429.80305989954, 177190.1644188998, 188963.8573485006, 188029.23378039995, 185375.24086110044, 183624.06691090038, 185324.20804499937, 177971.02309670014, 180421.90912949966, 187017.9379382004, 170931.81259019996, 180407.65511779953, 182866.2016724, 184290.51150879986, 181026.1546174995, 173382.3571484999, 179785.5541863005, 183905.21310760005, 175777.0736791994, 188578.39182040052, 183006.54526469955, 180534.26159659997, 181259.0015332001, 178345.25707520026, 170087.7865875006, 183008.2385305998, 181883.4357223998, 177271.99627190043, 185611.46819809964, 178356.81558230013, 182738.09946429962, 178043.8845748, 175680.19806329886, 187381.6287294003, 183743.34603529953, 182058.56508479943, 179409.84429689992, 188017.31704920036, 172824.55936440016, 181322.53435760044, 183990.2356191001, 188796.7299496997, 180366.0924417001, 181271.53253130006, 183010.63369200053, 182606.41761909993, 180970.11354800043, 173766.48001929963, 173505.49121750036, 194376.79710489968, 174048.59932100042, 182198.64795829944, 175378.8404447003, 166812.16193930016, 186312.68381350022, 187006.50278989965, 181211.94613949987, 197797.6367100006, 175284.44437850022, 182965.5447918999, 184280.6068097998, 188016.46477740043, 187823.94820229945, 181266.92740719998, 187760.43040810036]
Noised Result
[178961.27661233 174412.64659267 183234.91267198 181042.38244081
 184290.98628618 184635.7270412  187698.17092208 177719.23453704
 181576.41534156 181155.74497731 179264.61012542 177499.94621474
 193576.36785817 182583.3492577  186773.20778245 175636.83560648
 189087.38555024 183254.62150405 179324.03758123 175866.75764479
 178541.50757062 181213.27297452 185447.33812023 179227.84376611
 180572.40857715 193048.66648619 171301.54865107 179792.97811833
 178774.30740701 186503.31547091 188128.88282625 185537.29037317
 176330.91892282 190440.80588702 175745.9905262  189475.1765976
 179737.51420598 188391.87678716 188557.18270425 186279.81652357
 183687.05251584 184641.92584413 184145.78497312 183953.63246666
 186476.91634785 170677.75782869 177124.47447376 178667.76488906
 186549.65550591 181489.11489486 175155.01001861 180598.43190607
 182726.80526569 176794.04039132 188821.18174986 182092.47960445
 179448.99015821 179639.35311086 179450.2208818  168697.40300781
 184608.02987962 183926.78616919 179321.84778159 184746.86744525
 175367.09121672 183406.98679093 177693.86585303 176433.80124584
 191423.13715975 180433.3747876  177237.38317265 179487.45800791
 190269.31317949 171663.46822393 182648.74411724 185170.07304749
 187032.31669347 181792.55965832 180217.23395655 182563.1036861
 183649.57315203 179711.69697412 173057.72604226 171853.9846768
 194908.97731292 177862.44877047 180932.39309364 179339.09101708
 165231.67886189 183740.39932841 188767.99863307 183553.49533076
 198020.77427957 175205.19536822 187308.66437316 183679.25257536
 187297.85056179 185425.61024829 180581.3215695  187197.04931698]

Time
2.2362492084503174
The result for the 8th execution is
Query Result
[179548.47876879922, 173692.8307689999, 181162.7211505001, 177537.91148940026, 182672.73217350012, 184050.43179989958, 192221.1742263999, 180161.0127170001, 184595.89418089992, 181886.43176260023, 177403.79400239963, 179485.97567020013, 197435.0393124005, 183850.48039949947, 186234.2655901006, 179933.7018455003, 189701.71062629984, 185778.58261840016, 177707.66206859963, 176223.97706790085, 176641.2527401004, 182960.04339840036, 188862.00150829973, 178515.2381655003, 181540.0469697997, 190997.6970017003, 171503.72613650037, 184034.5683685001, 176566.02306689988, 187458.05803490005, 188663.5340712994, 182608.22268719954, 177795.18865330002, 185309.0627528991, 175203.4685537003, 186429.80305989954, 177190.1644188998, 188963.8573485006, 188029.23378039995, 185375.24086110044, 183624.06691090038, 185324.20804499937, 177971.02309670014, 180421.90912949966, 187017.9379382004, 170931.81259019996, 180407.65511779953, 182866.2016724, 184290.51150879986, 181026.1546174995, 173382.3571484999, 179785.5541863005, 183905.21310760005, 175777.0736791994, 188578.39182040052, 183006.54526469955, 180534.26159659997, 181259.0015332001, 178345.25707520026, 170087.7865875006, 183008.2385305998, 181883.4357223998, 177271.99627190043, 185611.46819809964, 178356.81558230013, 182738.09946429962, 178043.8845748, 175680.19806329886, 187381.6287294003, 183743.34603529953, 182058.56508479943, 179409.84429689992, 188017.31704920036, 172824.55936440016, 181322.53435760044, 183990.2356191001, 188796.7299496997, 180366.0924417001, 181271.53253130006, 183010.63369200053, 182606.41761909993, 180970.11354800043, 173766.48001929963, 173505.49121750036, 194376.79710489968, 174048.59932100042, 182198.64795829944, 175378.8404447003, 166812.16193930016, 186312.68381350022, 187006.50278989965, 181211.94613949987, 197797.6367100006, 175284.44437850022, 182965.5447918999, 184280.6068097998, 188016.46477740043, 187823.94820229945, 181266.92740719998, 187760.43040810036]
Noised Result
[179318.22298673 174496.50425794 180027.5357586  175906.79726667
 180885.03624491 184460.72880877 190404.55981965 177311.69024135
 185496.56238476 180272.57385809 178448.15194089 178395.33835319
 196006.76987644 180113.3332098  187842.40775581 179868.65448056
 188738.87778492 188720.0955317  178175.70817099 176484.4167953
 171651.56902686 182806.80353747 190998.23525549 175559.50218787
 183223.65551482 191082.66438653 168495.60383315 183917.00361529
 176918.25520534 185438.41088649 191495.55855414 181570.77036193
 180313.25891753 182450.77308874 172251.08498081 186656.0526049
 178083.5930508  190720.16408533 190067.48673615 182551.74735308
 185234.36366137 184386.90713221 177488.50361737 176458.31106567
 188820.26186493 172481.30622028 178684.47891957 179727.59289771
 184505.87289254 182800.95614992 175318.50807048 181953.52934065
 183289.89774386 175234.35238443 187907.08443797 189673.56069329
 180587.61101638 179142.59808698 173830.12425178 173138.49550754
 182021.51474534 180537.17775449 175413.52656395 182373.57857508
 178429.53175083 180787.75092772 179786.70447034 174237.53636424
 187614.79265464 183461.46856728 179820.47066538 175164.53060816
 186494.21444497 176293.34731015 177561.15899808 186353.59765709
 190180.92602327 184846.99421415 179658.98867923 182422.29764103
 185023.41842654 182594.40469344 172328.31015677 171242.06880447
 194046.72868996 169448.14410811 181794.28773713 178179.8794696
 165279.27126378 185009.72938282 184511.05032079 179177.70973114
 198585.53374762 174647.80527015 188429.12657907 180904.20329193
 186817.21263672 189345.77898374 180826.85344445 186163.24389619]

Time
2.0809037685394287
The result for the 9th execution is
Query Result
[179548.47876879922, 173692.8307689999, 181162.7211505001, 177537.91148940026, 182672.73217350012, 184050.43179989958, 192221.1742263999, 180161.0127170001, 184595.89418089992, 181886.43176260023, 177403.79400239963, 179485.97567020013, 197435.0393124005, 183850.48039949947, 186234.2655901006, 179933.7018455003, 189701.71062629984, 185778.58261840016, 177707.66206859963, 176223.97706790085, 176641.2527401004, 182960.04339840036, 188862.00150829973, 178515.2381655003, 181540.0469697997, 190997.6970017003, 171503.72613650037, 184034.5683685001, 176566.02306689988, 187458.05803490005, 188663.5340712994, 182608.22268719954, 177795.18865330002, 185309.0627528991, 175203.4685537003, 186429.80305989954, 177190.1644188998, 188963.8573485006, 188029.23378039995, 185375.24086110044, 183624.06691090038, 185324.20804499937, 177971.02309670014, 180421.90912949966, 187017.9379382004, 170931.81259019996, 180407.65511779953, 182866.2016724, 184290.51150879986, 181026.1546174995, 173382.3571484999, 179785.5541863005, 183905.21310760005, 175777.0736791994, 188578.39182040052, 183006.54526469955, 180534.26159659997, 181259.0015332001, 178345.25707520026, 170087.7865875006, 183008.2385305998, 181883.4357223998, 177271.99627190043, 185611.46819809964, 178356.81558230013, 182738.09946429962, 178043.8845748, 175680.19806329886, 187381.6287294003, 183743.34603529953, 182058.56508479943, 179409.84429689992, 188017.31704920036, 172824.55936440016, 181322.53435760044, 183990.2356191001, 188796.7299496997, 180366.0924417001, 181271.53253130006, 183010.63369200053, 182606.41761909993, 180970.11354800043, 173766.48001929963, 173505.49121750036, 194376.79710489968, 174048.59932100042, 182198.64795829944, 175378.8404447003, 166812.16193930016, 186312.68381350022, 187006.50278989965, 181211.94613949987, 197797.6367100006, 175284.44437850022, 182965.5447918999, 184280.6068097998, 188016.46477740043, 187823.94820229945, 181266.92740719998, 187760.43040810036]
Noised Result
[182228.09698523 171397.16357577 182524.95937924 177612.65848304
 185735.77477216 184726.52293187 194614.53432179 176980.40703926
 184625.30799512 181136.13338069 177791.85499241 179033.59034816
 197636.29657307 186025.63091513 186041.95386884 184438.14961382
 191535.53103318 184418.18028764 175180.0530968  179474.31407833
 177652.66448648 182129.66574557 190404.33101049 179180.22062392
 184504.44246382 189037.81702873 171432.21626415 185508.96489724
 177439.40147268 189196.84548091 187782.70156246 179911.68930914
 177411.66710361 185128.31715816 176019.13319194 187984.83362199
 173549.58882748 190136.12695223 187366.91376272 186359.25577374
 182313.49738478 189305.93737686 180240.47719049 182958.52094643
 184936.95547196 171989.64887824 179404.64507532 181802.51108943
 181208.9057747  180658.75233309 170287.68610687 177951.77075515
 185044.25688524 179404.53844147 189134.8792118  183491.50429393
 178422.29031485 178936.96349591 173386.46538052 169778.34928859
 187246.59892509 180760.04320146 178498.51921407 186370.02296213
 179152.31121625 183891.69538877 179076.91119871 173385.41448065
 188543.78897728 183795.15230542 183561.26438203 179182.41390358
 186403.40066498 168067.11795664 183148.08544593 181775.27034815
 189838.44320168 183496.65783646 178588.74388167 182017.65791837
 188011.60157632 181550.55418431 173048.49722635 176369.62649095
 190938.90241505 176191.21042161 185690.04638575 174592.92287271
 164804.2643406  183377.88252103 191712.47842851 181508.64491316
 198703.40641763 179025.80620973 183698.54203485 185864.22398373
 187827.73223818 189631.38893651 181273.64457822 182808.51398786]

Time
1.9998700618743896
The result for the 10th execution is
Query Result
[179548.47876879922, 173692.8307689999, 181162.7211505001, 177537.91148940026, 182672.73217350012, 184050.43179989958, 192221.1742263999, 180161.0127170001, 184595.89418089992, 181886.43176260023, 177403.79400239963, 179485.97567020013, 197435.0393124005, 183850.48039949947, 186234.2655901006, 179933.7018455003, 189701.71062629984, 185778.58261840016, 177707.66206859963, 176223.97706790085, 176641.2527401004, 182960.04339840036, 188862.00150829973, 178515.2381655003, 181540.0469697997, 190997.6970017003, 171503.72613650037, 184034.5683685001, 176566.02306689988, 187458.05803490005, 188663.5340712994, 182608.22268719954, 177795.18865330002, 185309.0627528991, 175203.4685537003, 186429.80305989954, 177190.1644188998, 188963.8573485006, 188029.23378039995, 185375.24086110044, 183624.06691090038, 185324.20804499937, 177971.02309670014, 180421.90912949966, 187017.9379382004, 170931.81259019996, 180407.65511779953, 182866.2016724, 184290.51150879986, 181026.1546174995, 173382.3571484999, 179785.5541863005, 183905.21310760005, 175777.0736791994, 188578.39182040052, 183006.54526469955, 180534.26159659997, 181259.0015332001, 178345.25707520026, 170087.7865875006, 183008.2385305998, 181883.4357223998, 177271.99627190043, 185611.46819809964, 178356.81558230013, 182738.09946429962, 178043.8845748, 175680.19806329886, 187381.6287294003, 183743.34603529953, 182058.56508479943, 179409.84429689992, 188017.31704920036, 172824.55936440016, 181322.53435760044, 183990.2356191001, 188796.7299496997, 180366.0924417001, 181271.53253130006, 183010.63369200053, 182606.41761909993, 180970.11354800043, 173766.48001929963, 173505.49121750036, 194376.79710489968, 174048.59932100042, 182198.64795829944, 175378.8404447003, 166812.16193930016, 186312.68381350022, 187006.50278989965, 181211.94613949987, 197797.6367100006, 175284.44437850022, 182965.5447918999, 184280.6068097998, 188016.46477740043, 187823.94820229945, 181266.92740719998, 187760.43040810036]
Noised Result
[174603.87085316 176023.60777438 184006.93491403 178512.82718069
 181156.95377731 183770.35547975 189585.88304091 181279.23729411
 183829.85544189 177877.81706442 173751.55594191 183763.29744872
 199745.23856018 184089.11000345 187214.24368384 178569.93939288
 188457.33366063 184651.39262669 177451.74641716 175536.76865951
 177462.97554201 181848.41253191 187033.3707648  175009.51339917
 183747.56374797 188871.3702239  170184.24069737 182565.74628041
 169657.32143763 185244.01944603 186135.48156202 183451.94413491
 175633.23754888 185834.30489646 175482.14315002 188400.99315912
 175318.67054525 189498.67302349 184629.43192362 185920.99415355
 180070.37726763 185408.49507234 177365.42989971 178102.29714346
 184608.48302338 174161.20092204 178869.29142014 181811.99236268
 181543.75079652 178025.52764854 165835.98777906 181898.9494369
 178005.07213224 177888.74758337 187092.23048605 186664.49065357
 181554.4520442  180970.42996082 180996.8217705  173169.85376866
 180117.85500163 183077.20452076 177692.25972976 186865.10748508
 180074.24039789 181620.61679348 179696.62546243 171829.58390671
 188268.99303905 181412.30980651 178710.39421499 178067.68135254
 190193.12267265 170743.59249658 180295.09593487 182013.60569573
 188008.70737529 184586.71915835 181659.23646814 181048.40981412
 179441.64233122 177409.87615727 177604.68506441 173929.83475595
 194812.13957125 173025.96673765 179483.81030725 175284.93537851
 165083.02386357 187477.78287245 187852.31366354 183373.53191709
 197017.44898904 180412.05858025 182915.34204998 182352.5860151
 188016.71396943 189798.91965804 177345.35056315 188309.43157762]

Time
2.144733428955078
The result for the 11th execution is
Query Result
[179548.47876879922, 173692.8307689999, 181162.7211505001, 177537.91148940026, 182672.73217350012, 184050.43179989958, 192221.1742263999, 180161.0127170001, 184595.89418089992, 181886.43176260023, 177403.79400239963, 179485.97567020013, 197435.0393124005, 183850.48039949947, 186234.2655901006, 179933.7018455003, 189701.71062629984, 185778.58261840016, 177707.66206859963, 176223.97706790085, 176641.2527401004, 182960.04339840036, 188862.00150829973, 178515.2381655003, 181540.0469697997, 190997.6970017003, 171503.72613650037, 184034.5683685001, 176566.02306689988, 187458.05803490005, 188663.5340712994, 182608.22268719954, 177795.18865330002, 185309.0627528991, 175203.4685537003, 186429.80305989954, 177190.1644188998, 188963.8573485006, 188029.23378039995, 185375.24086110044, 183624.06691090038, 185324.20804499937, 177971.02309670014, 180421.90912949966, 187017.9379382004, 170931.81259019996, 180407.65511779953, 182866.2016724, 184290.51150879986, 181026.1546174995, 173382.3571484999, 179785.5541863005, 183905.21310760005, 175777.0736791994, 188578.39182040052, 183006.54526469955, 180534.26159659997, 181259.0015332001, 178345.25707520026, 170087.7865875006, 183008.2385305998, 181883.4357223998, 177271.99627190043, 185611.46819809964, 178356.81558230013, 182738.09946429962, 178043.8845748, 175680.19806329886, 187381.6287294003, 183743.34603529953, 182058.56508479943, 179409.84429689992, 188017.31704920036, 172824.55936440016, 181322.53435760044, 183990.2356191001, 188796.7299496997, 180366.0924417001, 181271.53253130006, 183010.63369200053, 182606.41761909993, 180970.11354800043, 173766.48001929963, 173505.49121750036, 194376.79710489968, 174048.59932100042, 182198.64795829944, 175378.8404447003, 166812.16193930016, 186312.68381350022, 187006.50278989965, 181211.94613949987, 197797.6367100006, 175284.44437850022, 182965.5447918999, 184280.6068097998, 188016.46477740043, 187823.94820229945, 181266.92740719998, 187760.43040810036]
Noised Result
[181464.84828331 175649.02843614 178948.8094666  177184.34513536
 180006.39136934 181861.1608969  191293.78218297 180764.48855602
 182528.30099097 180989.73771013 174628.79044244 181968.94999856
 199204.02204801 186088.48101249 186615.20947168 177740.13454615
 191601.44295256 186390.01054376 177692.19077391 173540.79994164
 172255.18695679 181388.0266451  188487.25389203 177682.5901879
 180833.67319694 191469.56298165 172658.27133693 183794.01504597
 178493.61825486 192750.61238652 190159.17284279 181509.49242204
 178246.87845248 185948.96164409 177631.83155517 188409.82222788
 174036.09374379 186305.64846211 190744.98098896 185559.62316441
 180177.23292406 188173.32630767 176486.13236844 177543.89152445
 190250.37455226 172192.09376694 180026.41973225 183066.95017277
 184928.85633456 184842.82771464 171361.86773589 180004.49493234
 184650.24462878 176404.55753217 189676.77648931 179346.83925947
 180700.72729445 181651.58130644 178229.50208474 171830.78139462
 180774.62356027 181006.07933812 177793.39031841 187976.75702975
 175541.66540953 181971.27420639 177071.38587563 173154.5378864
 187453.92479328 184019.87823513 182533.4722548  180434.44263617
 189713.59351285 176605.98881369 183776.32805822 184557.82822996
 188772.21729621 180674.95272265 181943.94813936 185810.07343596
 181775.77640376 181729.85713557 170436.34913224 167118.66187169
 194773.75574919 173220.31241346 182389.18540038 175583.38214402
 166377.38600786 185595.55656277 188483.59312055 182941.85049134
 199293.09009028 171602.49069063 181322.38470595 184799.66783736
 185219.4700791  183060.23338716 184229.51821629 187070.50829336]

Time
2.2142467498779297
The result for the 12th execution is
Query Result
[179548.47876879922, 173692.8307689999, 181162.7211505001, 177537.91148940026, 182672.73217350012, 184050.43179989958, 192221.1742263999, 180161.0127170001, 184595.89418089992, 181886.43176260023, 177403.79400239963, 179485.97567020013, 197435.0393124005, 183850.48039949947, 186234.2655901006, 179933.7018455003, 189701.71062629984, 185778.58261840016, 177707.66206859963, 176223.97706790085, 176641.2527401004, 182960.04339840036, 188862.00150829973, 178515.2381655003, 181540.0469697997, 190997.6970017003, 171503.72613650037, 184034.5683685001, 176566.02306689988, 187458.05803490005, 188663.5340712994, 182608.22268719954, 177795.18865330002, 185309.0627528991, 175203.4685537003, 186429.80305989954, 177190.1644188998, 188963.8573485006, 188029.23378039995, 185375.24086110044, 183624.06691090038, 185324.20804499937, 177971.02309670014, 180421.90912949966, 187017.9379382004, 170931.81259019996, 180407.65511779953, 182866.2016724, 184290.51150879986, 181026.1546174995, 173382.3571484999, 179785.5541863005, 183905.21310760005, 175777.0736791994, 188578.39182040052, 183006.54526469955, 180534.26159659997, 181259.0015332001, 178345.25707520026, 170087.7865875006, 183008.2385305998, 181883.4357223998, 177271.99627190043, 185611.46819809964, 178356.81558230013, 182738.09946429962, 178043.8845748, 175680.19806329886, 187381.6287294003, 183743.34603529953, 182058.56508479943, 179409.84429689992, 188017.31704920036, 172824.55936440016, 181322.53435760044, 183990.2356191001, 188796.7299496997, 180366.0924417001, 181271.53253130006, 183010.63369200053, 182606.41761909993, 180970.11354800043, 173766.48001929963, 173505.49121750036, 194376.79710489968, 174048.59932100042, 182198.64795829944, 175378.8404447003, 166812.16193930016, 186312.68381350022, 187006.50278989965, 181211.94613949987, 197797.6367100006, 175284.44437850022, 182965.5447918999, 184280.6068097998, 188016.46477740043, 187823.94820229945, 181266.92740719998, 187760.43040810036]
Noised Result
[181686.56185724 176845.27781318 182186.8415002  176176.91572122
 178852.97304859 186074.96417373 192547.62920824 178626.62851409
 183736.82368599 183396.02763065 179708.77459176 179828.24897168
 193389.14997946 181347.20644812 191570.37500929 180894.10401683
 188933.43887463 185807.88678772 174154.24517711 178253.88159507
 175366.32705225 185043.00363689 189261.82742089 174962.34880467
 182217.61659078 190602.67316181 170296.80267307 180766.47827081
 180608.448927   187786.13724238 189236.04646663 181522.44286048
 178659.09148983 184713.71047735 173356.0699852  179574.95408362
 176446.43302902 187384.2110521  188504.68352407 184652.0824274
 184904.05823909 183512.77995131 183284.54033002 183318.46746721
 188857.23079325 170023.2175551  181913.11404089 182309.33960856
 184380.2519964  179040.78180328 176882.53407988 179085.19149549
 185714.41177231 175205.31833441 190080.43350071 185414.22845181
 181439.40649528 177414.18712941 177694.7707939  169473.45609542
 181884.8575756  180015.20783049 176424.19400862 184496.89430964
 178745.07995504 181530.59180893 177332.35399577 173212.16049719
 192287.2590834  184573.75844104 181740.28100345 179549.99806055
 191989.15881552 175552.72553266 184951.84628946 181945.5488426
 190848.50255957 177217.71564708 180434.32569621 181085.68158892
 180772.44573164 176832.81525748 177445.29188498 176200.793467
 195012.09852992 173884.21483339 184527.63929727 170873.00202897
 166928.3316067  185511.31112086 185788.69057448 186935.63667871
 201014.11402999 173790.0841474  186817.51473573 185425.09579862
 184535.62643485 189110.20311155 182747.28813584 187858.62052714]

Time
2.1181411743164062
The result for the 13th execution is
Query Result
[179548.47876879922, 173692.8307689999, 181162.7211505001, 177537.91148940026, 182672.73217350012, 184050.43179989958, 192221.1742263999, 180161.0127170001, 184595.89418089992, 181886.43176260023, 177403.79400239963, 179485.97567020013, 197435.0393124005, 183850.48039949947, 186234.2655901006, 179933.7018455003, 189701.71062629984, 185778.58261840016, 177707.66206859963, 176223.97706790085, 176641.2527401004, 182960.04339840036, 188862.00150829973, 178515.2381655003, 181540.0469697997, 190997.6970017003, 171503.72613650037, 184034.5683685001, 176566.02306689988, 187458.05803490005, 188663.5340712994, 182608.22268719954, 177795.18865330002, 185309.0627528991, 175203.4685537003, 186429.80305989954, 177190.1644188998, 188963.8573485006, 188029.23378039995, 185375.24086110044, 183624.06691090038, 185324.20804499937, 177971.02309670014, 180421.90912949966, 187017.9379382004, 170931.81259019996, 180407.65511779953, 182866.2016724, 184290.51150879986, 181026.1546174995, 173382.3571484999, 179785.5541863005, 183905.21310760005, 175777.0736791994, 188578.39182040052, 183006.54526469955, 180534.26159659997, 181259.0015332001, 178345.25707520026, 170087.7865875006, 183008.2385305998, 181883.4357223998, 177271.99627190043, 185611.46819809964, 178356.81558230013, 182738.09946429962, 178043.8845748, 175680.19806329886, 187381.6287294003, 183743.34603529953, 182058.56508479943, 179409.84429689992, 188017.31704920036, 172824.55936440016, 181322.53435760044, 183990.2356191001, 188796.7299496997, 180366.0924417001, 181271.53253130006, 183010.63369200053, 182606.41761909993, 180970.11354800043, 173766.48001929963, 173505.49121750036, 194376.79710489968, 174048.59932100042, 182198.64795829944, 175378.8404447003, 166812.16193930016, 186312.68381350022, 187006.50278989965, 181211.94613949987, 197797.6367100006, 175284.44437850022, 182965.5447918999, 184280.6068097998, 188016.46477740043, 187823.94820229945, 181266.92740719998, 187760.43040810036]
Noised Result
[176152.4382878  177138.60871021 179279.22295373 177876.71580294
 181099.94171432 183784.44208718 194851.24380733 178983.89149949
 185489.6700781  183205.94626783 174190.93786924 174531.14234927
 195402.33057697 182389.28312819 186598.20742494 178495.22215796
 187953.25456368 185179.59337545 180550.56859649 177816.44595827
 176752.36277309 182214.51752904 190074.15403225 177325.4093557
 182063.50250307 189275.14961524 170946.88126706 182502.41805789
 179047.08096546 184797.98124792 187380.23567534 182653.43164473
 175159.73750647 189647.13795477 177739.69475711 185660.2335454
 177288.86483796 190511.96531968 189190.05439842 185827.10686607
 185992.09384158 189575.01093405 177756.8584382  179585.92147759
 186088.94839236 171864.49284869 179387.67676283 184573.56047619
 183489.24731052 179944.45369284 173676.04979733 177411.12385981
 177567.53819067 172939.31515643 189669.46692222 181497.49946225
 178401.1904822  182207.01704634 175655.39795091 171348.69251856
 185751.21965175 179705.18895072 176763.85347166 186323.55176541
 174012.76730908 185461.25080936 178568.57265079 175965.27230373
 189355.82099104 183923.72451569 184404.88273229 180686.24577452
 187577.52942393 169759.72374608 181800.21943692 186865.39143213
 189143.85378995 180828.29892757 179237.26719705 181027.31684253
 180775.25850637 182049.80990763 175107.28348872 171822.09874518
 190020.8882174  175107.07300717 185783.97677981 175583.03987688
 166613.97691735 188048.59116724 184491.26448248 180937.5603043
 200857.29192757 175412.16741035 183934.43126338 183991.62033562
 187371.98977034 188475.93359634 183974.45014803 186292.11772803]

Time
2.1791062355041504
The result for the 14th execution is
Query Result
[179548.47876879922, 173692.8307689999, 181162.7211505001, 177537.91148940026, 182672.73217350012, 184050.43179989958, 192221.1742263999, 180161.0127170001, 184595.89418089992, 181886.43176260023, 177403.79400239963, 179485.97567020013, 197435.0393124005, 183850.48039949947, 186234.2655901006, 179933.7018455003, 189701.71062629984, 185778.58261840016, 177707.66206859963, 176223.97706790085, 176641.2527401004, 182960.04339840036, 188862.00150829973, 178515.2381655003, 181540.0469697997, 190997.6970017003, 171503.72613650037, 184034.5683685001, 176566.02306689988, 187458.05803490005, 188663.5340712994, 182608.22268719954, 177795.18865330002, 185309.0627528991, 175203.4685537003, 186429.80305989954, 177190.1644188998, 188963.8573485006, 188029.23378039995, 185375.24086110044, 183624.06691090038, 185324.20804499937, 177971.02309670014, 180421.90912949966, 187017.9379382004, 170931.81259019996, 180407.65511779953, 182866.2016724, 184290.51150879986, 181026.1546174995, 173382.3571484999, 179785.5541863005, 183905.21310760005, 175777.0736791994, 188578.39182040052, 183006.54526469955, 180534.26159659997, 181259.0015332001, 178345.25707520026, 170087.7865875006, 183008.2385305998, 181883.4357223998, 177271.99627190043, 185611.46819809964, 178356.81558230013, 182738.09946429962, 178043.8845748, 175680.19806329886, 187381.6287294003, 183743.34603529953, 182058.56508479943, 179409.84429689992, 188017.31704920036, 172824.55936440016, 181322.53435760044, 183990.2356191001, 188796.7299496997, 180366.0924417001, 181271.53253130006, 183010.63369200053, 182606.41761909993, 180970.11354800043, 173766.48001929963, 173505.49121750036, 194376.79710489968, 174048.59932100042, 182198.64795829944, 175378.8404447003, 166812.16193930016, 186312.68381350022, 187006.50278989965, 181211.94613949987, 197797.6367100006, 175284.44437850022, 182965.5447918999, 184280.6068097998, 188016.46477740043, 187823.94820229945, 181266.92740719998, 187760.43040810036]
Noised Result
[180711.58176435 171290.91994659 178674.21113028 175348.48817765
 186959.7434168  188417.08822399 193585.44831995 182494.15473928
 183210.9202028  182597.17961397 181701.79045675 180397.56253053
 196242.52711936 182107.5774702  184451.51288624 181153.86693846
 186918.21046958 183469.07005962 178426.93038785 174922.74611205
 172681.27935767 182612.8845546  191365.59374305 173757.4474409
 181123.33843386 189900.86558525 172156.6605865  186984.40197717
 174810.86148118 191525.78862743 187801.58118353 182089.93612071
 179252.44288845 188024.98000022 174060.87548165 185818.61713326
 177599.03039603 187374.80848258 187480.99216603 184711.61371364
 184856.44368971 187913.17243299 176890.04894464 179480.41713431
 183504.24945772 173058.34543709 180111.84851315 183383.5427452
 187994.48164414 180895.08259991 172985.29332675 179524.69437446
 181025.83611842 168974.27572282 185687.23784956 178826.92624312
 180749.21662361 180717.91383166 173603.81240095 170364.90392084
 183820.64593946 182990.40146153 177436.05063071 187181.09866985
 179178.20194134 183276.91247623 179761.42085051 173336.97344927
 185600.34373757 182535.38531316 175100.41509339 180888.53637674
 190084.49445272 170280.79277359 178335.09792315 183233.88626213
 186004.75909587 183547.75669929 180982.36143571 187937.9624922
 180332.38356897 179513.13202963 173959.97214    173833.19462884
 193833.61907823 175388.80394342 182236.95357808 176012.54992592
 166060.16236495 186921.94118695 188102.04138684 179337.16538234
 199243.69909625 177940.80640233 181307.15629556 182949.91665398
 187567.35352644 186718.1013622  182170.43218816 183905.13048848]

Time
2.1680421829223633
The result for the 15th execution is
Query Result
[179548.47876879922, 173692.8307689999, 181162.7211505001, 177537.91148940026, 182672.73217350012, 184050.43179989958, 192221.1742263999, 180161.0127170001, 184595.89418089992, 181886.43176260023, 177403.79400239963, 179485.97567020013, 197435.0393124005, 183850.48039949947, 186234.2655901006, 179933.7018455003, 189701.71062629984, 185778.58261840016, 177707.66206859963, 176223.97706790085, 176641.2527401004, 182960.04339840036, 188862.00150829973, 178515.2381655003, 181540.0469697997, 190997.6970017003, 171503.72613650037, 184034.5683685001, 176566.02306689988, 187458.05803490005, 188663.5340712994, 182608.22268719954, 177795.18865330002, 185309.0627528991, 175203.4685537003, 186429.80305989954, 177190.1644188998, 188963.8573485006, 188029.23378039995, 185375.24086110044, 183624.06691090038, 185324.20804499937, 177971.02309670014, 180421.90912949966, 187017.9379382004, 170931.81259019996, 180407.65511779953, 182866.2016724, 184290.51150879986, 181026.1546174995, 173382.3571484999, 179785.5541863005, 183905.21310760005, 175777.0736791994, 188578.39182040052, 183006.54526469955, 180534.26159659997, 181259.0015332001, 178345.25707520026, 170087.7865875006, 183008.2385305998, 181883.4357223998, 177271.99627190043, 185611.46819809964, 178356.81558230013, 182738.09946429962, 178043.8845748, 175680.19806329886, 187381.6287294003, 183743.34603529953, 182058.56508479943, 179409.84429689992, 188017.31704920036, 172824.55936440016, 181322.53435760044, 183990.2356191001, 188796.7299496997, 180366.0924417001, 181271.53253130006, 183010.63369200053, 182606.41761909993, 180970.11354800043, 173766.48001929963, 173505.49121750036, 194376.79710489968, 174048.59932100042, 182198.64795829944, 175378.8404447003, 166812.16193930016, 186312.68381350022, 187006.50278989965, 181211.94613949987, 197797.6367100006, 175284.44437850022, 182965.5447918999, 184280.6068097998, 188016.46477740043, 187823.94820229945, 181266.92740719998, 187760.43040810036]
Noised Result
[175189.15753584 176262.11544082 181688.0861672  175903.33915552
 182697.80447148 182455.16147036 190686.1538272  180475.62006502
 183197.81482437 179618.35841504 177959.14627072 179549.15424109
 198456.09619192 184190.38903639 184405.56161083 178048.63006792
 186263.0130506  185510.97312956 177031.98933726 178071.30229903
 177531.77728105 178183.28443853 187880.908234   181657.06436173
 181617.27343149 191119.5599208  177326.2307757  185445.61136423
 173564.97435829 184322.36887528 187386.13264756 178945.31103749
 183236.18694247 187737.99860237 173212.19487207 184055.42606032
 181327.37636552 190394.43803193 186462.83990627 184968.77432982
 184780.87786562 184060.23834329 178936.69581893 179352.17802596
 188490.66036304 167880.50057705 182685.26298227 181565.26230347
 186734.134874   181433.06438713 171951.61391439 179229.11091276
 185320.72460108 174631.36687358 190854.46873375 180977.95322722
 183956.29859228 180326.76294245 178836.00021609 171468.26684255
 185023.21877087 185303.10093419 178259.58637378 186024.50498482
 178308.25063279 185339.85124554 179241.4513412  172678.37016016
 187481.54418832 186994.72087466 183089.45730011 181418.72160207
 187919.80087504 170836.61456546 177700.15427444 186399.75636688
 192275.69385861 181018.54153023 178942.36158412 183513.40939005
 185503.63166858 180067.12663149 176567.6274237  174175.64086748
 193495.93619268 172745.50734287 182103.65130445 174978.77718111
 163894.27178177 185901.80107313 185990.85093721 177903.28479444
 195717.71799227 169824.6947259  177998.16220649 185747.97371419
 187749.8600441  182723.36938447 178589.08765313 189551.36773287]

Time
2.3062543869018555
The result for the 16th execution is
Query Result
[179548.47876879922, 173692.8307689999, 181162.7211505001, 177537.91148940026, 182672.73217350012, 184050.43179989958, 192221.1742263999, 180161.0127170001, 184595.89418089992, 181886.43176260023, 177403.79400239963, 179485.97567020013, 197435.0393124005, 183850.48039949947, 186234.2655901006, 179933.7018455003, 189701.71062629984, 185778.58261840016, 177707.66206859963, 176223.97706790085, 176641.2527401004, 182960.04339840036, 188862.00150829973, 178515.2381655003, 181540.0469697997, 190997.6970017003, 171503.72613650037, 184034.5683685001, 176566.02306689988, 187458.05803490005, 188663.5340712994, 182608.22268719954, 177795.18865330002, 185309.0627528991, 175203.4685537003, 186429.80305989954, 177190.1644188998, 188963.8573485006, 188029.23378039995, 185375.24086110044, 183624.06691090038, 185324.20804499937, 177971.02309670014, 180421.90912949966, 187017.9379382004, 170931.81259019996, 180407.65511779953, 182866.2016724, 184290.51150879986, 181026.1546174995, 173382.3571484999, 179785.5541863005, 183905.21310760005, 175777.0736791994, 188578.39182040052, 183006.54526469955, 180534.26159659997, 181259.0015332001, 178345.25707520026, 170087.7865875006, 183008.2385305998, 181883.4357223998, 177271.99627190043, 185611.46819809964, 178356.81558230013, 182738.09946429962, 178043.8845748, 175680.19806329886, 187381.6287294003, 183743.34603529953, 182058.56508479943, 179409.84429689992, 188017.31704920036, 172824.55936440016, 181322.53435760044, 183990.2356191001, 188796.7299496997, 180366.0924417001, 181271.53253130006, 183010.63369200053, 182606.41761909993, 180970.11354800043, 173766.48001929963, 173505.49121750036, 194376.79710489968, 174048.59932100042, 182198.64795829944, 175378.8404447003, 166812.16193930016, 186312.68381350022, 187006.50278989965, 181211.94613949987, 197797.6367100006, 175284.44437850022, 182965.5447918999, 184280.6068097998, 188016.46477740043, 187823.94820229945, 181266.92740719998, 187760.43040810036]
Noised Result
[177136.90591161 172650.62453768 183394.63358517 181577.03734699
 181175.39225813 187706.69763015 190652.93222454 179080.842136
 187379.62879361 183109.79163055 172545.55954611 181207.02757278
 197133.59154146 183550.42250494 187586.39681177 178124.80093103
 188505.13633199 183717.41482608 176028.7047247  180568.00081908
 177967.49904743 184405.5032496  189137.20193241 177846.09810345
 183719.2338366  191772.48362569 170436.98811897 185159.78113304
 179209.07422535 184335.23693432 194021.32922103 183225.60744817
 177900.15366277 185167.0522154  171814.61933616 184739.94371952
 175405.31624776 188819.76470413 189188.94252858 184188.68572706
 182891.2810033  182516.00806079 177103.48634567 182861.57598367
 186494.83301801 173194.74767117 176932.47452154 181538.148667
 181747.08688285 181915.62681568 171869.68651291 180953.39633741
 184478.40142636 173746.40261449 190485.53498691 183684.66714261
 182003.90784614 178625.94642541 178995.88031322 167050.48665013
 185150.3787825  180919.32422865 177840.83809978 187047.54628777
 182956.5046553  184077.37877339 176056.24118332 172225.48215458
 187094.47333952 186449.5796489  180444.49961738 180087.3244828
 185630.78448873 171148.9694602  179064.57499006 179997.37413741
 189063.19658195 183806.20451598 182055.04577429 184864.00575296
 182560.32219233 178152.25992255 174128.25308641 172278.34753329
 195608.07597441 175404.60487936 183284.27318313 180123.52477328
 167773.64534579 190066.77360624 180933.05047073 181304.21469268
 197759.52277487 177615.86592649 182652.15840028 181140.28983193
 187393.86625262 191164.68866211 179879.69894413 189696.55556124]

Time
2.0175390243530273
The result for the 17th execution is
Query Result
[179548.47876879922, 173692.8307689999, 181162.7211505001, 177537.91148940026, 182672.73217350012, 184050.43179989958, 192221.1742263999, 180161.0127170001, 184595.89418089992, 181886.43176260023, 177403.79400239963, 179485.97567020013, 197435.0393124005, 183850.48039949947, 186234.2655901006, 179933.7018455003, 189701.71062629984, 185778.58261840016, 177707.66206859963, 176223.97706790085, 176641.2527401004, 182960.04339840036, 188862.00150829973, 178515.2381655003, 181540.0469697997, 190997.6970017003, 171503.72613650037, 184034.5683685001, 176566.02306689988, 187458.05803490005, 188663.5340712994, 182608.22268719954, 177795.18865330002, 185309.0627528991, 175203.4685537003, 186429.80305989954, 177190.1644188998, 188963.8573485006, 188029.23378039995, 185375.24086110044, 183624.06691090038, 185324.20804499937, 177971.02309670014, 180421.90912949966, 187017.9379382004, 170931.81259019996, 180407.65511779953, 182866.2016724, 184290.51150879986, 181026.1546174995, 173382.3571484999, 179785.5541863005, 183905.21310760005, 175777.0736791994, 188578.39182040052, 183006.54526469955, 180534.26159659997, 181259.0015332001, 178345.25707520026, 170087.7865875006, 183008.2385305998, 181883.4357223998, 177271.99627190043, 185611.46819809964, 178356.81558230013, 182738.09946429962, 178043.8845748, 175680.19806329886, 187381.6287294003, 183743.34603529953, 182058.56508479943, 179409.84429689992, 188017.31704920036, 172824.55936440016, 181322.53435760044, 183990.2356191001, 188796.7299496997, 180366.0924417001, 181271.53253130006, 183010.63369200053, 182606.41761909993, 180970.11354800043, 173766.48001929963, 173505.49121750036, 194376.79710489968, 174048.59932100042, 182198.64795829944, 175378.8404447003, 166812.16193930016, 186312.68381350022, 187006.50278989965, 181211.94613949987, 197797.6367100006, 175284.44437850022, 182965.5447918999, 184280.6068097998, 188016.46477740043, 187823.94820229945, 181266.92740719998, 187760.43040810036]
Noised Result
[183958.05837801 176291.76581696 183187.20977765 176297.05700985
 182021.38350652 186868.9654665  192275.23111377 177838.85958227
 185536.83973594 181796.78421983 177252.82457063 179427.97908865
 196848.45772269 181954.46886629 189445.93915719 181993.09586387
 194926.98445317 186235.84870177 179972.18113679 174167.82550067
 173414.55588035 182686.33422457 189078.06513615 181673.81348864
 178665.16667337 189396.32990876 173295.25957145 188659.09013402
 176953.05165739 189233.45259793 187457.58534132 182343.98675376
 178384.37526529 184431.02478731 174215.47748062 187993.3058682
 173409.93244676 188681.37570374 185045.45990146 182775.02062345
 185574.16503163 186517.09243895 175027.06468828 182034.81867865
 186458.62753072 169428.21644989 179675.57838914 179823.44054591
 188063.97601388 182831.58783888 171393.88018075 176764.42366688
 183752.54397737 177300.11393229 189622.10134153 183405.76576032
 179541.82344344 178688.04710231 182982.29360574 170279.18395611
 185217.77778226 181460.66508772 178504.17644679 184504.25878213
 178862.98511485 181517.73844819 175340.31258755 172356.04461527
 185165.17624841 183196.98684687 180734.53138217 176617.18417
 188912.14304225 168715.7743464  181735.18898115 183478.71084106
 189190.5680981  177965.69865335 184474.90659198 184957.90556157
 183429.30668515 181698.7377218  171665.27813178 176124.58722253
 194766.71030517 178831.22032753 185522.47543108 170262.73449791
 169642.59739852 184201.90953338 186545.09283584 183816.75105019
 196516.45961244 173567.33995859 186799.52208379 187298.54952364
 191162.04994754 187970.91385075 179783.14784755 189638.23401803]

Time
2.5314743518829346
The result for the 18th execution is
Query Result
[179548.47876879922, 173692.8307689999, 181162.7211505001, 177537.91148940026, 182672.73217350012, 184050.43179989958, 192221.1742263999, 180161.0127170001, 184595.89418089992, 181886.43176260023, 177403.79400239963, 179485.97567020013, 197435.0393124005, 183850.48039949947, 186234.2655901006, 179933.7018455003, 189701.71062629984, 185778.58261840016, 177707.66206859963, 176223.97706790085, 176641.2527401004, 182960.04339840036, 188862.00150829973, 178515.2381655003, 181540.0469697997, 190997.6970017003, 171503.72613650037, 184034.5683685001, 176566.02306689988, 187458.05803490005, 188663.5340712994, 182608.22268719954, 177795.18865330002, 185309.0627528991, 175203.4685537003, 186429.80305989954, 177190.1644188998, 188963.8573485006, 188029.23378039995, 185375.24086110044, 183624.06691090038, 185324.20804499937, 177971.02309670014, 180421.90912949966, 187017.9379382004, 170931.81259019996, 180407.65511779953, 182866.2016724, 184290.51150879986, 181026.1546174995, 173382.3571484999, 179785.5541863005, 183905.21310760005, 175777.0736791994, 188578.39182040052, 183006.54526469955, 180534.26159659997, 181259.0015332001, 178345.25707520026, 170087.7865875006, 183008.2385305998, 181883.4357223998, 177271.99627190043, 185611.46819809964, 178356.81558230013, 182738.09946429962, 178043.8845748, 175680.19806329886, 187381.6287294003, 183743.34603529953, 182058.56508479943, 179409.84429689992, 188017.31704920036, 172824.55936440016, 181322.53435760044, 183990.2356191001, 188796.7299496997, 180366.0924417001, 181271.53253130006, 183010.63369200053, 182606.41761909993, 180970.11354800043, 173766.48001929963, 173505.49121750036, 194376.79710489968, 174048.59932100042, 182198.64795829944, 175378.8404447003, 166812.16193930016, 186312.68381350022, 187006.50278989965, 181211.94613949987, 197797.6367100006, 175284.44437850022, 182965.5447918999, 184280.6068097998, 188016.46477740043, 187823.94820229945, 181266.92740719998, 187760.43040810036]
Noised Result
[181859.78351177 172938.51456411 181961.15847656 174763.50766596
 178980.69406114 183019.23109423 193404.65997422 180272.15614207
 184490.90886394 180752.59962763 175998.37317294 181605.03313624
 194620.83892804 180975.72434155 182315.60244207 179920.40707204
 188463.64438689 180700.83711289 176420.33606773 177965.14198765
 175279.70654447 184487.75072322 188927.80558829 180259.89864124
 179062.79833146 191209.932024   172196.70706716 183388.86927696
 179946.8446752  186691.9985819  185666.28176069 183276.73467783
 174648.39162526 180997.9001674  171032.53790379 183596.50932763
 173067.85867968 186112.21449384 188578.68027519 186739.24156051
 184738.13110976 182031.57888129 176926.71738331 181932.49379405
 187778.08664098 170780.28175804 180968.3169925  181600.2843336
 182408.78253597 179058.90282279 172864.69612911 178501.22209389
 182719.59988574 173708.70601068 190687.23410479 181956.49028825
 183185.82158156 181874.13689558 178511.51063009 171081.79611675
 185457.16577904 181220.81610666 177566.56365995 182892.63751707
 177567.0687545  181596.13302962 176400.83726304 175971.49616496
 184050.70116824 182210.55128758 182340.62225418 178668.2241405
 189107.45279515 175523.78540943 181394.11721682 184106.01701733
 186665.80469291 183995.79650819 183197.59180083 180226.33855691
 183137.58825628 177059.75253684 176758.56518143 174522.8370451
 193461.95213872 175274.6295592  181791.4654689  173528.766536
 167798.98571976 187584.5139212  186897.23648516 182249.62751402
 197089.33981786 174596.43668202 180701.02719958 183615.56670844
 187268.52235149 190338.20225468 180596.63279276 189112.15392493]

Time
2.02276873588562
The result for the 19th execution is
Query Result
[179548.47876879922, 173692.8307689999, 181162.7211505001, 177537.91148940026, 182672.73217350012, 184050.43179989958, 192221.1742263999, 180161.0127170001, 184595.89418089992, 181886.43176260023, 177403.79400239963, 179485.97567020013, 197435.0393124005, 183850.48039949947, 186234.2655901006, 179933.7018455003, 189701.71062629984, 185778.58261840016, 177707.66206859963, 176223.97706790085, 176641.2527401004, 182960.04339840036, 188862.00150829973, 178515.2381655003, 181540.0469697997, 190997.6970017003, 171503.72613650037, 184034.5683685001, 176566.02306689988, 187458.05803490005, 188663.5340712994, 182608.22268719954, 177795.18865330002, 185309.0627528991, 175203.4685537003, 186429.80305989954, 177190.1644188998, 188963.8573485006, 188029.23378039995, 185375.24086110044, 183624.06691090038, 185324.20804499937, 177971.02309670014, 180421.90912949966, 187017.9379382004, 170931.81259019996, 180407.65511779953, 182866.2016724, 184290.51150879986, 181026.1546174995, 173382.3571484999, 179785.5541863005, 183905.21310760005, 175777.0736791994, 188578.39182040052, 183006.54526469955, 180534.26159659997, 181259.0015332001, 178345.25707520026, 170087.7865875006, 183008.2385305998, 181883.4357223998, 177271.99627190043, 185611.46819809964, 178356.81558230013, 182738.09946429962, 178043.8845748, 175680.19806329886, 187381.6287294003, 183743.34603529953, 182058.56508479943, 179409.84429689992, 188017.31704920036, 172824.55936440016, 181322.53435760044, 183990.2356191001, 188796.7299496997, 180366.0924417001, 181271.53253130006, 183010.63369200053, 182606.41761909993, 180970.11354800043, 173766.48001929963, 173505.49121750036, 194376.79710489968, 174048.59932100042, 182198.64795829944, 175378.8404447003, 166812.16193930016, 186312.68381350022, 187006.50278989965, 181211.94613949987, 197797.6367100006, 175284.44437850022, 182965.5447918999, 184280.6068097998, 188016.46477740043, 187823.94820229945, 181266.92740719998, 187760.43040810036]
Noised Result
[181573.11445125 174438.10304933 181518.97277419 176902.1675224
 184421.03784156 186754.79664116 192445.87790191 177652.55148432
 181177.77179008 181555.62144721 178838.35723349 184806.07312717
 195352.73835914 183111.93550943 186181.44019433 178853.55386165
 190613.89842779 182229.11215066 178856.72522033 175746.36644097
 178549.46356943 186439.29632015 186915.22985105 180387.2807767
 179495.60019147 191397.14513871 169111.01303277 184535.27904541
 175470.3142758  187170.85326313 188179.79192103 182055.52863186
 173536.18619201 184846.41966726 179292.0605834  183866.65700993
 180457.95129407 187132.71256301 191740.21440901 185261.31835767
 185864.72613846 184070.45304142 177815.75965923 180311.46850076
 185198.32481151 167521.60414724 178862.60576367 182234.88364316
 183178.63251439 181144.37297195 177211.32467115 177060.82153405
 184356.19285748 170239.09998678 186212.59966418 185473.59176866
 177805.60789299 181872.11391582 175573.21319396 169508.93865089
 182351.12224825 185181.36958454 174434.51956674 183274.48293524
 180394.09446733 180351.65957909 178850.65640817 177591.54736459
 189769.24607426 181144.9851034  183397.39603209 178965.06074694
 190493.79476382 172797.7946664  181798.14255881 180154.86987276
 189347.04514383 181988.9227921  182936.48339678 183491.21242702
 183557.61276164 179301.88006419 173764.28472903 175095.29236368
 196934.87916709 174100.35626123 181692.47559821 176492.58099369
 164113.79920915 187303.22262275 188232.39405251 178870.63817899
 198132.95190382 174605.89358294 180789.69449999 183243.54884588
 190100.50131594 189644.3830464  177455.66360559 192511.29048783]

Time
2.0160629749298096
