The result for the 0th execution is
Query Result
[473836.0, 474741.0, 482537.0, 482122.0, 479741.0, 471599.0, 486650.0, 491349.0, 479400.0, 478185.0, 491743.0, 486041.0, 479799.0, 473611.0, 481443.0, 471755.0, 473749.0, 485920.0, 470632.0, 480090.0, 491799.0, 474909.0, 474036.0, 477213.0, 485096.0]
Noised Result
[473955.709857   474494.80382869 482676.87785722 482593.04928043
 481189.83812399 472307.32151501 486681.26781225 490081.40018189
 478968.23817107 478831.73973233 491826.25577475 486003.30051302
 479881.69809054 474722.86831491 481700.79352742 471019.9968434
 474117.45617999 485832.71512929 469422.19747014 481209.85923118
 491189.67768335 475351.95314596 474461.56655127 476698.34276696
 485556.95520888]

Time
16.18235754966736
The result for the 1th execution is
Query Result
[473836.0, 474741.0, 482537.0, 482122.0, 479741.0, 471599.0, 486650.0, 491349.0, 479400.0, 478185.0, 491743.0, 486041.0, 479799.0, 473611.0, 481443.0, 471755.0, 473749.0, 485920.0, 470632.0, 480090.0, 491799.0, 474909.0, 474036.0, 477213.0, 485096.0]
Noised Result
[474853.08967261 473926.70638895 483512.02982966 483031.72102711
 478892.2906811  472319.01122203 487453.4141872  491183.77239675
 479370.12571427 478049.70780705 492431.55290094 486549.86928444
 479976.67768071 472684.3623287  481892.08621111 471228.66150635
 473626.62270856 485680.31256714 470194.52688379 478987.02865172
 492021.42678028 475185.1015725  475085.51018501 477098.49182705
 484422.35679905]

Time
15.91037106513977
The result for the 2th execution is
Query Result
[473836.0, 474741.0, 482537.0, 482122.0, 479741.0, 471599.0, 486650.0, 491349.0, 479400.0, 478185.0, 491743.0, 486041.0, 479799.0, 473611.0, 481443.0, 471755.0, 473749.0, 485920.0, 470632.0, 480090.0, 491799.0, 474909.0, 474036.0, 477213.0, 485096.0]
Noised Result
[472273.42315249 474813.40397584 483802.54239948 480916.29685349
 479679.27188504 472112.72344798 486223.58976659 489932.23562549
 478696.7935263  478071.20927934 492023.68556745 486347.52973214
 479788.13060026 474536.31587642 480523.74896482 470496.49831505
 473145.82526321 486159.48184502 471246.76795095 481002.26544175
 491405.87643026 475393.67461353 474151.39269076 476119.04856535
 485495.35461859]

Time
15.955724716186523
The result for the 3th execution is
Query Result
[473836.0, 474741.0, 482537.0, 482122.0, 479741.0, 471599.0, 486650.0, 491349.0, 479400.0, 478185.0, 491743.0, 486041.0, 479799.0, 473611.0, 481443.0, 471755.0, 473749.0, 485920.0, 470632.0, 480090.0, 491799.0, 474909.0, 474036.0, 477213.0, 485096.0]
Noised Result
[474481.93665428 475102.14162787 483228.09778494 481756.95890475
 478484.55096935 473809.52926467 487346.38683088 490918.79649527
 478132.78273231 477740.1507551  492957.658929   486301.43611505
 479550.42380051 473061.5307763  481895.46518317 471953.92490678
 473703.51760475 486117.2863669  471388.59703137 479898.82062477
 492437.62186588 474687.24665732 473859.36925142 476723.81186569
 484953.53898772]

Time
15.878316164016724
The result for the 4th execution is
Query Result
[473836.0, 474741.0, 482537.0, 482122.0, 479741.0, 471599.0, 486650.0, 491349.0, 479400.0, 478185.0, 491743.0, 486041.0, 479799.0, 473611.0, 481443.0, 471755.0, 473749.0, 485920.0, 470632.0, 480090.0, 491799.0, 474909.0, 474036.0, 477213.0, 485096.0]
Noised Result
[472960.8373443  473752.69948078 483439.38693745 482582.13644799
 479909.94592796 471314.96271507 486483.17053904 490581.53287638
 479572.44554438 477932.08195434 492134.4990653  486361.4254791
 479992.45782915 472783.47787842 481784.62642764 472025.06116432
 473550.37747134 485622.74669461 470286.95726148 479662.01110346
 490630.27675993 475532.00126694 474159.55705946 476357.9370148
 485064.43342767]

Time
16.60415816307068
The result for the 5th execution is
Query Result
[473836.0, 474741.0, 482537.0, 482122.0, 479741.0, 471599.0, 486650.0, 491349.0, 479400.0, 478185.0, 491743.0, 486041.0, 479799.0, 473611.0, 481443.0, 471755.0, 473749.0, 485920.0, 470632.0, 480090.0, 491799.0, 474909.0, 474036.0, 477213.0, 485096.0]
Noised Result
[474932.47942746 475184.95920807 482212.96981884 482213.53911167
 479760.70884739 470991.62039699 487363.40655464 491030.98063257
 479557.85020863 478015.10394428 492046.57629245 487047.56639829
 479541.76823089 472820.65123713 481044.98487604 471188.258458
 473027.07895471 486012.50671984 471622.83352408 480174.71691427
 492036.60347995 473009.33609137 473173.30018756 476925.27299972
 485286.791509  ]

Time
16.236140251159668
The result for the 6th execution is
Query Result
[473836.0, 474741.0, 482537.0, 482122.0, 479741.0, 471599.0, 486650.0, 491349.0, 479400.0, 478185.0, 491743.0, 486041.0, 479799.0, 473611.0, 481443.0, 471755.0, 473749.0, 485920.0, 470632.0, 480090.0, 491799.0, 474909.0, 474036.0, 477213.0, 485096.0]
Noised Result
[473820.36002429 474450.58110665 481872.55067836 482094.05196873
 480808.15488259 470264.4055255  485798.62569815 491387.11044513
 479295.15735676 478829.37137719 490837.8938073  485818.08506051
 479965.85889027 473230.26301004 482064.44387419 471350.57205125
 472856.68148251 486448.76326974 470529.02602931 479926.63192333
 491618.33297218 474083.87491328 475353.42647156 477001.53067236
 484328.10711824]

Time
16.247745990753174
The result for the 7th execution is
Query Result
[473836.0, 474741.0, 482537.0, 482122.0, 479741.0, 471599.0, 486650.0, 491349.0, 479400.0, 478185.0, 491743.0, 486041.0, 479799.0, 473611.0, 481443.0, 471755.0, 473749.0, 485920.0, 470632.0, 480090.0, 491799.0, 474909.0, 474036.0, 477213.0, 485096.0]
Noised Result
[474304.9049793  474568.87450315 483127.25673265 480779.38770744
 478722.90248307 472998.55278885 487272.49342913 491212.98337975
 478925.26820029 478636.37231728 492656.8875483  486161.12165744
 480755.46068369 474757.41447136 482267.48502534 472491.02406324
 474084.49436145 485695.62005174 470800.91632271 480249.787063
 491866.32429874 475164.49717573 474833.09965644 476948.50315958
 485334.11787544]

Time
16.070966958999634
The result for the 8th execution is
Query Result
[473836.0, 474741.0, 482537.0, 482122.0, 479741.0, 471599.0, 486650.0, 491349.0, 479400.0, 478185.0, 491743.0, 486041.0, 479799.0, 473611.0, 481443.0, 471755.0, 473749.0, 485920.0, 470632.0, 480090.0, 491799.0, 474909.0, 474036.0, 477213.0, 485096.0]
Noised Result
[475035.57211785 474666.36907798 482562.49777406 482466.9277951
 480459.96073056 472017.42845921 486403.80973467 490978.14863705
 479894.73119758 479201.00688282 491302.60443941 486527.0273149
 480139.64806474 474001.16425106 480668.63262548 471203.87159853
 474122.21491684 485490.20914025 469400.8693015  481506.69961487
 491494.6246627  476120.99636425 474330.64616315 477312.52051541
 485061.34447799]

Time
15.920503854751587
The result for the 9th execution is
Query Result
[473836.0, 474741.0, 482537.0, 482122.0, 479741.0, 471599.0, 486650.0, 491349.0, 479400.0, 478185.0, 491743.0, 486041.0, 479799.0, 473611.0, 481443.0, 471755.0, 473749.0, 485920.0, 470632.0, 480090.0, 491799.0, 474909.0, 474036.0, 477213.0, 485096.0]
Noised Result
[474679.51638646 473816.55997761 482112.27582593 481378.79018524
 479536.68571607 471622.22490318 485360.12573134 492415.1544229
 479384.11873447 479145.48124756 491644.23514872 484647.72008147
 478959.39177381 474167.91691971 480957.45528516 472331.78388246
 474070.87351281 486051.45083244 471111.67129799 479843.90492456
 491614.32914155 475665.2889907  474202.95339244 477030.63166887
 486337.2129593 ]

Time
16.0895357131958
The result for the 10th execution is
Query Result
[473836.0, 474741.0, 482537.0, 482122.0, 479741.0, 471599.0, 486650.0, 491349.0, 479400.0, 478185.0, 491743.0, 486041.0, 479799.0, 473611.0, 481443.0, 471755.0, 473749.0, 485920.0, 470632.0, 480090.0, 491799.0, 474909.0, 474036.0, 477213.0, 485096.0]
Noised Result
[473121.58562979 474128.09317633 482824.83800997 480779.85547367
 479692.15050819 470963.22329393 487083.21966819 490776.87465032
 480482.97133281 478658.36295484 491354.99494987 484716.71468246
 480974.51044481 473394.83488181 481674.67183685 472701.04176269
 473449.97221013 486320.22882589 469734.20297528 480196.44384509
 491571.85104106 475606.78151314 473260.17857658 477076.04643959
 485129.61099779]

Time
17.336879014968872
The result for the 11th execution is
Query Result
[473836.0, 474741.0, 482537.0, 482122.0, 479741.0, 471599.0, 486650.0, 491349.0, 479400.0, 478185.0, 491743.0, 486041.0, 479799.0, 473611.0, 481443.0, 471755.0, 473749.0, 485920.0, 470632.0, 480090.0, 491799.0, 474909.0, 474036.0, 477213.0, 485096.0]
Noised Result
[473300.08005409 474764.48664253 482121.56381856 482309.49753681
 479178.54895679 472658.09256925 486833.54325464 491162.95454392
 479941.5453559  478612.75241532 492297.31037323 486882.37364882
 479462.4903789  473944.23024261 480499.9486148  472048.51527702
 472718.17783855 485869.44315939 470592.84416381 480826.84286162
 491855.2511692  475052.66817993 474372.70006158 477817.49655381
 485056.95467768]

Time
16.116235733032227
The result for the 12th execution is
Query Result
[473836.0, 474741.0, 482537.0, 482122.0, 479741.0, 471599.0, 486650.0, 491349.0, 479400.0, 478185.0, 491743.0, 486041.0, 479799.0, 473611.0, 481443.0, 471755.0, 473749.0, 485920.0, 470632.0, 480090.0, 491799.0, 474909.0, 474036.0, 477213.0, 485096.0]
Noised Result
[474685.70398121 474385.86233788 482717.02086759 481108.88610086
 478443.67554407 471235.86464069 486194.92645821 491183.87734432
 479775.45958074 477991.41962053 491517.47791328 486435.30979118
 479173.13171048 473700.97711025 481869.41015386 471316.09173167
 473014.74543024 485027.84232606 471169.80012395 481009.65889809
 491044.99166143 475301.43036229 472987.21932723 476806.69502685
 485401.11416673]

Time
16.152063846588135
The result for the 13th execution is
Query Result
[473836.0, 474741.0, 482537.0, 482122.0, 479741.0, 471599.0, 486650.0, 491349.0, 479400.0, 478185.0, 491743.0, 486041.0, 479799.0, 473611.0, 481443.0, 471755.0, 473749.0, 485920.0, 470632.0, 480090.0, 491799.0, 474909.0, 474036.0, 477213.0, 485096.0]
Noised Result
[473467.8216427  475698.76708818 481879.15837383 483746.45095915
 479408.22790705 470923.47687118 485874.17812747 491544.85767887
 479328.60131118 478177.75755003 491775.87930572 485603.46531794
 480443.96563036 473474.91018111 481879.08801201 472688.87682092
 473404.02846539 486086.68383151 470864.52384407 480623.95909385
 491449.81357474 474096.08031795 474334.22072479 476493.98263123
 484925.19606572]

Time
16.453868627548218
The result for the 14th execution is
Query Result
[473836.0, 474741.0, 482537.0, 482122.0, 479741.0, 471599.0, 486650.0, 491349.0, 479400.0, 478185.0, 491743.0, 486041.0, 479799.0, 473611.0, 481443.0, 471755.0, 473749.0, 485920.0, 470632.0, 480090.0, 491799.0, 474909.0, 474036.0, 477213.0, 485096.0]
Noised Result
[473775.66835156 474338.47212157 482558.44919267 481615.17537266
 479607.96560885 472409.00496526 487515.22911713 491374.41772338
 478972.2214886  477101.95475422 492166.48476308 485667.83329325
 478218.5345607  473003.11765318 481343.77622477 471642.06065366
 474717.47130479 486808.68133288 470307.09547232 480017.89428925
 492306.54488113 476410.8675141  474863.69547777 477529.30778997
 486092.73188785]

Time
16.276841640472412
The result for the 15th execution is
Query Result
[473836.0, 474741.0, 482537.0, 482122.0, 479741.0, 471599.0, 486650.0, 491349.0, 479400.0, 478185.0, 491743.0, 486041.0, 479799.0, 473611.0, 481443.0, 471755.0, 473749.0, 485920.0, 470632.0, 480090.0, 491799.0, 474909.0, 474036.0, 477213.0, 485096.0]
Noised Result
[474129.98057561 474504.86292667 481125.31569552 482226.83388718
 480162.5663696  471121.36042036 487291.88891179 491009.60465097
 479497.34273853 478328.18506922 490112.55192521 486995.67221163
 480204.88012389 474267.76779686 481864.93402294 473015.01427767
 474186.42033143 487032.62231757 471257.28485925 478778.64211236
 491004.94017186 474062.00268946 474061.21186939 476947.59551804
 484618.74553144]

Time
16.096346378326416
The result for the 16th execution is
Query Result
[473836.0, 474741.0, 482537.0, 482122.0, 479741.0, 471599.0, 486650.0, 491349.0, 479400.0, 478185.0, 491743.0, 486041.0, 479799.0, 473611.0, 481443.0, 471755.0, 473749.0, 485920.0, 470632.0, 480090.0, 491799.0, 474909.0, 474036.0, 477213.0, 485096.0]
Noised Result
[473613.89670396 474980.2499408  483765.00725716 482599.54336829
 480231.04443287 471315.47559239 486796.62183801 492103.86530061
 478838.75557544 479494.93698447 490883.44197155 486811.70154227
 480760.78251571 473560.22405638 480543.40728003 472009.87946221
 473411.74124373 485707.56295089 469820.38932325 479511.81621901
 491685.4518437  474867.56008483 474305.55745471 477010.53646034
 484029.57375076]

Time
16.29238486289978
The result for the 17th execution is
Query Result
[473836.0, 474741.0, 482537.0, 482122.0, 479741.0, 471599.0, 486650.0, 491349.0, 479400.0, 478185.0, 491743.0, 486041.0, 479799.0, 473611.0, 481443.0, 471755.0, 473749.0, 485920.0, 470632.0, 480090.0, 491799.0, 474909.0, 474036.0, 477213.0, 485096.0]
Noised Result
[473939.27708813 474647.7614859  483390.14318982 481939.70456147
 480198.26515684 472354.61341254 487471.95040227 491000.53182174
 479216.34283939 478307.15935022 492496.91297696 486326.91272147
 479665.09532061 472268.26359305 481228.7219741  471515.73241991
 473364.26149913 486438.30143592 470604.47939757 481035.52873529
 492229.56008287 474929.91752299 472505.57917709 476013.49311078
 484751.70226885]

Time
16.032435178756714
The result for the 18th execution is
Query Result
[473836.0, 474741.0, 482537.0, 482122.0, 479741.0, 471599.0, 486650.0, 491349.0, 479400.0, 478185.0, 491743.0, 486041.0, 479799.0, 473611.0, 481443.0, 471755.0, 473749.0, 485920.0, 470632.0, 480090.0, 491799.0, 474909.0, 474036.0, 477213.0, 485096.0]
Noised Result
[473255.03382111 474840.22557333 482577.87973229 482104.3617691
 478973.88224409 471657.03153817 487295.88945462 491450.85146497
 479017.50391014 478520.88888989 492160.92514389 485213.72104891
 481629.97646949 474508.02222318 480573.81554925 471539.29541548
 473506.18693899 485471.53935873 470361.05605961 479121.48269165
 491625.97723397 474670.03779274 472920.19537548 476401.02349628
 486073.17920295]

Time
16.317878246307373
The result for the 19th execution is
Query Result
[473836.0, 474741.0, 482537.0, 482122.0, 479741.0, 471599.0, 486650.0, 491349.0, 479400.0, 478185.0, 491743.0, 486041.0, 479799.0, 473611.0, 481443.0, 471755.0, 473749.0, 485920.0, 470632.0, 480090.0, 491799.0, 474909.0, 474036.0, 477213.0, 485096.0]
Noised Result
[473357.26696434 475055.55866718 483183.47644509 480602.34401159
 479172.9014465  472073.83723185 486854.35826868 491130.61843999
 479938.64990215 478383.30829531 491772.87455221 485614.81457951
 479521.1286143  473190.5413936  481330.587992   473684.90324735
 473580.79543832 485809.14870914 470722.65789285 479893.87718002
 491920.92128383 475183.83030283 475070.00143305 477349.27510341
 484300.2552727 ]

Time
16.058355808258057
