The result for the 0th execution is
Time
2.6524271965026855
Query Result
[331. 355. 407. 396. 395. 393. 369. 382. 393. 424. 370. 391. 443. 377.
 412. 361. 351. 375. 378. 362. 373. 357. 428. 426. 370. 431. 401. 376.
 407. 388. 406. 390. 432. 439. 356. 396. 340. 368. 379. 418. 390. 360.
 345. 404. 371. 392. 378. 337. 430. 382.]
Noised Result
[ 596.94635534  -47.56379522 -947.96694513  478.02610821 1223.98612962
  230.64318336  114.38569495 1666.12160509 1176.93506633  416.77120423
  968.45124323 1941.67020893   93.56634874  -43.9215027   168.53672943
  729.27075874 -110.5673342  -865.24502822  904.98529888  581.52935086
  560.38193503  173.07939826  214.16532379  668.04130088 -613.03622409
    6.24852626  549.5977728  1747.46892455  185.06103477  699.22310896
  332.89935832  112.05051412 -514.64419854 1081.44008945 -819.99188069
 1865.68266811 1099.87870863 1374.58774855  -82.85405972  819.11382334
  927.13247092  485.70755762 -495.93054382  915.69353524   34.45809159
   55.50483129  624.7865702   518.14824024  302.19661774 -749.28809434]

The result for the 1th execution is
Time
2.6271042823791504
Query Result
[331. 355. 407. 396. 395. 393. 369. 382. 393. 424. 370. 391. 443. 377.
 412. 361. 351. 375. 378. 362. 373. 357. 428. 426. 370. 431. 401. 376.
 407. 388. 406. 390. 432. 439. 356. 396. 340. 368. 379. 418. 390. 360.
 345. 404. 371. 392. 378. 337. 430. 382.]
Noised Result
[ -375.41468372  -668.28217234  1029.53894825  1826.21568281
   243.29451605 -1303.34490588   292.40388341  -990.71718961
  1081.21179366 -1127.6720488     99.36413447  1127.71515536
   365.47919791  -394.27749659   -66.38607972 -1302.82631277
  -768.20659461    30.5439073   -874.08280543 -1883.90446008
   424.7467227    764.90157434   558.16466982  -252.70402509
   686.75812438   411.76188227   -30.49600473  1211.73905241
   449.44061937    50.47071731   562.52405704   954.43868907
   948.46847559  1480.82930074    65.39041384  -419.70478688
  -213.40616311   185.85186105   216.61165698   946.85441178
   217.80658975  -177.01288538  1448.49391352   633.76184038
  -477.95430675   472.79323249  1248.15218074 -1509.85732959
   751.11058074  -308.44865112]

The result for the 2th execution is
Time
1.5465173721313477
Query Result
[331. 355. 407. 396. 395. 393. 369. 382. 393. 424. 370. 391. 443. 377.
 412. 361. 351. 375. 378. 362. 373. 357. 428. 426. 370. 431. 401. 376.
 407. 388. 406. 390. 432. 439. 356. 396. 340. 368. 379. 418. 390. 360.
 345. 404. 371. 392. 378. 337. 430. 382.]
Noised Result
[ 984.11663801  394.98782275  583.86047001 -171.18700914  559.00009276
  491.07599789  519.16175565 1693.31860719  721.88567136  674.4227359
  443.18676434  -94.73684735  967.95335398 1206.17932517  159.31028594
 -240.38775211 -336.00372463  144.80736524  508.35139436 -385.31443783
 -868.3262438  1182.79630693 1437.88802233 -608.99511265  129.35105571
 1066.88239078  716.11900126 -657.70346602 -986.41450155  807.26442619
  682.86781669  381.14180511  397.91579454 1127.72996583 -240.2953525
 -614.58467941 1180.18014611 -136.64786139  194.8941001  1057.45775708
  581.18057797  300.44482308  973.29863864  337.68067771  874.627055
  789.15841077 1141.93665358 2229.50192527  635.69502038 1158.66969996]

The result for the 3th execution is
Time
2.613163709640503
Query Result
[331. 355. 407. 396. 395. 393. 369. 382. 393. 424. 370. 391. 443. 377.
 412. 361. 351. 375. 378. 362. 373. 357. 428. 426. 370. 431. 401. 376.
 407. 388. 406. 390. 432. 439. 356. 396. 340. 368. 379. 418. 390. 360.
 345. 404. 371. 392. 378. 337. 430. 382.]
Noised Result
[ 339.63709679  614.9938171    64.1591953   -14.93251261  572.32645513
  131.71097004 -771.93603115  802.11942959  592.38157498  335.24887789
 -564.84104725  706.23251686 1088.75679373   60.43599903  720.20893471
  765.65194726  853.65483568  617.44372344  764.80934165  220.87979257
  808.12216409  604.98692058 -488.67548209  266.51939339  355.24940797
 -401.65601313 2046.38270177 1766.54607013  231.35518978  463.42503733
  182.96516495 -584.27918397 1310.27104406  233.36329837 1326.29341014
 -332.63245189 1113.66741536  570.28440974 -136.96565799 1078.87898022
 -795.93478466  -57.93719654  499.8530972  -630.23898205  201.34243986
  471.49105853  592.96619043  604.65920307 -162.13447938 -173.593127  ]

The result for the 4th execution is
Time
2.716613292694092
Query Result
[331. 355. 407. 396. 395. 393. 369. 382. 393. 424. 370. 391. 443. 377.
 412. 361. 351. 375. 378. 362. 373. 357. 428. 426. 370. 431. 401. 376.
 407. 388. 406. 390. 432. 439. 356. 396. 340. 368. 379. 418. 390. 360.
 345. 404. 371. 392. 378. 337. 430. 382.]
Noised Result
[ 1543.94892485   683.63565246   690.30700337 -1556.66316314
   232.74563464  1280.55437998    10.7479239    290.90938605
  -976.29941149    -6.44761712   547.95962357   150.03085671
  -297.4649905     79.7831765    306.06744208   204.42204002
  -337.58793865   907.48470776   942.42516083   -66.15907759
   229.12490294   388.0148108    -99.53799544   666.7684625
  1232.91479292   974.2999643    599.46510535  1107.91296063
   463.84439864   295.03184602   623.45988905   168.8355743
  -871.28355359   505.81518023   388.65482932  -159.49616623
  1088.62767839   697.08008014   568.7650439    -42.30709616
  -544.33636366   436.7178546   1014.2349832    262.43828531
   164.50040887  1734.36501473  1342.10220325   412.80595902
    47.38131264   366.43587388]

The result for the 5th execution is
Time
2.7276785373687744
Query Result
[331. 355. 407. 396. 395. 393. 369. 382. 393. 424. 370. 391. 443. 377.
 412. 361. 351. 375. 378. 362. 373. 357. 428. 426. 370. 431. 401. 376.
 407. 388. 406. 390. 432. 439. 356. 396. 340. 368. 379. 418. 390. 360.
 345. 404. 371. 392. 378. 337. 430. 382.]
Noised Result
[ -421.40461492   475.03221041   465.60311582  1346.70791912
  -205.09532951  1570.46516672  -328.41354013  -219.8356474
   982.38060352 -1095.52723624   577.67223613   314.38886653
 -1058.26117127 -2057.6149773   -159.71075858    10.80579923
   319.06273373  -740.59759605  -708.12504783   232.52271323
  -267.08702634  -356.81728545   234.32433579  -107.5172298
   287.13260386 -1816.08417935  -579.4320136    -98.65947717
   673.97617081   831.97958446   510.00191462  1040.66751563
   677.64672272  1078.46523314   171.235651     402.03731937
  -610.82166732   422.61345118   -12.52731441   850.25872551
  2166.70528496  2277.62516724  2039.08219958  1084.31464705
   460.32638879   427.1525666   -492.82127045   964.62970541
  1987.46309897  2707.61796096]

The result for the 6th execution is
Time
2.6658222675323486
Query Result
[331. 355. 407. 396. 395. 393. 369. 382. 393. 424. 370. 391. 443. 377.
 412. 361. 351. 375. 378. 362. 373. 357. 428. 426. 370. 431. 401. 376.
 407. 388. 406. 390. 432. 439. 356. 396. 340. 368. 379. 418. 390. 360.
 345. 404. 371. 392. 378. 337. 430. 382.]
Noised Result
[ -207.79075893  1082.22704768  2314.8615339   2374.3965621
    88.42183472  -378.38945975   969.84830497  -410.58819562
  1354.66481497 -2116.73239723 -1483.66817604   244.38456509
  -329.116711   -1139.6000205   1238.1837298   -223.85510827
  1198.13381333   179.89110418  -322.78575392   722.75116142
  1644.3558678    740.8061473    426.92723167  -493.77571472
   910.95837411  1045.72300187  1091.15570294   281.35136977
  -506.29920632  2026.17992387  1109.34938098  -607.59245839
 -1213.52657411  1863.03008206   573.29133746   562.7485062
   365.60126832   822.58568843  1195.59986661  1131.751099
  1711.70092315   355.41218544   477.32100668  3272.20823901
  -428.57354437   903.46172498  1987.00475598  -255.60053622
  2335.60511181  2275.71289252]

The result for the 7th execution is
Time
2.633113145828247
Query Result
[331. 355. 407. 396. 395. 393. 369. 382. 393. 424. 370. 391. 443. 377.
 412. 361. 351. 375. 378. 362. 373. 357. 428. 426. 370. 431. 401. 376.
 407. 388. 406. 390. 432. 439. 356. 396. 340. 368. 379. 418. 390. 360.
 345. 404. 371. 392. 378. 337. 430. 382.]
Noised Result
[ 1496.32115115  -715.89391714   467.39725381  -208.54550197
  1516.37871376  1587.06611562  1196.74464925   -56.66195977
   718.56651477  1959.60013413   636.58749843    15.61389091
  -644.84706949  2550.94907913  1341.80999138   665.70122417
 -1995.29177168  -245.4728062    403.44366797   602.61583193
  1435.0297169   2832.03712463   519.71240449  1560.27962459
 -1605.16128531   596.531381     -46.38287171  1192.60871826
   685.29181791   241.14225228   377.37375191   627.49033258
    -6.76310938  1076.35991158  -458.75914481  1124.45295947
 -1404.45449289  -254.38915312  1156.31582536 -2559.42224287
  1216.93846338  -738.61723295   406.30048259   833.26350002
  1242.97652035  1468.51240149   136.39039879   753.71340381
  -602.80298053    62.73458182]

The result for the 8th execution is
Time
2.5629780292510986
Query Result
[331. 355. 407. 396. 395. 393. 369. 382. 393. 424. 370. 391. 443. 377.
 412. 361. 351. 375. 378. 362. 373. 357. 428. 426. 370. 431. 401. 376.
 407. 388. 406. 390. 432. 439. 356. 396. 340. 368. 379. 418. 390. 360.
 345. 404. 371. 392. 378. 337. 430. 382.]
Noised Result
[ -238.79788498    43.96929197   648.08369864    85.59505554
  -361.55790769  1350.31423169   832.19588499  1218.22458374
   112.89699185   752.09336946  -699.89723083  -835.80052273
  -212.79292618  -435.60006846   756.55336453   292.31254468
     8.38402883  -520.90863535   999.1002775   1035.49033315
     1.91749413   419.28972708  -203.88488511  1019.91469632
   260.57696342  1215.16666324  -243.82984718   696.29006681
   669.3436412   1363.34270053   146.64199126   763.31683293
  -800.92396343   223.53921146   240.68780364   283.07013854
   -84.24790302  1090.32881321  1454.72429101  -136.60028074
   422.63334896  1640.9265307     -2.83200514   616.35563474
 -1123.11210722   518.06284841  1692.40294412  -870.61008295
  -222.17404021  1203.75804896]

The result for the 9th execution is
Time
1.5386362075805664
Query Result
[331. 355. 407. 396. 395. 393. 369. 382. 393. 424. 370. 391. 443. 377.
 412. 361. 351. 375. 378. 362. 373. 357. 428. 426. 370. 431. 401. 376.
 407. 388. 406. 390. 432. 439. 356. 396. 340. 368. 379. 418. 390. 360.
 345. 404. 371. 392. 378. 337. 430. 382.]
Noised Result
[ 1204.22863896   306.871922    1297.70470595   220.70677813
  -440.75230996  -526.9595499    191.92542281  -460.50211707
  1021.83630751   221.40489692   -13.05963607  1863.84973184
   474.90784365  1229.13106887   -92.38091099   691.62539615
   127.27775869   110.63616102   187.92620527   -58.05895307
 -2121.07644991   847.71598009  1196.92724608   777.38287148
  -328.84538503   547.75455085  1222.65765692  1447.27886123
   698.65539985   472.43523238   -38.57093671   357.34655146
   611.21700823   -28.592679     324.7370482   1245.41245438
   -52.44886665   757.8705634    625.6468744    187.58110034
  2028.24169745   572.87037757    -2.2911073    164.83853567
  -162.48050149  1028.49006073   787.09566735  1017.81656179
  1800.42338354   329.75708648]

The result for the 10th execution is
Time
2.4907150268554688
Query Result
[331. 355. 407. 396. 395. 393. 369. 382. 393. 424. 370. 391. 443. 377.
 412. 361. 351. 375. 378. 362. 373. 357. 428. 426. 370. 431. 401. 376.
 407. 388. 406. 390. 432. 439. 356. 396. 340. 368. 379. 418. 390. 360.
 345. 404. 371. 392. 378. 337. 430. 382.]
Noised Result
[-227.15398309 -212.7732004  1376.12200459 1019.31662553 -242.53966131
  377.82972544 -564.12365425  877.11148052  683.18890185  171.25092009
  753.63566959 -504.12646088  563.33388055 1537.83583574 -202.50295095
  370.33312446 -956.16880548  179.43939485 1772.74793705  299.20358318
  949.40935883  -55.13611133 -384.22222862  300.57735539  993.59246851
  439.29808524 1411.31932558   91.71807258  911.96842044  136.33294059
 -559.48244739  497.83835913 1454.73553673 1757.19709099 -251.15908487
 1809.5673635  -586.80516912  793.00250459  379.89908926  912.05600444
  223.53719123  109.27425627  212.202503   1181.95112586  -97.9985668
 1219.86903654 -607.80719689 1097.9709922   986.8856679   438.43908207]

The result for the 11th execution is
Time
1.5175271034240723
Query Result
[331. 355. 407. 396. 395. 393. 369. 382. 393. 424. 370. 391. 443. 377.
 412. 361. 351. 375. 378. 362. 373. 357. 428. 426. 370. 431. 401. 376.
 407. 388. 406. 390. 432. 439. 356. 396. 340. 368. 379. 418. 390. 360.
 345. 404. 371. 392. 378. 337. 430. 382.]
Noised Result
[-6.70770114e+01  2.19293287e+03  2.88260165e+03  1.80344814e+03
 -1.31252747e+03 -2.78611924e+03  3.02603363e+02 -3.38159239e+02
  1.05264024e+03  1.09054985e+03 -2.03303569e+01  7.82699835e+02
 -1.48935229e+03  1.20699890e+03 -1.92712280e+02  1.75140403e+03
  1.16021782e+02 -1.80711313e+02  1.63735064e+03 -4.38088872e+02
 -7.38641969e+02 -1.23134550e+00  1.74742386e+03  4.38650863e+02
  1.61809127e+03  5.91561866e+02 -8.60850856e+01  1.06266072e+03
  6.48217847e+02  4.12760296e+02 -1.79355204e+02 -4.19182248e+02
 -6.62575287e+02  1.66937037e+02  4.95919004e+02 -1.46809734e+03
  1.90629678e+01  1.11215594e+03  2.56983853e+02  2.74586601e+03
  7.98064124e+01  7.47349163e+02  7.24980331e+01  6.86035032e+02
 -1.60794559e+01  1.73311862e+03  5.04139854e+02  1.39011537e+03
  3.51517983e+03 -2.62066866e+03]

The result for the 12th execution is
Time
1.5369207859039307
Query Result
[331. 355. 407. 396. 395. 393. 369. 382. 393. 424. 370. 391. 443. 377.
 412. 361. 351. 375. 378. 362. 373. 357. 428. 426. 370. 431. 401. 376.
 407. 388. 406. 390. 432. 439. 356. 396. 340. 368. 379. 418. 390. 360.
 345. 404. 371. 392. 378. 337. 430. 382.]
Noised Result
[ 1087.78487715  1155.99433559  1237.60155491  -567.72924529
  -972.20781263  2019.10115544 -1211.82834446   -16.73480538
  -374.65655635   110.47114184  1020.60087961  1114.08827877
   263.06927388  -639.85225374   466.32882781  1371.67007286
   336.43578353  -915.90121852  -747.39723912  1124.8856756
    54.68774967  1743.15917283    50.50407722   832.20857494
   311.53618423  1383.39195921  -256.7442918  -1059.20001293
  -821.40560802  2061.45157825   359.02083683  -181.47434952
   612.35222272   873.89102569   245.34446871   817.25602146
   718.44549204  -284.89355711   636.15722266  1952.46614133
  -421.47195837  1557.45343631   915.1729685    340.56524707
  1542.8806476    900.73218822    36.2091961  -3220.92820368
   417.07174602  1246.37713941]

The result for the 13th execution is
Time
2.601897954940796
Query Result
[331. 355. 407. 396. 395. 393. 369. 382. 393. 424. 370. 391. 443. 377.
 412. 361. 351. 375. 378. 362. 373. 357. 428. 426. 370. 431. 401. 376.
 407. 388. 406. 390. 432. 439. 356. 396. 340. 368. 379. 418. 390. 360.
 345. 404. 371. 392. 378. 337. 430. 382.]
Noised Result
[ -132.85470851   102.76316924  1338.11500428  1283.69841028
  1024.63210939    10.74030508  -140.20375033   722.56005463
   793.99710592   479.66681463   182.28668431   661.13682817
   763.5888551    681.77529254   195.22253879   345.18561145
  -257.20633542  -312.22007051   538.48842071   -22.28056216
  -343.86606285  -367.07101561 -1920.83552031   754.59065148
   792.65504571   544.4103456    692.0795073    625.89027268
  1418.23136279  1534.14716351  1570.30718485  -141.91095999
   336.99094355   630.73352453   374.35051122  1050.12807893
   167.42912113   519.50508814  -917.1342167    854.87576393
   718.44159581  1224.08733045  -316.10267116   106.72097334
   432.5169716    325.18629179  -242.75803935  1939.19747721
  -491.73182433  1439.14726572]

The result for the 14th execution is
Time
2.7130253314971924
Query Result
[331. 355. 407. 396. 395. 393. 369. 382. 393. 424. 370. 391. 443. 377.
 412. 361. 351. 375. 378. 362. 373. 357. 428. 426. 370. 431. 401. 376.
 407. 388. 406. 390. 432. 439. 356. 396. 340. 368. 379. 418. 390. 360.
 345. 404. 371. 392. 378. 337. 430. 382.]
Noised Result
[  109.74540688   902.02866231   431.78854295  -776.84943701
  1376.60810921  -629.83602131    44.52936203   298.5359746
  -347.97062805   572.85165881 -1029.20374462  -315.89780461
   803.08354838  -368.56590815   729.53949204  -694.29660153
  -339.29027692  -818.14671379  1074.83555092  1588.66748488
  -204.47049617  -225.37880103  -652.59716436  2032.94625669
  -269.70572883  -447.15830844   754.4623374   -382.71508597
  -569.66323443  1815.71148397   203.38311585   177.16689584
  -669.46669766   463.80949713   524.84998215  1733.54638317
  -150.01073175   256.65792158   391.31639155    69.81676074
   622.62099665   -16.29745381  -235.63329607   937.63525053
  1326.29226865   893.04198571  -243.51382537  -141.32478481
  -985.65946106  1679.722528  ]

The result for the 15th execution is
Time
2.654073715209961
Query Result
[331. 355. 407. 396. 395. 393. 369. 382. 393. 424. 370. 391. 443. 377.
 412. 361. 351. 375. 378. 362. 373. 357. 428. 426. 370. 431. 401. 376.
 407. 388. 406. 390. 432. 439. 356. 396. 340. 368. 379. 418. 390. 360.
 345. 404. 371. 392. 378. 337. 430. 382.]
Noised Result
[1134.78955821  402.1164344  -371.07210994  736.53713173  802.95858595
 -904.90031268  353.44860062 -904.02587066  633.08224691  355.90084465
 1108.65507988  849.2780526   346.45757309   17.29456637  196.93252884
 -300.87148023  296.47148586 1001.07345145 1496.2887406   -47.27164003
 -194.15277485 1685.33550486  524.459751   1389.93043318  960.53851798
  585.2567629  1298.17568467  710.98573728  816.96458338 -189.26828146
 -727.26103944  666.97776995 1315.48302489  441.5566606  -319.68974996
 -375.09982222 -138.81096185 1507.99493794  735.37814514  877.92316684
  678.59893077   -8.0264375   370.99815888  256.5831774   911.21299762
  310.09398517 -777.85907675 -535.03935963  412.03049864  531.08231455]

The result for the 16th execution is
Time
2.611711025238037
Query Result
[331. 355. 407. 396. 395. 393. 369. 382. 393. 424. 370. 391. 443. 377.
 412. 361. 351. 375. 378. 362. 373. 357. 428. 426. 370. 431. 401. 376.
 407. 388. 406. 390. 432. 439. 356. 396. 340. 368. 379. 418. 390. 360.
 345. 404. 371. 392. 378. 337. 430. 382.]
Noised Result
[ -831.56037462   424.09021663   262.27548574   422.23421637
 -1264.85429154  1216.31561939  1111.55915168    52.69600905
  -142.11780482   373.30741683  -662.86032124  1337.78023925
   368.93339982   148.30242749  -100.21087505  -999.41863444
   548.94937349  -418.55434482    97.49758686   257.14199362
  1890.46032618   848.59143002  -220.68514577  -401.73216067
   -55.4958425    633.7805288    858.69547898   569.35027344
  1532.06162425   919.06156537  1927.14516368   867.66173025
   -18.3655076    588.48285454  -502.50191535  1607.48037947
  -101.10060746   282.69438223  1057.4860411    652.06610505
   709.6287978   1432.93529057    78.88015366  -645.51202291
   762.85385154   890.95474957  -309.95073217   -80.81948282
   436.56037368    16.85144613]

The result for the 17th execution is
Time
1.5279011726379395
Query Result
[331. 355. 407. 396. 395. 393. 369. 382. 393. 424. 370. 391. 443. 377.
 412. 361. 351. 375. 378. 362. 373. 357. 428. 426. 370. 431. 401. 376.
 407. 388. 406. 390. 432. 439. 356. 396. 340. 368. 379. 418. 390. 360.
 345. 404. 371. 392. 378. 337. 430. 382.]
Noised Result
[-1187.18037124 -1530.86117645   874.1333474  -2161.15242624
   891.87607964 -1432.0506369   1378.06104099  2299.12800788
  -186.70671932  1920.93899695 -2223.12083516  1304.82481153
  1239.24261533   795.23037588  1133.70551827    33.17350183
   841.83988044  -180.12539358 -1121.55256421 -2064.34571268
  -404.50992862   625.10181186  -424.15434014  -139.33729906
   356.46522255  -950.26895268   280.22713981   -53.24872929
  1079.28513756  1056.77567791  1101.5828991  -1426.97547418
    98.59240606  1818.78825013   216.25398397   285.47879975
   134.84547202  -179.18338007  1733.56428227  -370.29333627
  -744.72088696   404.00374292 -2045.63921739   904.42319485
   185.70448226   949.2977034   1917.37077781  2109.59069766
   158.15363274   698.36535411]

The result for the 18th execution is
Time
2.6826045513153076
Query Result
[331. 355. 407. 396. 395. 393. 369. 382. 393. 424. 370. 391. 443. 377.
 412. 361. 351. 375. 378. 362. 373. 357. 428. 426. 370. 431. 401. 376.
 407. 388. 406. 390. 432. 439. 356. 396. 340. 368. 379. 418. 390. 360.
 345. 404. 371. 392. 378. 337. 430. 382.]
Noised Result
[ 1638.41848946  -241.37586518   354.52896982  -255.92433075
  1475.78310869  -265.03004319  -594.79040149  -297.81657676
  -192.14762945   916.09515145    70.73583609  1157.1678884
   358.41812378  2001.17448409   329.77988686   259.30514382
  1236.83602187   404.15746279  -492.57164282  -205.97682545
   396.58667241   495.89822996   575.4640621   1449.67776252
  -656.95444766   349.69052915  1410.24454436  1281.8660515
  1127.14525299    30.15427945  1986.38410834 -1155.72222116
  -153.19910495   -21.70636743  -127.60859767   182.69527992
   708.47282664   657.00938631   491.58367894  1797.70027656
   367.21445224   508.08437397  1292.42435209  2018.86758943
   374.86108231    80.08297535  -560.30451768   134.16120121
  -562.78477772  1088.45630092]

The result for the 19th execution is
Time
2.6601033210754395
Query Result
[331. 355. 407. 396. 395. 393. 369. 382. 393. 424. 370. 391. 443. 377.
 412. 361. 351. 375. 378. 362. 373. 357. 428. 426. 370. 431. 401. 376.
 407. 388. 406. 390. 432. 439. 356. 396. 340. 368. 379. 418. 390. 360.
 345. 404. 371. 392. 378. 337. 430. 382.]
Noised Result
[   62.64506294  1314.51426499  1228.99922809  -341.34107048
   817.83510214   279.15076003   890.9951162    407.40396434
   200.40588314  1388.26579141   331.61303569  1699.9465691
  -337.22788012  -435.16256171   593.56581173    33.1771606
   208.78914154   383.63853055   303.70035677   433.76925928
   264.31251188  1042.05535139   937.42097775   535.9471111
  1221.37039749   261.11674515   350.50066429 -1510.99939064
   123.09982179   559.23512575   874.75866764   785.89893855
   -85.26132913  1638.69891925   391.23337566  -249.59106062
  -432.20592354   897.01840417  -455.64524393  -372.74243097
   690.78834579   660.38851355  -209.28616604   377.59036631
   555.06494381  -422.56307542   615.36581252  -592.72158616
   120.54006297  1418.57091743]

