The result for the 0th execution is
Time
98.70064115524292
Query Result
[365541.3146448 364872.0045593 334897.3674182 377721.186895
 316781.7920493 322217.5306328 311377.1336412 321449.4538239
 371200.0205162 362094.3465017 351387.0598025 354595.0123765
 366826.4801417 353692.8776735 341125.0441157 343207.3316317
 350126.3749764 355266.4130546 367146.959121  350285.6125326
 358930.7472158 335115.5118889 350842.7559774 341934.1614589
 360109.822937 ]
Noised Result
[574195.15781688 396432.35395747 226053.45079762 475234.12346082
 402886.76401121 335981.99252517 278775.82915433 323440.7397939
 292544.78196774 489063.95316327 405593.57222433 338641.0205012
 303959.73854595 370039.65078501 414433.28141366 284339.11496633
 407759.25465712 420563.78821143 245954.66484055 305988.3599772
 396487.3823581  292730.95010333 326388.76192183 321012.9544799
 367277.02094568]

The result for the 1th execution is
Time
92.84894514083862
Query Result
[365541.3146448 364872.0045593 334897.3674182 377721.186895
 316781.7920493 322217.5306328 311377.1336412 321449.4538239
 371200.0205162 362094.3465017 351387.0598025 354595.0123765
 366826.4801417 353692.8776735 341125.0441157 343207.3316317
 350126.3749764 355266.4130546 367146.959121  350285.6125326
 358930.7472158 335115.5118889 350842.7559774 341934.1614589
 360109.822937 ]
Noised Result
[424146.25083177 354076.37278549 373509.33849107 354693.37857129
 278523.11615464 275316.03085517 308106.09643477 376799.99349772
 408535.64028581 495112.81937407 354451.42513807 298213.6260937
 439504.17886435 312250.21828123 378568.01460977 397648.60030642
 358160.71016444 310292.47186822 366514.89952077 346056.22322916
 317188.43626034 364346.17661502 401510.85952799 325373.9531369
 335499.85098161]

The result for the 2th execution is
Time
79.41892051696777
Query Result
[365541.3146448 364872.0045593 334897.3674182 377721.186895
 316781.7920493 322217.5306328 311377.1336412 321449.4538239
 371200.0205162 362094.3465017 351387.0598025 354595.0123765
 366826.4801417 353692.8776735 341125.0441157 343207.3316317
 350126.3749764 355266.4130546 367146.959121  350285.6125326
 358930.7472158 335115.5118889 350842.7559774 341934.1614589
 360109.822937 ]
Noised Result
[457730.94110943 383617.07962063 311403.95774331 314279.49328344
 319621.52595735 265402.3099432  279474.26005389 303613.66666327
 295419.04267362 300774.63103004 328329.8947271  342686.76498752
 352696.8763362  421837.50092052 375295.43359253 373339.3547107
 342104.93023532 388783.16817202 281731.92161508 357921.86270817
 372831.05449212 398522.75679975 381138.74015942 277835.93210133
 280539.89315988]

The result for the 3th execution is
Time
99.03796315193176
Query Result
[365541.3146448 364872.0045593 334897.3674182 377721.186895
 316781.7920493 322217.5306328 311377.1336412 321449.4538239
 371200.0205162 362094.3465017 351387.0598025 354595.0123765
 366826.4801417 353692.8776735 341125.0441157 343207.3316317
 350126.3749764 355266.4130546 367146.959121  350285.6125326
 358930.7472158 335115.5118889 350842.7559774 341934.1614589
 360109.822937 ]
Noised Result
[381210.34698803 346673.99363444 282994.5991053  389236.5339432
 418040.48982081 347214.79057544 276311.33798034 239399.3503616
 317586.18454142 349091.02302816 400964.21544381 390183.80758083
 389147.35937974 306269.83003379 371155.78243513 297705.30954486
 394532.73972801 431163.40583114 297262.88565075 291495.2526623
 293488.32039743 340501.96889545 310037.71286593 377034.01083017
 438033.8173972 ]

The result for the 4th execution is
Time
98.53732991218567
Query Result
[365541.3146448 364872.0045593 334897.3674182 377721.186895
 316781.7920493 322217.5306328 311377.1336412 321449.4538239
 371200.0205162 362094.3465017 351387.0598025 354595.0123765
 366826.4801417 353692.8776735 341125.0441157 343207.3316317
 350126.3749764 355266.4130546 367146.959121  350285.6125326
 358930.7472158 335115.5118889 350842.7559774 341934.1614589
 360109.822937 ]
Noised Result
[405674.42005596 378376.94477377 388688.29804699 372615.85035335
 327628.88942885 258906.35811746 326025.05305127 330273.97661813
 361721.64461123 394215.07034271 306318.127667   387134.17184785
 415529.46288117 282483.08603197 309265.20627169 369863.19288845
 411501.42183858 298590.17567095 317992.63991879 415735.97511116
 337978.09148892 346611.09557837 397648.65603607 391726.74593206
 289412.8034472 ]

The result for the 5th execution is
Time
98.44667768478394
Query Result
[365541.3146448 364872.0045593 334897.3674182 377721.186895
 316781.7920493 322217.5306328 311377.1336412 321449.4538239
 371200.0205162 362094.3465017 351387.0598025 354595.0123765
 366826.4801417 353692.8776735 341125.0441157 343207.3316317
 350126.3749764 355266.4130546 367146.959121  350285.6125326
 358930.7472158 335115.5118889 350842.7559774 341934.1614589
 360109.822937 ]
Noised Result
[428850.12144045 307372.01495788 342886.40714884 394168.28017209
 305961.45796026 258761.77642416 272628.40797455 350353.6864729
 443246.04384501 383278.56756748 367639.71108423 276088.42429953
 369084.04995637 358316.62508511 311312.00974204 327730.55607027
 475595.7692388  421681.30058436 375566.88149966 260561.65478644
 348525.72848333 387252.04062388 393886.99943838 369118.64566184
 406561.86286391]

The result for the 6th execution is
Time
101.38466954231262
Query Result
[365541.3146448 364872.0045593 334897.3674182 377721.186895
 316781.7920493 322217.5306328 311377.1336412 321449.4538239
 371200.0205162 362094.3465017 351387.0598025 354595.0123765
 366826.4801417 353692.8776735 341125.0441157 343207.3316317
 350126.3749764 355266.4130546 367146.959121  350285.6125326
 358930.7472158 335115.5118889 350842.7559774 341934.1614589
 360109.822937 ]
Noised Result
[361332.43354522 398068.06146346 331566.0442387  414283.16775188
 289358.10380536 372655.14140406 322991.37201467 309144.68310956
 439295.16502763 317863.63664422 395917.56332356 374082.0661638
 398188.3580468  328253.09240995 330383.00104003 405000.57492466
 363558.32300728 333660.83303254 333621.32430298 285918.04287694
 328021.22983247 402435.19309755 364101.5462298  370000.63705504
 334028.33159715]

The result for the 7th execution is
Time
97.35823202133179
Query Result
[365541.3146448 364872.0045593 334897.3674182 377721.186895
 316781.7920493 322217.5306328 311377.1336412 321449.4538239
 371200.0205162 362094.3465017 351387.0598025 354595.0123765
 366826.4801417 353692.8776735 341125.0441157 343207.3316317
 350126.3749764 355266.4130546 367146.959121  350285.6125326
 358930.7472158 335115.5118889 350842.7559774 341934.1614589
 360109.822937 ]
Noised Result
[381889.73381518 270565.61677007 354252.05369221 369307.73248685
 375168.05683979 310761.94307728 353638.31633371 232257.27761175
 303302.85469603 433583.79001424 393452.42578261 371843.92125266
 429916.51831617 343848.43141345 261888.0860294  295384.48360364
 340267.30758384 313358.11762988 378826.90816114 394386.00299824
 324107.85255084 296641.10859458 383254.15696171 373662.03585882
 408873.86223247]

The result for the 8th execution is
Time
97.69369292259216
Query Result
[365541.3146448 364872.0045593 334897.3674182 377721.186895
 316781.7920493 322217.5306328 311377.1336412 321449.4538239
 371200.0205162 362094.3465017 351387.0598025 354595.0123765
 366826.4801417 353692.8776735 341125.0441157 343207.3316317
 350126.3749764 355266.4130546 367146.959121  350285.6125326
 358930.7472158 335115.5118889 350842.7559774 341934.1614589
 360109.822937 ]
Noised Result
[427740.14424923 394899.73591689 282948.53024451 339289.79426491
 334166.22146576 284460.52339344 313813.51311724 341383.70749417
 352661.82530266 407875.02267869 335810.51366422 318480.46944826
 347191.65843009 395717.15063756 267843.84273417 382074.05713366
 364771.31937554 338401.49449449 401329.07904761 378626.22987009
 334081.89593326 341178.5115083  400511.45787447 382232.19413586
 390774.83333369]

The result for the 9th execution is
Time
98.92178225517273
Query Result
[365541.3146448 364872.0045593 334897.3674182 377721.186895
 316781.7920493 322217.5306328 311377.1336412 321449.4538239
 371200.0205162 362094.3465017 351387.0598025 354595.0123765
 366826.4801417 353692.8776735 341125.0441157 343207.3316317
 350126.3749764 355266.4130546 367146.959121  350285.6125326
 358930.7472158 335115.5118889 350842.7559774 341934.1614589
 360109.822937 ]
Noised Result
[399718.07315501 250528.8029138  186730.78728292 396113.41901198
 131552.09206045 344556.24841303 350246.06458229 285182.82380712
 513606.94606386 294860.23780642 422179.87703001 235680.92284443
 319541.35362134 326254.38398678 333796.55329077 366312.24842165
 317272.39183419 214891.24849784 242494.66205882 211192.96308621
 305652.70336302 356757.03667724 272011.41760587 287912.93161058
 356368.48230586]

The result for the 10th execution is
Time
99.33046174049377
Query Result
[365541.3146448 364872.0045593 334897.3674182 377721.186895
 316781.7920493 322217.5306328 311377.1336412 321449.4538239
 371200.0205162 362094.3465017 351387.0598025 354595.0123765
 366826.4801417 353692.8776735 341125.0441157 343207.3316317
 350126.3749764 355266.4130546 367146.959121  350285.6125326
 358930.7472158 335115.5118889 350842.7559774 341934.1614589
 360109.822937 ]
Noised Result
[346569.43517842 359504.2170669  303941.56482444 386182.79679569
 289683.57161386 341403.69142619 206029.5980962  330258.9939383
 361193.95734328 384776.30331101 254895.20661804 336624.64853573
 379228.27609883 343317.19696221 293515.36861189 308555.6257501
 324456.45521636 313073.7328226  437719.70402746 325997.85644255
 285741.59241283 237416.77273745 352028.95064464 362479.68750789
 334233.21071096]

The result for the 11th execution is
Time
98.42118430137634
Query Result
[365541.3146448 364872.0045593 334897.3674182 377721.186895
 316781.7920493 322217.5306328 311377.1336412 321449.4538239
 371200.0205162 362094.3465017 351387.0598025 354595.0123765
 366826.4801417 353692.8776735 341125.0441157 343207.3316317
 350126.3749764 355266.4130546 367146.959121  350285.6125326
 358930.7472158 335115.5118889 350842.7559774 341934.1614589
 360109.822937 ]
Noised Result
[321037.10916781 364850.67457185 332726.72751057 369328.79976452
 342287.4643165  286418.10125899 306380.89252135 367103.95311661
 343959.2072868  404356.80824752 347194.18736191 263461.84587399
 426483.03131488 367473.07560731 351807.2590436  342574.35658063
 340624.31369683 434948.30908205 343516.00262726 280610.06212724
 303670.04293074 335275.69310418 379718.05785462 364360.81540538
 356892.53416023]

The result for the 12th execution is
Time
101.94077849388123
Query Result
[365541.3146448 364872.0045593 334897.3674182 377721.186895
 316781.7920493 322217.5306328 311377.1336412 321449.4538239
 371200.0205162 362094.3465017 351387.0598025 354595.0123765
 366826.4801417 353692.8776735 341125.0441157 343207.3316317
 350126.3749764 355266.4130546 367146.959121  350285.6125326
 358930.7472158 335115.5118889 350842.7559774 341934.1614589
 360109.822937 ]
Noised Result
[365751.94914705 317533.00754439 383359.1778172  291481.08952516
 365742.1360513  270339.88565517 291273.49890314 228379.13915132
 336117.63511961 362246.94224794 372705.05269398 285563.9388422
 286100.11001154 317011.67308652 321551.28705305 331657.47106914
 285974.08340823 411974.15637213 377110.68893626 285910.94931795
 408277.49373208 348190.16645817 321338.55309939 352929.11455843
 312726.70224444]

The result for the 13th execution is
Time
99.61329364776611
Query Result
[365541.3146448 364872.0045593 334897.3674182 377721.186895
 316781.7920493 322217.5306328 311377.1336412 321449.4538239
 371200.0205162 362094.3465017 351387.0598025 354595.0123765
 366826.4801417 353692.8776735 341125.0441157 343207.3316317
 350126.3749764 355266.4130546 367146.959121  350285.6125326
 358930.7472158 335115.5118889 350842.7559774 341934.1614589
 360109.822937 ]
Noised Result
[385024.76510961 325599.41134226 488737.26381861 546027.3128562
 244817.48739592 444509.49836251 368288.06118761 504116.4602981
 302798.74981056 351733.7317597  255834.25055121 329550.82991855
 302051.6999747  377771.39664784 135421.73776601 400289.14992441
 334125.07760551 518912.73351932 290530.09561634 339249.22792154
 344507.20884171 339038.07274976 457921.16881231 267559.4524551
 110676.84473052]

The result for the 14th execution is
Time
98.89960169792175
Query Result
[365541.3146448 364872.0045593 334897.3674182 377721.186895
 316781.7920493 322217.5306328 311377.1336412 321449.4538239
 371200.0205162 362094.3465017 351387.0598025 354595.0123765
 366826.4801417 353692.8776735 341125.0441157 343207.3316317
 350126.3749764 355266.4130546 367146.959121  350285.6125326
 358930.7472158 335115.5118889 350842.7559774 341934.1614589
 360109.822937 ]
Noised Result
[354530.1811824  333753.88123278 369818.43478744 359233.38771154
 309027.44093828 399462.5069728  289796.70255617 336299.0917928
 395661.40394473 331736.82821292 348741.44092468 366394.05108339
 467833.82166736 383094.71534125 402785.23718343 378037.32746153
 374038.30042073 416283.92812134 393520.29119188 330650.56657415
 394965.1354085  304601.12439625 382978.2056104  362859.6193695
 355844.21323783]

The result for the 15th execution is
Time
100.12740921974182
Query Result
[365541.3146448 364872.0045593 334897.3674182 377721.186895
 316781.7920493 322217.5306328 311377.1336412 321449.4538239
 371200.0205162 362094.3465017 351387.0598025 354595.0123765
 366826.4801417 353692.8776735 341125.0441157 343207.3316317
 350126.3749764 355266.4130546 367146.959121  350285.6125326
 358930.7472158 335115.5118889 350842.7559774 341934.1614589
 360109.822937 ]
Noised Result
[321692.58853097 361679.93928551 393925.05202235 300110.59025811
 349906.24602178 283410.67152595 278158.9474835  346641.1471566
 354089.22958933 322257.98647699 267225.72832105 374321.467024
 406088.96031744 319310.85954535 279176.50858147 336928.36343154
 369375.37816875 341438.68071069 356382.36776875 386496.64814359
 324806.21718247 276382.17118474 358887.1243795  290071.09231668
 328930.93773391]

The result for the 16th execution is
Time
97.20775151252747
Query Result
[365541.3146448 364872.0045593 334897.3674182 377721.186895
 316781.7920493 322217.5306328 311377.1336412 321449.4538239
 371200.0205162 362094.3465017 351387.0598025 354595.0123765
 366826.4801417 353692.8776735 341125.0441157 343207.3316317
 350126.3749764 355266.4130546 367146.959121  350285.6125326
 358930.7472158 335115.5118889 350842.7559774 341934.1614589
 360109.822937 ]
Noised Result
[356069.61329044 356530.98846144 319865.30502811 322825.32899616
 370616.80387904 362051.55808922 367273.26986327 334100.33133451
 344205.72225051 429894.91114488 351615.29985365 385122.80818578
 421866.45570645 277968.20960225 346662.10856859 333347.91403578
 347836.1982853  262885.25972677 354156.4207785  314613.23170901
 298707.09049019 356281.38536627 303017.22816013 266854.50350597
 368684.22955213]

The result for the 17th execution is
Time
80.2980089187622
Query Result
[365541.3146448 364872.0045593 334897.3674182 377721.186895
 316781.7920493 322217.5306328 311377.1336412 321449.4538239
 371200.0205162 362094.3465017 351387.0598025 354595.0123765
 366826.4801417 353692.8776735 341125.0441157 343207.3316317
 350126.3749764 355266.4130546 367146.959121  350285.6125326
 358930.7472158 335115.5118889 350842.7559774 341934.1614589
 360109.822937 ]
Noised Result
[412615.09978358 381081.02806191 276575.85199645 371613.56196403
 331264.00049278 420232.39204932 317436.41934827 260580.95225349
 405503.03516834 385748.90263875 425638.63617362 366769.91952268
 315443.59990875 320811.2008319  372393.7198266  360692.44418187
 362841.70137433 391285.0546798  429907.18567592 410747.00837079
 323965.41780773 416831.08331771 349160.25932195 290416.88915391
 392394.82672319]

The result for the 18th execution is
Time
99.05659937858582
Query Result
[365541.3146448 364872.0045593 334897.3674182 377721.186895
 316781.7920493 322217.5306328 311377.1336412 321449.4538239
 371200.0205162 362094.3465017 351387.0598025 354595.0123765
 366826.4801417 353692.8776735 341125.0441157 343207.3316317
 350126.3749764 355266.4130546 367146.959121  350285.6125326
 358930.7472158 335115.5118889 350842.7559774 341934.1614589
 360109.822937 ]
Noised Result
[370764.832608   374787.79395684 394127.48540851 414999.04023365
 349772.44058158 308490.55829659 251680.28672624 355011.72822005
 423770.00744924 351765.08521236 308663.76297956 305371.23821928
 378813.88716503 310996.04784385 288416.21666929 351765.95231378
 284289.15770549 413982.92646551 317608.85541235 394452.44407642
 435749.56215532 464246.2456859  398967.78405436 389988.36228501
 300398.8706903 ]

The result for the 19th execution is
Time
98.4381320476532
Query Result
[365541.3146448 364872.0045593 334897.3674182 377721.186895
 316781.7920493 322217.5306328 311377.1336412 321449.4538239
 371200.0205162 362094.3465017 351387.0598025 354595.0123765
 366826.4801417 353692.8776735 341125.0441157 343207.3316317
 350126.3749764 355266.4130546 367146.959121  350285.6125326
 358930.7472158 335115.5118889 350842.7559774 341934.1614589
 360109.822937 ]
Noised Result
[347802.76740916 343363.62845547 334096.71820868 395984.15789431
 330034.20076289 237638.079135   338808.84585279 302231.27376382
 373680.42561447 378209.01950286 384129.19027871 368952.24491375
 233898.1728335  319246.51941075 307103.39111486 365302.52828226
 372145.11446805 296428.97487399 358109.34186509 343759.73218249
 374435.38389712 317621.56973018 366138.55087103 399346.66746645
 357172.29206312]

