The result for the 0th execution is
Time
107.50247025489807
Query Result
[24539. 24358. 24530. 25052. 24822. 24826. 24806. 24750. 24774. 25207.
 24526. 24751. 24979. 24569. 24741. 24858. 24754. 24557. 24920. 24809.
 25146. 24882. 25133. 24865. 25137. 25043. 24727. 25134. 25083. 24965.
 24594. 24719. 24377. 24313. 24697. 24517. 24374. 24541. 24693. 24550.
 24771. 24939. 24662. 24419. 24774. 24373. 24873. 24324. 24696. 24605.]
Noised Result
[25603.44563507 24935.10959342 23663.88590933 25544.86652912
 23371.29574451 23577.82198262 24739.86654934 23889.96612712
 24460.19982213 23857.94116331 25069.2835203  24056.04073108
 25585.93250928 23708.29109193 24725.30475837 24254.19751957
 24277.59588777 25264.56094324 24923.71573462 24636.9438927
 24375.69014864 24312.39987274 25155.85598618 25584.01155761
 23641.83609401 24630.76574275 25474.25561151 26266.62553941
 25042.24244297 23578.36040187 25779.91702759 26115.06533444
 23221.11552085 24905.54659721 26671.11848056 24686.9395208
 24240.26870879 24969.49995812 23646.40988514 24305.97231708
 25054.64034273 24850.71332601 24615.27494402 25796.10429344
 24645.54669495 24843.57438029 24523.34505809 23208.64329645
 24149.67574857 25403.92870781]

The result for the 1th execution is
Time
104.20114946365356
Query Result
[24539. 24358. 24530. 25052. 24822. 24826. 24806. 24750. 24774. 25207.
 24526. 24751. 24979. 24569. 24741. 24858. 24754. 24557. 24920. 24809.
 25146. 24882. 25133. 24865. 25137. 25043. 24727. 25134. 25083. 24965.
 24594. 24719. 24377. 24313. 24697. 24517. 24374. 24541. 24693. 24550.
 24771. 24939. 24662. 24419. 24774. 24373. 24873. 24324. 24696. 24605.]
Noised Result
[24049.4218283  24431.7090939  24444.7822457  25238.59172978
 24640.57358607 24843.00867624 25333.41745291 24642.17838211
 24932.67425552 25020.36100291 24937.28173755 24977.15083246
 24624.72348799 24526.92909866 24908.40617569 25032.49479096
 25083.80781303 24433.98006944 24969.58211663 24634.40973589
 25651.44624589 24934.47374634 25689.17035396 24912.03706046
 24570.06599586 25031.74317176 23897.73448371 24853.77542797
 24844.91239154 25227.00524558 25076.73082105 24504.51835614
 24572.47918027 24635.83230306 24843.83102267 24945.27822018
 23953.33021895 24146.9345434  24641.85231294 24477.37766586
 24687.90895391 24885.10207932 24469.84268874 24403.23507224
 24442.47400523 25025.13494987 24208.68858314 23739.99315804
 24961.04859725 24325.55649417]

The result for the 2th execution is
Time
104.28703188896179
Query Result
[24539. 24358. 24530. 25052. 24822. 24826. 24806. 24750. 24774. 25207.
 24526. 24751. 24979. 24569. 24741. 24858. 24754. 24557. 24920. 24809.
 25146. 24882. 25133. 24865. 25137. 25043. 24727. 25134. 25083. 24965.
 24594. 24719. 24377. 24313. 24697. 24517. 24374. 24541. 24693. 24550.
 24771. 24939. 24662. 24419. 24774. 24373. 24873. 24324. 24696. 24605.]
Noised Result
[24479.19693671 24255.61517434 25144.53914629 25331.18610904
 24913.76599591 24657.77902771 25282.56514363 25406.37389869
 24311.60709291 25427.34991329 24485.39573062 25079.18888845
 24739.70434121 24480.2083187  24929.74830968 25187.90735476
 24431.28291307 24266.34368458 24777.26480556 24649.11661073
 25151.23874569 24615.0072496  25697.86557353 24837.38088089
 25097.34885519 25140.32831726 24589.16108695 25235.07020669
 24921.44639637 24587.4365831  24201.19398724 24446.85804188
 24837.24897706 23848.67514997 25389.41212145 24240.24436895
 24174.89731414 24323.04972478 24561.16511953 24869.19663487
 24353.23686149 25490.570074   25131.30460672 23927.14899942
 24198.60372374 24659.60743411 24292.25000983 24624.62792269
 24131.91560845 24339.81511034]

The result for the 3th execution is
Time
105.89086246490479
Query Result
[24539. 24358. 24530. 25052. 24822. 24826. 24806. 24750. 24774. 25207.
 24526. 24751. 24979. 24569. 24741. 24858. 24754. 24557. 24920. 24809.
 25146. 24882. 25133. 24865. 25137. 25043. 24727. 25134. 25083. 24965.
 24594. 24719. 24377. 24313. 24697. 24517. 24374. 24541. 24693. 24550.
 24771. 24939. 24662. 24419. 24774. 24373. 24873. 24324. 24696. 24605.]
Noised Result
[24020.30337557 24148.77853919 23541.14487788 23062.84133812
 26480.02909188 28374.16517286 21870.86897528 26189.51401829
 28074.77334994 23861.59518741 18643.99515578 28794.47930529
 18102.12350891 22976.15044904 21013.98888964 23842.28040457
 23694.27797949 23089.96920681 21507.11435881 20805.4567689
 21326.07658163 21387.09900678 24879.91603479 23602.42237121
 20976.492469   24624.05934283 20489.13093892 23857.99385926
 22841.32016906 22082.83647151 19626.54956572 23307.14065869
 25470.16303213 26298.98638456 25132.15240784 25750.10257256
 23391.16119725 25547.32451185 23465.73666251 21193.20541238
 26491.27792532 21617.0475765  28410.11028443 27023.62669045
 21047.11571824 23105.53275664 26402.11160394 25501.12760496
 24805.01142835 25885.60472677]

The result for the 4th execution is
Time
104.12739682197571
Query Result
[24539. 24358. 24530. 25052. 24822. 24826. 24806. 24750. 24774. 25207.
 24526. 24751. 24979. 24569. 24741. 24858. 24754. 24557. 24920. 24809.
 25146. 24882. 25133. 24865. 25137. 25043. 24727. 25134. 25083. 24965.
 24594. 24719. 24377. 24313. 24697. 24517. 24374. 24541. 24693. 24550.
 24771. 24939. 24662. 24419. 24774. 24373. 24873. 24324. 24696. 24605.]
Noised Result
[24736.86123923 23941.12286479 24398.13120806 25561.81534774
 24880.1672482  24715.70627105 24388.74657514 25295.77059407
 24830.35642965 25324.66431084 24593.23540513 24416.4407348
 24868.17799286 24846.64172121 24212.913437   25050.53015048
 24404.9254902  23921.11820419 24378.25836452 24640.43738617
 25186.87090001 25005.05577844 25037.35137145 24830.65681661
 25452.2513202  25298.81255722 24639.42075465 24997.85609969
 24771.6051472  24560.65115416 24465.00398064 24554.97270245
 24545.15617741 24356.64154416 24430.31409698 24404.51231538
 24490.48912646 24479.24240419 24525.68446569 24497.95947164
 25221.7990423  25118.39950793 24765.88352341 24069.16020519
 24284.19160833 24585.75787907 24559.7753199  24316.71019484
 25273.22702234 24315.60804532]

The result for the 5th execution is
Time
105.3917191028595
Query Result
[24539. 24358. 24530. 25052. 24822. 24826. 24806. 24750. 24774. 25207.
 24526. 24751. 24979. 24569. 24741. 24858. 24754. 24557. 24920. 24809.
 25146. 24882. 25133. 24865. 25137. 25043. 24727. 25134. 25083. 24965.
 24594. 24719. 24377. 24313. 24697. 24517. 24374. 24541. 24693. 24550.
 24771. 24939. 24662. 24419. 24774. 24373. 24873. 24324. 24696. 24605.]
Noised Result
[23685.6345356  23991.24805742 24823.15743646 24363.24287552
 24908.18598761 24495.16529178 24647.17067248 25100.57399147
 24745.07408791 25164.76578738 24730.45801669 24242.68219845
 24631.13475408 25167.78128653 24380.00202219 24445.05366304
 24952.21958231 24188.65219564 24792.6405482  24654.73962426
 25717.33644579 24682.40083047 25056.10070525 24740.21566606
 25420.09144153 25132.06310146 24893.55423494 25265.35236129
 25104.95933957 25007.01221018 24532.11524779 25005.59489863
 24551.2729491  24635.75706894 24608.79096579 24358.77619791
 25181.27154105 24709.15754629 24507.07576705 24757.63588492
 25279.64470572 24843.63647904 25226.18759539 24875.23493482
 24990.19152217 23839.68711743 24686.44231533 24575.65977582
 24177.20936536 24780.02918056]

The result for the 6th execution is
Time
12.885047674179077
Query Result
[24539. 24358. 24530. 25052. 24822. 24826. 24806. 24750. 24774. 25207.
 24526. 24751. 24979. 24569. 24741. 24858. 24754. 24557. 24920. 24809.
 25146. 24882. 25133. 24865. 25137. 25043. 24727. 25134. 25083. 24965.
 24594. 24719. 24377. 24313. 24697. 24517. 24374. 24541. 24693. 24550.
 24771. 24939. 24662. 24419. 24774. 24373. 24873. 24324. 24696. 24605.]
Noised Result
[  4840.30902623  31698.04166891  23927.44728909  22222.37897065
  37421.97662915  23038.11489255  35621.67923163  33682.07504807
  44897.6824857   33551.77731795  21613.72605686  22565.79694904
  51586.98947131  23359.89825285 -11251.36522522  25027.03634993
  32291.20309804  30334.18615023  45567.24153503  24598.71509193
  22446.66474124  22420.86492656  34732.05308298   8352.33674497
  30916.39681659  36803.81890777  35935.43009338  27152.14239765
  36682.24249684  22234.95387083  11126.63263027  14414.78923753
  17146.79401516  35885.20260619  15419.46703721   -363.59591764
  32252.82081618  27156.72093399   8831.9327586    7307.69189663
  11601.44988618  28095.75697804  21317.30801786  46948.4245572
  17119.4603394   44475.99979694  37976.57922666  10326.54949937
  41751.72374161  31698.04774087]

The result for the 7th execution is
Time
107.21558117866516
Query Result
[24539. 24358. 24530. 25052. 24822. 24826. 24806. 24750. 24774. 25207.
 24526. 24751. 24979. 24569. 24741. 24858. 24754. 24557. 24920. 24809.
 25146. 24882. 25133. 24865. 25137. 25043. 24727. 25134. 25083. 24965.
 24594. 24719. 24377. 24313. 24697. 24517. 24374. 24541. 24693. 24550.
 24771. 24939. 24662. 24419. 24774. 24373. 24873. 24324. 24696. 24605.]
Noised Result
[24629.03128457 24269.86831619 24722.04058969 24829.6522277
 24717.3322455  24951.38124789 25119.88115492 24853.33426136
 24003.00886854 25282.4987033  24664.36318293 24820.56390845
 25066.83556315 25372.33283821 24739.85936448 24374.14084313
 24632.84869587 24588.5227673  25096.2359839  24779.15115922
 24776.33764433 24993.18838505 25315.39268964 25424.80311713
 25456.93379378 24568.03934587 25067.2602416  25500.24057511
 25065.44018521 25167.87378952 24276.27648199 25087.46811659
 24971.95898156 24423.03738725 24965.03385492 25226.06704605
 24491.45903808 24595.17905095 24642.69100274 24395.36298963
 24852.30696273 25187.65570879 25110.45591089 24789.72428518
 25187.94192645 24102.28192344 23898.28866451 23955.61169482
 24361.50973553 24735.87130319]

The result for the 8th execution is
Time
101.70255780220032
Query Result
[24539. 24358. 24530. 25052. 24822. 24826. 24806. 24750. 24774. 25207.
 24526. 24751. 24979. 24569. 24741. 24858. 24754. 24557. 24920. 24809.
 25146. 24882. 25133. 24865. 25137. 25043. 24727. 25134. 25083. 24965.
 24594. 24719. 24377. 24313. 24697. 24517. 24374. 24541. 24693. 24550.
 24771. 24939. 24662. 24419. 24774. 24373. 24873. 24324. 24696. 24605.]
Noised Result
[24641.17238961 23968.09929776 24026.14705257 25174.07157967
 24345.29979568 24622.00256993 24406.24177035 24917.42045581
 25092.43957057 24748.95825658 24168.85494785 24649.83298738
 24855.69878775 24589.98403612 23808.57799329 24876.11550612
 24184.43542956 24562.3594333  25081.41844887 24644.70407645
 25540.55616249 24763.23180454 24797.5423163  23770.51667394
 24873.00644452 25453.66987848 24837.73064413 25221.21926174
 24826.37937589 24417.74457336 24711.08110418 24789.95168902
 24775.69092304 24273.45287405 24847.56499482 24201.06440221
 23709.91550057 24514.38052028 24255.09364382 24391.42476404
 24824.5227639  24897.67282695 25323.5023698  24363.97360181
 25109.52484943 24987.86720116 24816.16167384 24177.55966791
 24777.74204898 24595.92077346]

The result for the 9th execution is
Time
106.07340931892395
Query Result
[24539. 24358. 24530. 25052. 24822. 24826. 24806. 24750. 24774. 25207.
 24526. 24751. 24979. 24569. 24741. 24858. 24754. 24557. 24920. 24809.
 25146. 24882. 25133. 24865. 25137. 25043. 24727. 25134. 25083. 24965.
 24594. 24719. 24377. 24313. 24697. 24517. 24374. 24541. 24693. 24550.
 24771. 24939. 24662. 24419. 24774. 24373. 24873. 24324. 24696. 24605.]
Noised Result
[23092.9585691  24368.52854924 23982.81061013 24301.21154025
 23713.05999065 25396.50175012 24645.40326836 24075.95558958
 24797.00903168 25455.47616547 24487.71197296 25355.64635271
 23355.39340402 23949.07523088 24336.91958781 25899.01131633
 24770.29609812 24387.84210498 24806.40804827 25862.15167795
 25168.96272    24953.13399233 24208.99605419 24741.07413749
 26689.60963488 24787.08594777 23928.35557915 24455.65113095
 24922.67658846 24320.00124795 26136.11398742 23756.04685407
 25042.42757527 24679.80800679 24897.89637119 23538.92519941
 24221.66724043 23963.97640184 23684.806145   23800.3755106
 24155.27788972 25802.34385853 24454.4573083  25467.73169487
 25080.81409169 24160.24012947 23733.53894656 24564.9393212
 25467.28309925 23509.29799461]

The result for the 10th execution is
Time
102.61118340492249
Query Result
[24539. 24358. 24530. 25052. 24822. 24826. 24806. 24750. 24774. 25207.
 24526. 24751. 24979. 24569. 24741. 24858. 24754. 24557. 24920. 24809.
 25146. 24882. 25133. 24865. 25137. 25043. 24727. 25134. 25083. 24965.
 24594. 24719. 24377. 24313. 24697. 24517. 24374. 24541. 24693. 24550.
 24771. 24939. 24662. 24419. 24774. 24373. 24873. 24324. 24696. 24605.]
Noised Result
[24619.99222821 24570.40248964 24367.28634055 24927.67672939
 24416.80128353 24977.04637232 24808.70372551 25060.71880484
 24999.40171948 25395.48848605 24107.83099498 24773.03791676
 24919.39548036 24253.25075776 24754.94492162 25349.91268888
 25034.50423431 24028.0212764  25349.24533761 25100.06255529
 24551.30035004 25161.91240745 24513.34294366 24410.41853276
 25134.5502116  25946.32576627 25527.32985469 25657.82265064
 25430.19895051 24900.54504518 25171.3893278  24533.83071142
 24527.89468879 24644.9113177  24342.73806542 24857.56404353
 24860.76545712 25312.40689499 24585.90467056 24129.15683978
 24200.25833163 25267.17338624 23802.67607426 24019.83088936
 25209.15162424 23898.9596399  24589.59140567 24917.96793466
 24487.4982619  24896.89137633]

The result for the 11th execution is
Time
105.51622343063354
Query Result
[24539. 24358. 24530. 25052. 24822. 24826. 24806. 24750. 24774. 25207.
 24526. 24751. 24979. 24569. 24741. 24858. 24754. 24557. 24920. 24809.
 25146. 24882. 25133. 24865. 25137. 25043. 24727. 25134. 25083. 24965.
 24594. 24719. 24377. 24313. 24697. 24517. 24374. 24541. 24693. 24550.
 24771. 24939. 24662. 24419. 24774. 24373. 24873. 24324. 24696. 24605.]
Noised Result
[24238.01998849 23844.69959349 24576.93418601 25182.74434732
 24324.30204805 24998.24579751 24914.49530115 24844.23857888
 25301.07299602 25310.66509624 24314.31511901 24600.24769893
 24698.06574103 24921.37447918 25286.97534266 24769.2202342
 24822.74660331 24669.87249978 24905.54196998 24066.77296429
 25183.03571312 24722.30541167 24795.56114828 25094.53630597
 24712.42957345 25156.46192581 24404.56557523 24892.49226334
 24725.08463728 25189.09177738 24376.95620457 24947.00206962
 24250.51317245 24455.90173579 24461.79915242 24398.73439799
 24848.610803   24627.12471036 24619.87268982 24588.60674508
 24282.09964333 24955.49610915 24539.20407162 24715.46317834
 24686.88998489 24383.3133499  25197.72195036 23900.92021733
 24856.20690691 24319.13583068]

The result for the 12th execution is
Time
110.96354031562805
Query Result
[24539. 24358. 24530. 25052. 24822. 24826. 24806. 24750. 24774. 25207.
 24526. 24751. 24979. 24569. 24741. 24858. 24754. 24557. 24920. 24809.
 25146. 24882. 25133. 24865. 25137. 25043. 24727. 25134. 25083. 24965.
 24594. 24719. 24377. 24313. 24697. 24517. 24374. 24541. 24693. 24550.
 24771. 24939. 24662. 24419. 24774. 24373. 24873. 24324. 24696. 24605.]
Noised Result
[24405.80240667 24022.78778486 24058.6647621  26051.76004385
 24973.32656936 23969.36355873 24239.94142976 23699.4389075
 24954.24155168 24757.38971526 23561.86805426 23003.24091121
 24648.93135843 24304.88631073 24492.55192745 25744.63289087
 24390.56403488 25073.58405258 25559.24531687 23978.00916751
 25411.03064466 25379.43840264 25733.60093531 25749.69916528
 25535.40313759 24976.4782983  25073.75649499 25228.33615688
 25162.48677966 25162.33732547 24489.44786223 24651.63672158
 22759.99284837 24644.18016955 23592.77412635 23583.3443352
 25187.88242024 24446.75809827 24888.5143324  24906.45584329
 25660.28667793 24940.11146209 25298.70726157 24909.45894009
 23610.38200158 24521.07204103 24676.52413495 24707.22713382
 25348.23344288 25055.91477676]

The result for the 13th execution is
Time
102.35364151000977
Query Result
[24539. 24358. 24530. 25052. 24822. 24826. 24806. 24750. 24774. 25207.
 24526. 24751. 24979. 24569. 24741. 24858. 24754. 24557. 24920. 24809.
 25146. 24882. 25133. 24865. 25137. 25043. 24727. 25134. 25083. 24965.
 24594. 24719. 24377. 24313. 24697. 24517. 24374. 24541. 24693. 24550.
 24771. 24939. 24662. 24419. 24774. 24373. 24873. 24324. 24696. 24605.]
Noised Result
[24599.0486242  25053.0963747  23954.23740813 25771.95245919
 24336.11567782 25066.17468958 23943.18628604 25161.10778486
 24036.22355362 24831.26351485 24065.45818073 24433.66197715
 24666.18851974 23777.75316774 25017.01019441 24057.95491557
 25030.99803982 24351.56082969 24815.69240634 25072.26513574
 25165.38770757 24648.20005167 25252.94793704 24646.06898536
 25594.88509953 24691.25337056 24761.33737628 24672.07875157
 25217.54529116 25563.61803745 24868.51509764 24778.88491366
 24092.93425994 24658.38988589 24144.47159908 24506.98931321
 24509.98466089 24584.34982831 25246.20247863 24295.52427535
 24638.73649089 24767.48799081 24379.30953963 24731.85922069
 24774.89298115 24051.1038108  25049.64459573 24660.91616775
 25393.12173857 24444.88775698]

The result for the 14th execution is
Time
103.37237739562988
Query Result
[24539. 24358. 24530. 25052. 24822. 24826. 24806. 24750. 24774. 25207.
 24526. 24751. 24979. 24569. 24741. 24858. 24754. 24557. 24920. 24809.
 25146. 24882. 25133. 24865. 25137. 25043. 24727. 25134. 25083. 24965.
 24594. 24719. 24377. 24313. 24697. 24517. 24374. 24541. 24693. 24550.
 24771. 24939. 24662. 24419. 24774. 24373. 24873. 24324. 24696. 24605.]
Noised Result
[24493.81906751 24263.53319432 24212.06427914 24982.8181128
 24795.35370629 24780.53716249 24738.98814749 24957.62080462
 24744.12642065 25092.9421459  24601.57899565 24795.27396777
 25022.55334774 24129.84621234 24393.93238377 24828.61995078
 25313.19306618 24651.0553506  24702.22555148 24313.06342887
 24943.30959289 24870.04823279 24793.98965374 25305.95925084
 25189.10367058 25006.03084198 24455.12877503 24926.94658169
 24752.23446024 25266.15209385 24913.82164693 24386.46130504
 24647.36885871 24522.8357918  24808.54524616 24061.35292499
 24313.66080319 24856.86792508 24417.41031555 24449.85866708
 24483.78431684 25019.14632899 24459.82460219 24345.56513804
 24618.39953382 23988.18965602 24971.76997788 24356.59977128
 24400.54597247 24541.56632091]

The result for the 15th execution is
Time
104.86590313911438
Query Result
[24539. 24358. 24530. 25052. 24822. 24826. 24806. 24750. 24774. 25207.
 24526. 24751. 24979. 24569. 24741. 24858. 24754. 24557. 24920. 24809.
 25146. 24882. 25133. 24865. 25137. 25043. 24727. 25134. 25083. 24965.
 24594. 24719. 24377. 24313. 24697. 24517. 24374. 24541. 24693. 24550.
 24771. 24939. 24662. 24419. 24774. 24373. 24873. 24324. 24696. 24605.]
Noised Result
[25080.42646295 24630.14573056 24275.9692398  24673.10575397
 24522.17953267 25289.87956355 25018.80147001 24943.77314472
 24703.92877866 25295.74384465 24640.37154853 25082.48148466
 24604.46053134 25687.10365642 24605.45527145 25026.42508188
 24673.66255986 24212.96195083 25632.07868931 25014.144224
 24549.28141259 25189.53121953 25160.89578431 25028.60044708
 25098.36899521 24987.3734839  24395.67400562 25240.70239741
 25116.28412208 24873.41978933 24990.92686326 25676.51492302
 24265.65200117 24318.78466794 24640.46653148 24670.81949353
 24284.98337655 24393.36927311 24858.8285648  24446.91403342
 25204.77524574 24672.49019731 24611.97532204 24628.70078491
 24726.59327694 24383.70800582 24614.20261077 24478.17334514
 24623.86285671 24559.95601704]

The result for the 16th execution is
Time
101.7713794708252
Query Result
[24539. 24358. 24530. 25052. 24822. 24826. 24806. 24750. 24774. 25207.
 24526. 24751. 24979. 24569. 24741. 24858. 24754. 24557. 24920. 24809.
 25146. 24882. 25133. 24865. 25137. 25043. 24727. 25134. 25083. 24965.
 24594. 24719. 24377. 24313. 24697. 24517. 24374. 24541. 24693. 24550.
 24771. 24939. 24662. 24419. 24774. 24373. 24873. 24324. 24696. 24605.]
Noised Result
[24586.87003045 24042.81820692 23369.32708574 24659.7978174
 24491.91157531 24664.81105382 24901.24760413 24392.36275978
 24052.76531372 25549.44269429 24110.45996496 24480.10680495
 25065.15118764 24976.74400164 24564.72188378 24701.23888774
 24636.99314668 24557.87433488 25359.88770032 24892.91883783
 24567.05294703 24909.63231066 25376.55009631 24820.20834403
 25458.40791514 24505.69036704 25053.62380867 25267.84474298
 24371.82056234 24988.2001895  24664.09602059 24582.77219835
 24724.70213054 24217.35633784 24140.35979838 24805.33882976
 24234.61690511 23926.0409211  25440.2699135  24288.40953976
 24129.14799054 24600.19784163 24368.61868064 24603.60800156
 24853.83807182 24456.54272362 24768.97103298 24316.80761563
 24815.2877959  24538.08374237]

The result for the 17th execution is
Time
102.55322861671448
Query Result
[24539. 24358. 24530. 25052. 24822. 24826. 24806. 24750. 24774. 25207.
 24526. 24751. 24979. 24569. 24741. 24858. 24754. 24557. 24920. 24809.
 25146. 24882. 25133. 24865. 25137. 25043. 24727. 25134. 25083. 24965.
 24594. 24719. 24377. 24313. 24697. 24517. 24374. 24541. 24693. 24550.
 24771. 24939. 24662. 24419. 24774. 24373. 24873. 24324. 24696. 24605.]
Noised Result
[24345.65927042 24312.78319965 25036.03087819 25646.94238101
 24344.16467682 24751.96424896 25041.34997553 24600.83739284
 24803.38501105 24874.35808086 23989.07819666 24771.62775489
 25202.55168686 24571.85093961 24634.16666583 24703.71685094
 24577.63506126 23363.15822813 24753.82228395 24406.00151846
 24904.7490891  24565.10614886 25104.03704726 24705.11286581
 24334.19333344 25018.54306345 24417.0803545  24883.64202212
 25124.45613202 25551.10261485 24111.89381294 25137.70865642
 24673.30519721 24167.54940971 24546.25182507 24166.17690336
 24428.55398459 24389.59355496 24562.09316485 24126.46032748
 25518.47479469 24455.10009816 25107.77194747 24777.52802264
 24203.78597637 23735.19228726 24851.89640718 24365.26263898
 24508.3624864  24480.86506094]

The result for the 18th execution is
Time
101.37026190757751
Query Result
[24539. 24358. 24530. 25052. 24822. 24826. 24806. 24750. 24774. 25207.
 24526. 24751. 24979. 24569. 24741. 24858. 24754. 24557. 24920. 24809.
 25146. 24882. 25133. 24865. 25137. 25043. 24727. 25134. 25083. 24965.
 24594. 24719. 24377. 24313. 24697. 24517. 24374. 24541. 24693. 24550.
 24771. 24939. 24662. 24419. 24774. 24373. 24873. 24324. 24696. 24605.]
Noised Result
[24159.38327624 23955.79210619 24969.52077534 24486.54817312
 24771.52897753 25056.79471184 24162.68416094 24735.556216
 24484.89149619 25124.99841814 25179.72561258 24567.51670783
 25689.42201011 24481.26138939 25219.47266749 25009.69397483
 25025.86451472 25190.41495501 24861.56742638 24567.24749422
 24708.8638445  24427.05170917 25295.27025723 24297.18625534
 25515.65352676 25326.6641308  24160.03845149 25267.57046646
 24869.47374357 25552.46336264 24263.80964197 25186.88288733
 24985.25360182 24335.46879631 24305.97113202 24538.12929953
 24013.46550227 24440.93892817 24832.62004021 24452.58863748
 24031.65136276 24679.97738997 24333.29304828 24663.855826
 23896.95477746 24165.4700783  25014.01863417 24217.42579671
 24947.05620533 24333.4296351 ]

The result for the 19th execution is
Time
104.7040421962738
Query Result
[24539. 24358. 24530. 25052. 24822. 24826. 24806. 24750. 24774. 25207.
 24526. 24751. 24979. 24569. 24741. 24858. 24754. 24557. 24920. 24809.
 25146. 24882. 25133. 24865. 25137. 25043. 24727. 25134. 25083. 24965.
 24594. 24719. 24377. 24313. 24697. 24517. 24374. 24541. 24693. 24550.
 24771. 24939. 24662. 24419. 24774. 24373. 24873. 24324. 24696. 24605.]
Noised Result
[24728.92958222 24307.04402474 25136.37723022 25127.43091753
 24455.7536187  25497.70138113 25371.19569453 25225.42545387
 24980.76785173 26109.70133985 25131.73470169 24288.28194802
 25218.47084736 24093.30496834 25108.7267691  25768.7497621
 25014.86245424 24113.58209227 25482.749691   25426.42875113
 25127.74153068 24425.96796492 25713.31056249 24535.63666532
 24584.1095657  24039.73927344 25000.51018669 24953.43248703
 24918.79311421 25789.35310517 24797.98854376 24429.60315881
 25288.59363339 24696.10169691 25793.62519771 25503.05007152
 24901.03700875 23582.8463445  23429.281978   24065.02643412
 24480.78579283 25891.97802593 25475.98190234 22692.66275362
 25055.90109448 24124.82903438 25566.34568793 24846.69456365
 25302.80421198 24830.52788433]

