The result for the 0th execution is
Time
50.79058599472046
Query Result
[178785.7374442 174557.9006419 181130.7630288 178007.1700508
 178629.3175895 183981.5265132 179508.79962   182054.2632795
 178433.1835237 180642.1173946 178696.3642979 179316.7024019
 181096.2497966 180508.6027005 182030.653957  184468.8014629
 180275.230355  179953.9629626 173598.8735155 182313.2524184
 178368.3961764 178718.5234658 180338.0075024 176499.9877865
 184757.5974145 180573.7660357 177992.5390311 179124.1205403
 180323.0249267 181473.5591624 182039.6893376 177833.9126938
 183240.4912288 180618.9906626 181229.5197118 182358.4277789
 174869.4016534 185311.4580631 184284.3233316 175125.1999545
 180636.3556173 178430.3771843 178886.7568026 183465.099696
 180332.4180482 174354.0324156 175975.1614044 179908.0860251
 182143.987523  184142.4632921 183475.1104059 184568.6298516
 182252.5906059 179267.0429276 187281.4729137 182892.6616477
 185850.5213949 181438.7356254 178480.4138082 177548.2573749
 180054.4926496 183473.7215571 179885.7501657 182309.3135361
 177681.9543534 180855.5419212 178269.5511651 182300.2383694
 180198.2867652 184087.5169011 178445.2481758 173844.6310357
 185719.929527  185751.746743  178171.5912106 180441.4535649
 179631.0292587 182803.9687953 181366.0723144 178679.9412387
 179228.4130018 181938.7442667 182097.3414923 181308.7868121
 185634.4631112 180269.0231479 181732.3693378 182225.4799275
 184384.6590956 183596.9372481 179004.6382446 179701.9606384
 185200.7312639 179170.2083539 188103.1661247 184142.9635441
 179566.7185055 178852.4734473 179416.0976936 180572.346269 ]
Noised Result
[178949.51114424 168265.90001395 167403.26902184 181249.76031368
 180570.92440159 186108.7668959  185942.18359521 173093.99803847
 162561.62395099 169050.48340562 164826.23577807 174993.86154391
 164701.9094425  169521.05914631 187404.12030708 191406.86287837
 185957.71979128 189363.74016337 167236.40419742 179842.03334803
 188175.00856519 194598.84796565 192709.03491682 182695.37014594
 216858.95032217 187113.2524246  178005.9084479  175794.10259665
 189985.95610184 179078.19928535 169646.57985792 185537.68941001
 167969.89884492 188231.69450715 190896.9983344  176714.49703892
 158642.44634916 202072.85056218 186430.14817238 168878.36286892
 165593.8799737  186578.70400005 184008.99900318 180610.90493535
 156942.07966248 180005.30350934 186860.53629652 172597.78082304
 180296.00944815 180745.93937319 177703.40915    171546.12529856
 172747.18451898 162773.82153842 180946.62507798 188723.77614574
 191500.09504279 171822.58635665 197454.38009351 173265.96612718
 174028.18625875 184046.48633079 182611.60201632 182303.26373521
 185597.37218997 188311.08346098 176181.95818612 160923.89172607
 150296.24698576 154958.9451259  182754.29753109 166548.68127128
 191829.6973386  192992.63714508 157946.27871083 157496.00353609
 170468.49751673 185967.50213424 171023.04097868 179092.84059663
 188894.81815625 191628.91716326 173732.06852439 162146.35983269
 197717.10601788 181701.06845951 175165.79472431 167293.48035176
 178909.86934839 165026.18793752 176173.67432009 180659.91365994
 183379.27843717 164538.0033792  189095.36118183 183769.18479602
 167069.38716281 189221.46846584 181067.66164841 169362.18400285]

The result for the 1th execution is
Time
50.889580488204956
Query Result
[178785.7374442 174557.9006419 181130.7630288 178007.1700508
 178629.3175895 183981.5265132 179508.79962   182054.2632795
 178433.1835237 180642.1173946 178696.3642979 179316.7024019
 181096.2497966 180508.6027005 182030.653957  184468.8014629
 180275.230355  179953.9629626 173598.8735155 182313.2524184
 178368.3961764 178718.5234658 180338.0075024 176499.9877865
 184757.5974145 180573.7660357 177992.5390311 179124.1205403
 180323.0249267 181473.5591624 182039.6893376 177833.9126938
 183240.4912288 180618.9906626 181229.5197118 182358.4277789
 174869.4016534 185311.4580631 184284.3233316 175125.1999545
 180636.3556173 178430.3771843 178886.7568026 183465.099696
 180332.4180482 174354.0324156 175975.1614044 179908.0860251
 182143.987523  184142.4632921 183475.1104059 184568.6298516
 182252.5906059 179267.0429276 187281.4729137 182892.6616477
 185850.5213949 181438.7356254 178480.4138082 177548.2573749
 180054.4926496 183473.7215571 179885.7501657 182309.3135361
 177681.9543534 180855.5419212 178269.5511651 182300.2383694
 180198.2867652 184087.5169011 178445.2481758 173844.6310357
 185719.929527  185751.746743  178171.5912106 180441.4535649
 179631.0292587 182803.9687953 181366.0723144 178679.9412387
 179228.4130018 181938.7442667 182097.3414923 181308.7868121
 185634.4631112 180269.0231479 181732.3693378 182225.4799275
 184384.6590956 183596.9372481 179004.6382446 179701.9606384
 185200.7312639 179170.2083539 188103.1661247 184142.9635441
 179566.7185055 178852.4734473 179416.0976936 180572.346269 ]
Noised Result
[201986.92612648 161357.3687883  185104.88350678 192155.59706275
 210467.49735509 166170.59205006 176465.06806963 177056.97312423
 181218.03740732 187165.41447249 173241.35241953 142888.98897545
 164212.61988897 176746.92396409 166456.33569595 176089.42487985
 173881.62155315 175294.44301468 189799.01688846 167632.17740646
 174226.25921133 203716.35965646 191000.35462676 180673.91124347
 176564.03138159 204778.03006753 167711.52247568 196193.76779818
 179708.94128458 164230.67914194 183582.34423408 176679.10386813
 153353.55269649 173566.51661884 181948.97568254 202513.8064543
 148985.85541759 123383.05819288 185948.71382656 201362.10868307
 195695.0938093  170606.96278706 183258.47168136 179528.57598414
 200897.77873257 172657.83266418 166864.15622102 189527.76364457
 221628.89706343 188673.69788503 162846.38312055 172136.46755428
 191400.01683106 212681.5667435  184336.04026271 183277.43612089
 191934.09011721 191944.88226281 168177.19932244 177422.6094966
 181850.96783013 179656.96658406 181714.01170377 190525.05099211
 162698.46903024 194843.2286474  186444.09003162 163321.94553921
 186588.24141707 168669.4358327  162844.93569479 164771.89684581
 189435.41657363 184768.64029673 198108.81461808 192431.89148577
 149433.68056211 195982.32448082 198222.3472343  164514.56943744
 195718.9910886  163166.75671979 184868.59757131 214269.51257353
 196696.86775509 162108.76677712 173937.35929356 175759.21882656
 209825.28449066 169958.33435247 193211.29765252 158001.28529387
 166729.32773524 187337.10409977 169487.27613044 176185.16455861
 179870.17565505 210951.73933199 193336.16843505 187626.05669913]

The result for the 2th execution is
Time
51.15726351737976
Query Result
[178785.7374442 174557.9006419 181130.7630288 178007.1700508
 178629.3175895 183981.5265132 179508.79962   182054.2632795
 178433.1835237 180642.1173946 178696.3642979 179316.7024019
 181096.2497966 180508.6027005 182030.653957  184468.8014629
 180275.230355  179953.9629626 173598.8735155 182313.2524184
 178368.3961764 178718.5234658 180338.0075024 176499.9877865
 184757.5974145 180573.7660357 177992.5390311 179124.1205403
 180323.0249267 181473.5591624 182039.6893376 177833.9126938
 183240.4912288 180618.9906626 181229.5197118 182358.4277789
 174869.4016534 185311.4580631 184284.3233316 175125.1999545
 180636.3556173 178430.3771843 178886.7568026 183465.099696
 180332.4180482 174354.0324156 175975.1614044 179908.0860251
 182143.987523  184142.4632921 183475.1104059 184568.6298516
 182252.5906059 179267.0429276 187281.4729137 182892.6616477
 185850.5213949 181438.7356254 178480.4138082 177548.2573749
 180054.4926496 183473.7215571 179885.7501657 182309.3135361
 177681.9543534 180855.5419212 178269.5511651 182300.2383694
 180198.2867652 184087.5169011 178445.2481758 173844.6310357
 185719.929527  185751.746743  178171.5912106 180441.4535649
 179631.0292587 182803.9687953 181366.0723144 178679.9412387
 179228.4130018 181938.7442667 182097.3414923 181308.7868121
 185634.4631112 180269.0231479 181732.3693378 182225.4799275
 184384.6590956 183596.9372481 179004.6382446 179701.9606384
 185200.7312639 179170.2083539 188103.1661247 184142.9635441
 179566.7185055 178852.4734473 179416.0976936 180572.346269 ]
Noised Result
[165752.6198005  146247.48951993 153418.64417213 189781.3923133
 167417.73001683 178425.44040709 179635.21352085 187454.3722217
 167727.81953757 175873.98375538 171501.21295902 178772.73323772
 177809.21832584 196351.33886223 178870.15125443 181440.68416553
 155456.40095806 184749.20693071 172151.7773123  180229.07945718
 150443.16683825 195748.38195317 154985.80065248 158209.96092573
 189002.0419118  197346.2351944  173959.66139268 174312.19699356
 173112.31774075 194898.26899257 174163.70926409 189209.95960093
 186329.5704283  189890.26890163 170967.25514494 192610.49672125
 198113.76206181 194945.60961895 203599.22969032 171179.90470531
 184772.14308312 179754.45159412 182068.61873927 193870.03599478
 167491.91251222 179259.76515166 237503.23375012 163915.29139728
 178639.29646377 185471.5068555  170726.98719804 170791.86416291
 191484.86030731 200067.83871715 209984.41840877 217658.37237974
 205878.16085236 201468.24113835 196225.87762453 193941.08896982
 190022.38866391 187551.48443958 170461.91930251 164628.01466979
 173911.58489142 203965.40908719 175215.06606582 157788.26703943
 178629.24853879 172234.57825811 170675.75218876 166270.23417314
 151099.50557623 152910.76480161 171933.66084808 172870.65059845
 181179.73336125 184685.81734199 189169.41852719 190096.03566093
 202530.67691934 154652.27157541 156468.36905718 178030.93708173
 181719.25515219 180537.39668232 182853.54794692 167312.63131044
 178649.49341434 138479.69424805 171108.75698157 217829.03727292
 184197.11695602 184789.76644202 193854.70361728 214521.43397053
 173930.27784987 186773.5144637  166438.86210253 177387.00890463]

The result for the 3th execution is
Time
50.34416317939758
Query Result
[178785.7374442 174557.9006419 181130.7630288 178007.1700508
 178629.3175895 183981.5265132 179508.79962   182054.2632795
 178433.1835237 180642.1173946 178696.3642979 179316.7024019
 181096.2497966 180508.6027005 182030.653957  184468.8014629
 180275.230355  179953.9629626 173598.8735155 182313.2524184
 178368.3961764 178718.5234658 180338.0075024 176499.9877865
 184757.5974145 180573.7660357 177992.5390311 179124.1205403
 180323.0249267 181473.5591624 182039.6893376 177833.9126938
 183240.4912288 180618.9906626 181229.5197118 182358.4277789
 174869.4016534 185311.4580631 184284.3233316 175125.1999545
 180636.3556173 178430.3771843 178886.7568026 183465.099696
 180332.4180482 174354.0324156 175975.1614044 179908.0860251
 182143.987523  184142.4632921 183475.1104059 184568.6298516
 182252.5906059 179267.0429276 187281.4729137 182892.6616477
 185850.5213949 181438.7356254 178480.4138082 177548.2573749
 180054.4926496 183473.7215571 179885.7501657 182309.3135361
 177681.9543534 180855.5419212 178269.5511651 182300.2383694
 180198.2867652 184087.5169011 178445.2481758 173844.6310357
 185719.929527  185751.746743  178171.5912106 180441.4535649
 179631.0292587 182803.9687953 181366.0723144 178679.9412387
 179228.4130018 181938.7442667 182097.3414923 181308.7868121
 185634.4631112 180269.0231479 181732.3693378 182225.4799275
 184384.6590956 183596.9372481 179004.6382446 179701.9606384
 185200.7312639 179170.2083539 188103.1661247 184142.9635441
 179566.7185055 178852.4734473 179416.0976936 180572.346269 ]
Noised Result
[169648.68585234 151620.40895721 191772.55089941 188858.68301053
 190509.66075983 158131.72000609 208205.69070555 224481.2078738
 159410.41703631 169053.71178263 170012.47883252 175723.20687864
 151306.59483472 185293.51184085 171090.2093445  174561.41711036
 159228.11216078 187073.05189226 186958.87007112 192457.89432397
 167739.70412932 201662.8703496  208351.49958022 190344.6541768
 187774.89844952 193088.47969237 178910.58590465 187051.10556527
 172812.51189193 196443.87038808 183454.40577436 173475.70743479
 180701.2663895  204097.64767939 198851.14833906 191873.78740801
 169882.38134417 181349.32607724 188104.31587361 156452.42441734
 173191.98209276 145782.77603369 160506.45624862 195654.15512747
 180434.70093038 150328.95941181 169677.18251882 188628.17905056
 167187.55579727 179940.06052461 149969.5334915  192827.59118505
 176314.06941832 166868.55227036 219810.15173112 209349.84422679
 219634.63581805 184263.3729095  180651.39380356 185996.76235865
 161993.29958931 191430.51252256 158981.58501593 195269.46674206
 151550.60267249 182346.6662959  199968.55325428 226968.85097533
 158397.70745545 169628.17569624 189456.49841869 163564.29957564
 196481.57764195 160877.58609133 186586.73321149 188495.3387626
 170321.13338218 175880.0227893  171587.15274076 188557.64414327
 183061.86135069 179478.0396568  176050.81369322 179289.6179345
 191818.32077207 187469.72388444 178129.19321161 183840.22399737
 204123.90360472 203058.58056159 171013.91703881 191551.09198867
 195011.91585784 169574.55964825 174058.60505101 168152.92054467
 193239.815994   181204.86943229 156541.72851589 170196.18353299]

The result for the 4th execution is
Time
50.4694037437439
Query Result
[178785.7374442 174557.9006419 181130.7630288 178007.1700508
 178629.3175895 183981.5265132 179508.79962   182054.2632795
 178433.1835237 180642.1173946 178696.3642979 179316.7024019
 181096.2497966 180508.6027005 182030.653957  184468.8014629
 180275.230355  179953.9629626 173598.8735155 182313.2524184
 178368.3961764 178718.5234658 180338.0075024 176499.9877865
 184757.5974145 180573.7660357 177992.5390311 179124.1205403
 180323.0249267 181473.5591624 182039.6893376 177833.9126938
 183240.4912288 180618.9906626 181229.5197118 182358.4277789
 174869.4016534 185311.4580631 184284.3233316 175125.1999545
 180636.3556173 178430.3771843 178886.7568026 183465.099696
 180332.4180482 174354.0324156 175975.1614044 179908.0860251
 182143.987523  184142.4632921 183475.1104059 184568.6298516
 182252.5906059 179267.0429276 187281.4729137 182892.6616477
 185850.5213949 181438.7356254 178480.4138082 177548.2573749
 180054.4926496 183473.7215571 179885.7501657 182309.3135361
 177681.9543534 180855.5419212 178269.5511651 182300.2383694
 180198.2867652 184087.5169011 178445.2481758 173844.6310357
 185719.929527  185751.746743  178171.5912106 180441.4535649
 179631.0292587 182803.9687953 181366.0723144 178679.9412387
 179228.4130018 181938.7442667 182097.3414923 181308.7868121
 185634.4631112 180269.0231479 181732.3693378 182225.4799275
 184384.6590956 183596.9372481 179004.6382446 179701.9606384
 185200.7312639 179170.2083539 188103.1661247 184142.9635441
 179566.7185055 178852.4734473 179416.0976936 180572.346269 ]
Noised Result
[161690.16891447 201081.98340228 158952.12123207 192949.99149314
 162273.83888288 197164.66139717 195734.58098537 170214.3788654
 156110.21991045 155358.22307287 151430.04008092 178505.55656397
 163078.57126915 174537.76921158 185272.94866492 197911.17508869
 188306.39774797 170052.68337451 196698.04315929 167404.5083645
 148675.85970519 168785.99724587 175882.36848047 162325.47753795
 191313.93370224 162107.47285364 187364.2298518  166083.38453986
 174235.18525899 151903.82100968 163778.25404843 177943.71079805
 183551.68571495 189201.5300099  199499.74095263 190515.3655051
 161473.32384742 196102.27499189 195635.6801658  118367.94965865
 156712.28383522 206346.29472683 191338.38803178 219988.94647199
 170709.64928915 158936.80373415 168557.34892    170129.91445989
 185881.94935967 183145.25541423 207572.27015184 177338.78042751
 191826.88384814 185984.983673   183037.2692152  211163.1243186
 178360.45051349 155889.828938   162851.50921791 187863.07522468
 172599.72047572 169942.68705125 175998.06125409 169504.56456022
 181535.67472149 174877.45478115 169058.75709304 196931.59473605
 161293.51385958 202782.79419806 179285.55719263 167947.46718605
 187222.78867568 183550.28611576 197650.62020368 178939.5278326
 183653.31641636 188000.43833531 186087.98596941 172920.20519587
 185231.19594437 206146.83625442 177917.31922862 207046.40608766
 181558.45284582 186308.42316096 185493.02567695 177864.37315074
 176891.3122993  155537.79500263 165840.15366165 172833.81607542
 212534.93779926 177578.15437631 202608.53976573 185637.00602583
 188536.80412446 184382.89763502 165989.19777251 206834.61392443]

The result for the 5th execution is
Time
50.70367693901062
Query Result
[178785.7374442 174557.9006419 181130.7630288 178007.1700508
 178629.3175895 183981.5265132 179508.79962   182054.2632795
 178433.1835237 180642.1173946 178696.3642979 179316.7024019
 181096.2497966 180508.6027005 182030.653957  184468.8014629
 180275.230355  179953.9629626 173598.8735155 182313.2524184
 178368.3961764 178718.5234658 180338.0075024 176499.9877865
 184757.5974145 180573.7660357 177992.5390311 179124.1205403
 180323.0249267 181473.5591624 182039.6893376 177833.9126938
 183240.4912288 180618.9906626 181229.5197118 182358.4277789
 174869.4016534 185311.4580631 184284.3233316 175125.1999545
 180636.3556173 178430.3771843 178886.7568026 183465.099696
 180332.4180482 174354.0324156 175975.1614044 179908.0860251
 182143.987523  184142.4632921 183475.1104059 184568.6298516
 182252.5906059 179267.0429276 187281.4729137 182892.6616477
 185850.5213949 181438.7356254 178480.4138082 177548.2573749
 180054.4926496 183473.7215571 179885.7501657 182309.3135361
 177681.9543534 180855.5419212 178269.5511651 182300.2383694
 180198.2867652 184087.5169011 178445.2481758 173844.6310357
 185719.929527  185751.746743  178171.5912106 180441.4535649
 179631.0292587 182803.9687953 181366.0723144 178679.9412387
 179228.4130018 181938.7442667 182097.3414923 181308.7868121
 185634.4631112 180269.0231479 181732.3693378 182225.4799275
 184384.6590956 183596.9372481 179004.6382446 179701.9606384
 185200.7312639 179170.2083539 188103.1661247 184142.9635441
 179566.7185055 178852.4734473 179416.0976936 180572.346269 ]
Noised Result
[156187.73643026 188653.82566195 185425.3217655  192716.16702192
 178956.91602349 160396.02555313 151891.56896291 205532.41139242
 162486.8540954  198798.25858234 168738.65093423 186281.39414468
 172585.69137284 163603.28503115 192984.06173814 191318.66584487
 156079.0185274  153357.92150442 168479.93563671 180642.32077269
 203346.80679091 163293.3127196  207044.01860118 184320.06194898
 173049.30837292 177478.15090718 138986.24086928 187501.20665935
 195183.67121545 175233.02905005 206895.84568624 177003.44617071
 176261.83628427 182278.52453773 186744.92028515 192981.51647035
 186024.80405819 157033.7672624  141746.87622047 152157.72713048
 186119.91901301 172761.03867633 172760.14851049 192481.14859937
 179935.54049644 174918.70007596 171065.28666758 172850.69915848
 191128.14325365 184706.89252805 169606.92781264 185642.86346858
 146051.73332357 180805.25840919 205621.59640739 181390.38684771
 186758.01183161 180031.46238081 203561.19351947 197511.34389742
 171064.69022774 161731.82434771 172987.9268613  144395.2738439
 182937.6089481  194717.76275944 167284.74736762 153791.45032058
 195092.7202716  188540.24302637 219725.34861414 139092.6659721
 198782.13406614 186165.65898973 196494.75507203 169259.94836346
 168996.93253676 184276.85638568 178060.0743521  183941.64246192
 188118.78415104 184246.01448981 174605.8372959  157964.5933071
 182672.03091651 193991.29588755 186159.45296556 207317.89799291
 165510.3977898  167153.3126889  192972.81698637 190478.88970019
 191064.34016238 186079.17904709 177495.7028759  197368.03414028
 188818.6868875  184891.19902082 146137.50443084 185435.35841021]

The result for the 6th execution is
Time
54.1852331161499
Query Result
[178785.7374442 174557.9006419 181130.7630288 178007.1700508
 178629.3175895 183981.5265132 179508.79962   182054.2632795
 178433.1835237 180642.1173946 178696.3642979 179316.7024019
 181096.2497966 180508.6027005 182030.653957  184468.8014629
 180275.230355  179953.9629626 173598.8735155 182313.2524184
 178368.3961764 178718.5234658 180338.0075024 176499.9877865
 184757.5974145 180573.7660357 177992.5390311 179124.1205403
 180323.0249267 181473.5591624 182039.6893376 177833.9126938
 183240.4912288 180618.9906626 181229.5197118 182358.4277789
 174869.4016534 185311.4580631 184284.3233316 175125.1999545
 180636.3556173 178430.3771843 178886.7568026 183465.099696
 180332.4180482 174354.0324156 175975.1614044 179908.0860251
 182143.987523  184142.4632921 183475.1104059 184568.6298516
 182252.5906059 179267.0429276 187281.4729137 182892.6616477
 185850.5213949 181438.7356254 178480.4138082 177548.2573749
 180054.4926496 183473.7215571 179885.7501657 182309.3135361
 177681.9543534 180855.5419212 178269.5511651 182300.2383694
 180198.2867652 184087.5169011 178445.2481758 173844.6310357
 185719.929527  185751.746743  178171.5912106 180441.4535649
 179631.0292587 182803.9687953 181366.0723144 178679.9412387
 179228.4130018 181938.7442667 182097.3414923 181308.7868121
 185634.4631112 180269.0231479 181732.3693378 182225.4799275
 184384.6590956 183596.9372481 179004.6382446 179701.9606384
 185200.7312639 179170.2083539 188103.1661247 184142.9635441
 179566.7185055 178852.4734473 179416.0976936 180572.346269 ]
Noised Result
[ 692445.26571786 -261352.67390564 -400238.08528707  644278.30585543
 1040284.57495625  113380.07282406  985622.49781289 -229863.09088485
  207756.66400749  815062.0038789  1235044.24124959 1438546.08758385
  642495.66083645  622202.82854288 1081269.89721386  884758.8757196
 -381233.23479368  821862.19364982  276207.69957517 -439238.43875402
 1265624.27570482  334554.8433297  -699332.98627294 -284720.85465729
  752800.42915236  506156.97581981  907047.06602768 -633472.72239408
 -386544.90463063 1124492.96154883  722144.3723176   470496.26883134
  261061.07362939   -9019.55742     197684.26717179 -656786.52916016
  953940.2734969   701552.58118135  360615.91215666  320058.39718567
  395884.22570405  463088.81413454 -506354.01704755 -120295.54520447
  268972.75029372  330241.67106717 -321448.15240993  630474.3425766
   42965.44712587 1354935.15548342 -510386.09700858  802265.61247681
  673322.72463764  383219.52673224 1151122.47856606 -233210.23423285
 -616277.32622026 -824488.05359791  692598.13754765 -180282.97613169
 1231680.9576519  2287251.36622922 -536517.53843233  306632.68047073
  278918.02175322  219101.44365831 -165887.17727973 -576689.64271374
 1180874.55325915  686495.27070447  892522.235214   -639480.09342362
 1246984.84589587 -865983.8309266   492653.55986148 -490055.72713722
 -226526.64480617  -99309.31842591  -11213.05389477 1014651.81602486
 -354013.72228968 1037078.36263803   67281.5810807   -99724.64087158
  -54584.2424595  -102545.24398788  258536.66713858 -454012.7100131
   46805.34554965  -63611.86487725  324307.64628033 -649487.82920188
  346573.21000666 -446016.36363227  358879.32946163  268128.47081875
   55780.98753894 -563632.66107123 -183405.79316548  471783.48902261]

The result for the 7th execution is
Time
52.28946089744568
Query Result
[178785.7374442 174557.9006419 181130.7630288 178007.1700508
 178629.3175895 183981.5265132 179508.79962   182054.2632795
 178433.1835237 180642.1173946 178696.3642979 179316.7024019
 181096.2497966 180508.6027005 182030.653957  184468.8014629
 180275.230355  179953.9629626 173598.8735155 182313.2524184
 178368.3961764 178718.5234658 180338.0075024 176499.9877865
 184757.5974145 180573.7660357 177992.5390311 179124.1205403
 180323.0249267 181473.5591624 182039.6893376 177833.9126938
 183240.4912288 180618.9906626 181229.5197118 182358.4277789
 174869.4016534 185311.4580631 184284.3233316 175125.1999545
 180636.3556173 178430.3771843 178886.7568026 183465.099696
 180332.4180482 174354.0324156 175975.1614044 179908.0860251
 182143.987523  184142.4632921 183475.1104059 184568.6298516
 182252.5906059 179267.0429276 187281.4729137 182892.6616477
 185850.5213949 181438.7356254 178480.4138082 177548.2573749
 180054.4926496 183473.7215571 179885.7501657 182309.3135361
 177681.9543534 180855.5419212 178269.5511651 182300.2383694
 180198.2867652 184087.5169011 178445.2481758 173844.6310357
 185719.929527  185751.746743  178171.5912106 180441.4535649
 179631.0292587 182803.9687953 181366.0723144 178679.9412387
 179228.4130018 181938.7442667 182097.3414923 181308.7868121
 185634.4631112 180269.0231479 181732.3693378 182225.4799275
 184384.6590956 183596.9372481 179004.6382446 179701.9606384
 185200.7312639 179170.2083539 188103.1661247 184142.9635441
 179566.7185055 178852.4734473 179416.0976936 180572.346269 ]
Noised Result
[219082.93645548 207389.3113516  172234.0762897  173527.38220554
 182682.25465268 176465.88590205 208403.43442028 186954.92770815
 183815.98341295 215402.22423935 130155.3501967  183538.65362821
 150646.67306546 165970.89340144 238771.33730003 156015.43099777
 189895.66665895 218997.74208863 195662.34862815 198971.10988631
 201448.37143135 186721.4193475  199119.75620637 220938.87884104
 177159.43086044 190954.56676046 123925.38381189 173981.30322595
 162252.84963981 169085.50169244 176354.140627   172532.72689274
 149087.66964676 206498.06443924 236467.26928752 196018.1479351
 172343.94980648 189640.94922565 172480.81485517 180174.53642398
 159287.72270084 202404.01120873 166981.68095227 224244.67579725
 174672.71716394 192103.57532616 170235.77574626 197185.36044211
 190361.78027403 136321.02117154 195046.85167966 210641.03189564
 184734.61448478 168884.22019452 182018.08670001 166583.43926317
 214090.50175085 194025.83603114 129348.79630928 188334.82041095
 175445.93302174 206831.66946676 180254.56666936 178341.00259861
 172482.69048552 179205.76851159 153989.67255956 152534.61946771
 128518.85620262 181468.43363491 234573.53818875 187395.04973567
 169973.83417436 173027.35029733 195572.54993091 138323.7428447
 176558.09110353 207079.63316397 165701.73295934 183370.2419201
 196946.39356275 178879.50482244 140095.84607297 181557.68553115
 218865.99223682 172680.03657678 180313.91638873 165455.98949273
 199187.56782831 217107.9896799  176523.64922082 174627.24168218
 192417.30842302 149970.00733416 200013.67796501 213183.46346973
 174794.1074055  178397.94160361 158490.13852677 180303.20947705]

The result for the 8th execution is
Time
50.683812379837036
Query Result
[178785.7374442 174557.9006419 181130.7630288 178007.1700508
 178629.3175895 183981.5265132 179508.79962   182054.2632795
 178433.1835237 180642.1173946 178696.3642979 179316.7024019
 181096.2497966 180508.6027005 182030.653957  184468.8014629
 180275.230355  179953.9629626 173598.8735155 182313.2524184
 178368.3961764 178718.5234658 180338.0075024 176499.9877865
 184757.5974145 180573.7660357 177992.5390311 179124.1205403
 180323.0249267 181473.5591624 182039.6893376 177833.9126938
 183240.4912288 180618.9906626 181229.5197118 182358.4277789
 174869.4016534 185311.4580631 184284.3233316 175125.1999545
 180636.3556173 178430.3771843 178886.7568026 183465.099696
 180332.4180482 174354.0324156 175975.1614044 179908.0860251
 182143.987523  184142.4632921 183475.1104059 184568.6298516
 182252.5906059 179267.0429276 187281.4729137 182892.6616477
 185850.5213949 181438.7356254 178480.4138082 177548.2573749
 180054.4926496 183473.7215571 179885.7501657 182309.3135361
 177681.9543534 180855.5419212 178269.5511651 182300.2383694
 180198.2867652 184087.5169011 178445.2481758 173844.6310357
 185719.929527  185751.746743  178171.5912106 180441.4535649
 179631.0292587 182803.9687953 181366.0723144 178679.9412387
 179228.4130018 181938.7442667 182097.3414923 181308.7868121
 185634.4631112 180269.0231479 181732.3693378 182225.4799275
 184384.6590956 183596.9372481 179004.6382446 179701.9606384
 185200.7312639 179170.2083539 188103.1661247 184142.9635441
 179566.7185055 178852.4734473 179416.0976936 180572.346269 ]
Noised Result
[188770.83272411 173017.50812362 186220.30632654 184755.09188673
 211027.11149637 196725.56482399 195107.94866538 175156.98331477
 199308.36608422 185445.40084219 172449.94289362 189774.46231877
 181153.60420808 193114.91806024 173898.50147568 188747.76377669
 181590.36086337 163603.88326874 159968.66146239 185582.76671947
 185389.97332462 156733.38246175 168582.86933785 160641.31883038
 200966.52209003 164409.11260052 185750.74238763 201793.25202527
 189926.78211423 210038.00118229 149046.98763006 191400.30670538
 192497.14035647 180212.89941023 163084.2092821  167385.58058709
 157097.32808443 174256.87888272 167047.22472885 169921.2911326
 186749.05577017 213030.8259951  178085.97061095 187101.33266135
 198736.34831092 152951.9662466  178433.28494103 198766.9967279
 192523.52710485 221723.74294481 202849.57603453 206730.71050518
 183812.21162247 183717.71259466 176733.03866019 191739.15443726
 160939.13656418 166340.82469075 204638.12378809 174286.74594602
 163234.95756625 182681.34480216 179551.9611469  164604.19355299
 186623.80223346 203251.33007227 204153.98591631 160426.72089946
 222108.08912477 172355.70628775 187265.53693841 160232.66398498
 182358.60380255 215176.87849547 201447.56296677 184022.56551868
 149868.11639238 169762.1690564  175903.32888427 207777.61377388
 171321.38497668 182751.93792511 181821.44350791 187339.01100798
 171555.47850599 193755.19919687 187622.37697109 209307.21511002
 220869.72283482 193517.26680134 170112.26524272 126451.71642917
 149313.34125611 157504.73255324 177261.63054809 169622.20032757
 211955.96214485 176571.87360465 143582.19260941 225733.82556165]

The result for the 9th execution is
Time
50.626875162124634
Query Result
[178785.7374442 174557.9006419 181130.7630288 178007.1700508
 178629.3175895 183981.5265132 179508.79962   182054.2632795
 178433.1835237 180642.1173946 178696.3642979 179316.7024019
 181096.2497966 180508.6027005 182030.653957  184468.8014629
 180275.230355  179953.9629626 173598.8735155 182313.2524184
 178368.3961764 178718.5234658 180338.0075024 176499.9877865
 184757.5974145 180573.7660357 177992.5390311 179124.1205403
 180323.0249267 181473.5591624 182039.6893376 177833.9126938
 183240.4912288 180618.9906626 181229.5197118 182358.4277789
 174869.4016534 185311.4580631 184284.3233316 175125.1999545
 180636.3556173 178430.3771843 178886.7568026 183465.099696
 180332.4180482 174354.0324156 175975.1614044 179908.0860251
 182143.987523  184142.4632921 183475.1104059 184568.6298516
 182252.5906059 179267.0429276 187281.4729137 182892.6616477
 185850.5213949 181438.7356254 178480.4138082 177548.2573749
 180054.4926496 183473.7215571 179885.7501657 182309.3135361
 177681.9543534 180855.5419212 178269.5511651 182300.2383694
 180198.2867652 184087.5169011 178445.2481758 173844.6310357
 185719.929527  185751.746743  178171.5912106 180441.4535649
 179631.0292587 182803.9687953 181366.0723144 178679.9412387
 179228.4130018 181938.7442667 182097.3414923 181308.7868121
 185634.4631112 180269.0231479 181732.3693378 182225.4799275
 184384.6590956 183596.9372481 179004.6382446 179701.9606384
 185200.7312639 179170.2083539 188103.1661247 184142.9635441
 179566.7185055 178852.4734473 179416.0976936 180572.346269 ]
Noised Result
[173845.27682222 189220.99048176 177967.48902518 207412.669078
 195098.7432332  197556.96213066 185410.92285349 177234.26793435
 173342.57085089 213581.16906982 190910.84816629 185081.23425287
 182176.30154824 204700.28515467 172828.39593222 198774.7168821
 165841.62196239 154284.85766392 180485.29059497 169599.70554489
 155825.43207947 157837.67085234 142531.84372559 154283.75090827
 143091.97037443 154617.72503935 210371.3284182  186048.08345105
 178898.19574151 165627.17944452 179390.33577275 205129.58825482
 174982.80083412 190195.05439131 212050.33043995 188141.8174221
 168011.93039647 197743.40094112 184526.79453711 161842.74723692
 186870.54127487 164572.79111872 246313.76673327 174435.2704883
 204316.71301788 186427.30699499 175977.54434251 176875.03618
 152374.14396128 196503.85515843 193722.24862755 165861.26342635
 152384.42889605 180166.20982445 204036.05685957 165006.60261552
 222792.81590081 204904.28962443 184055.2346343  181114.12564222
 178812.54269864 157435.54007834 178443.74238488 202588.43291507
 160148.37321902 198729.13409942 175338.87581156 135833.15056609
 185013.56989857 211742.85174766 156981.22405271 174293.3639382
 208846.24810355 190342.25831942 181362.17027789 204693.99123554
 163385.32829379 173417.91226669 202450.18595456 187521.35153504
 195509.76122341 163147.10116871 177324.59625039 193500.32728378
 176955.93014171 207848.29223574 164632.11023151 185157.86376368
 172719.57250086 190262.59406979 183438.21278988 200301.12623687
 205630.37173013 187393.16108898 162080.07012791 193848.36970348
 190683.70346915 178722.95096062 153516.16340461 195921.80877316]

The result for the 10th execution is
Time
50.65691065788269
Query Result
[178785.7374442 174557.9006419 181130.7630288 178007.1700508
 178629.3175895 183981.5265132 179508.79962   182054.2632795
 178433.1835237 180642.1173946 178696.3642979 179316.7024019
 181096.2497966 180508.6027005 182030.653957  184468.8014629
 180275.230355  179953.9629626 173598.8735155 182313.2524184
 178368.3961764 178718.5234658 180338.0075024 176499.9877865
 184757.5974145 180573.7660357 177992.5390311 179124.1205403
 180323.0249267 181473.5591624 182039.6893376 177833.9126938
 183240.4912288 180618.9906626 181229.5197118 182358.4277789
 174869.4016534 185311.4580631 184284.3233316 175125.1999545
 180636.3556173 178430.3771843 178886.7568026 183465.099696
 180332.4180482 174354.0324156 175975.1614044 179908.0860251
 182143.987523  184142.4632921 183475.1104059 184568.6298516
 182252.5906059 179267.0429276 187281.4729137 182892.6616477
 185850.5213949 181438.7356254 178480.4138082 177548.2573749
 180054.4926496 183473.7215571 179885.7501657 182309.3135361
 177681.9543534 180855.5419212 178269.5511651 182300.2383694
 180198.2867652 184087.5169011 178445.2481758 173844.6310357
 185719.929527  185751.746743  178171.5912106 180441.4535649
 179631.0292587 182803.9687953 181366.0723144 178679.9412387
 179228.4130018 181938.7442667 182097.3414923 181308.7868121
 185634.4631112 180269.0231479 181732.3693378 182225.4799275
 184384.6590956 183596.9372481 179004.6382446 179701.9606384
 185200.7312639 179170.2083539 188103.1661247 184142.9635441
 179566.7185055 178852.4734473 179416.0976936 180572.346269 ]
Noised Result
[182883.22699951 159068.67504687 161815.77443403 176738.70719299
 177254.01350725 165996.41253356 172451.79981045 185158.96926339
 188162.79798596 163946.78293394 196474.38164195 158606.25634654
 157498.59122384 184376.37377976 190709.72957832 190450.88767582
 180801.79214783 160800.62865341 177145.24497451 210957.8879233
 162753.00133112 178206.2907442  208691.45148497 187732.7192361
 168944.42341499 174205.88265681 163114.72618113 161275.71199039
 185640.6603108  174159.95549027 195621.57218538 149124.7299491
 191613.47955238 189406.85186393 202338.42063668 171655.14375007
 200525.82099294 179390.17878357 180780.46807697 203034.44572926
 160586.62622952 169777.23423367 184398.04781092 180887.76228775
 144358.50673533 159052.78508287 195785.46366699 164540.80641761
 188350.00403846 209104.30536399 197001.50538172 203748.006979
 176357.1268588  198569.47399817 184413.89877731 194909.48413341
 149482.35256137 186723.90858917 173454.92268305 212107.43314204
 180737.05277384 191658.58342698 168290.09550436 202845.67070852
 159587.24734515 181322.43506875 188280.8730696  196989.89153249
 195798.93963318 191755.18527352 199134.97996343 148658.05635043
 196693.48373852 195955.12031872 158603.48276037 194930.42355924
 178021.83034454 166973.772149   194257.69338048 152710.18715291
 156914.59476035 174542.29508467 170774.554349   161442.50788957
 173918.5233067  182749.89772124 173758.99973543 176236.74564438
 209717.0684295  192230.35090359 149460.53565268 184311.07459433
 198946.98250369 180601.58112878 191866.83176722 171998.62224791
 203411.1480246  170187.23826144 205469.39951961 188689.46801447]

The result for the 11th execution is
Time
50.89055109024048
Query Result
[178785.7374442 174557.9006419 181130.7630288 178007.1700508
 178629.3175895 183981.5265132 179508.79962   182054.2632795
 178433.1835237 180642.1173946 178696.3642979 179316.7024019
 181096.2497966 180508.6027005 182030.653957  184468.8014629
 180275.230355  179953.9629626 173598.8735155 182313.2524184
 178368.3961764 178718.5234658 180338.0075024 176499.9877865
 184757.5974145 180573.7660357 177992.5390311 179124.1205403
 180323.0249267 181473.5591624 182039.6893376 177833.9126938
 183240.4912288 180618.9906626 181229.5197118 182358.4277789
 174869.4016534 185311.4580631 184284.3233316 175125.1999545
 180636.3556173 178430.3771843 178886.7568026 183465.099696
 180332.4180482 174354.0324156 175975.1614044 179908.0860251
 182143.987523  184142.4632921 183475.1104059 184568.6298516
 182252.5906059 179267.0429276 187281.4729137 182892.6616477
 185850.5213949 181438.7356254 178480.4138082 177548.2573749
 180054.4926496 183473.7215571 179885.7501657 182309.3135361
 177681.9543534 180855.5419212 178269.5511651 182300.2383694
 180198.2867652 184087.5169011 178445.2481758 173844.6310357
 185719.929527  185751.746743  178171.5912106 180441.4535649
 179631.0292587 182803.9687953 181366.0723144 178679.9412387
 179228.4130018 181938.7442667 182097.3414923 181308.7868121
 185634.4631112 180269.0231479 181732.3693378 182225.4799275
 184384.6590956 183596.9372481 179004.6382446 179701.9606384
 185200.7312639 179170.2083539 188103.1661247 184142.9635441
 179566.7185055 178852.4734473 179416.0976936 180572.346269 ]
Noised Result
[177055.57694804 177967.39289704 202533.46862139 144858.78344537
 190030.67060994 160519.50928611 180022.61824781 220560.7940626
 183578.17343078 210436.14416281 178297.08257806 218981.1811299
 197889.63164708 209976.38359032 190057.03049976 217879.32937419
 193377.39856573 185660.54229293 175773.68797646 196354.81561782
 137525.00012706 128054.12586323 169313.42792181 184708.97606202
 182915.04390268 163261.61908693 187463.91762474 168689.59207001
 199540.90659911 171125.09270716 193913.56987373 162222.25385981
 220493.89916361 179670.43179746 190376.68348463 220616.48235914
 169269.9339686  144612.41257651 226733.46491086 191226.06150835
 211506.63254305 216033.81902156 169838.6206236  206080.9731935
 192153.33685704 166738.44424724 223302.74870731 201290.68124879
 209010.40298485 188026.47844471 193952.67362557 160677.86463956
 231974.73588029 180489.74405797 208673.53706838 146113.30267933
 174400.02381077 193366.55010127 171071.27582532 209510.64051635
 125275.92903977 154674.11761115 218433.90191779 217921.30016515
 192800.7299994  190546.14940087 144425.84701696 217913.66953422
 195302.71622264 165418.89945677 200511.99388925 172567.55309069
 176311.37594227 186342.75214456 157448.27446028 190142.68963507
 169980.48298439 170407.05502808 173478.35528663 163376.16602686
 193827.57963912 190793.1997668  168199.8136652  153160.49597275
 220518.2388904  178118.6815986  167049.83072137 192453.80102713
 154751.40488022 225730.97856497 165665.87795654 173600.46538696
 189175.38285104 166156.65329691 205993.79650464 193885.03615063
 189376.41658117 166821.17940494 178872.14155537 176365.54631483]

The result for the 12th execution is
Time
50.92003107070923
Query Result
[178785.7374442 174557.9006419 181130.7630288 178007.1700508
 178629.3175895 183981.5265132 179508.79962   182054.2632795
 178433.1835237 180642.1173946 178696.3642979 179316.7024019
 181096.2497966 180508.6027005 182030.653957  184468.8014629
 180275.230355  179953.9629626 173598.8735155 182313.2524184
 178368.3961764 178718.5234658 180338.0075024 176499.9877865
 184757.5974145 180573.7660357 177992.5390311 179124.1205403
 180323.0249267 181473.5591624 182039.6893376 177833.9126938
 183240.4912288 180618.9906626 181229.5197118 182358.4277789
 174869.4016534 185311.4580631 184284.3233316 175125.1999545
 180636.3556173 178430.3771843 178886.7568026 183465.099696
 180332.4180482 174354.0324156 175975.1614044 179908.0860251
 182143.987523  184142.4632921 183475.1104059 184568.6298516
 182252.5906059 179267.0429276 187281.4729137 182892.6616477
 185850.5213949 181438.7356254 178480.4138082 177548.2573749
 180054.4926496 183473.7215571 179885.7501657 182309.3135361
 177681.9543534 180855.5419212 178269.5511651 182300.2383694
 180198.2867652 184087.5169011 178445.2481758 173844.6310357
 185719.929527  185751.746743  178171.5912106 180441.4535649
 179631.0292587 182803.9687953 181366.0723144 178679.9412387
 179228.4130018 181938.7442667 182097.3414923 181308.7868121
 185634.4631112 180269.0231479 181732.3693378 182225.4799275
 184384.6590956 183596.9372481 179004.6382446 179701.9606384
 185200.7312639 179170.2083539 188103.1661247 184142.9635441
 179566.7185055 178852.4734473 179416.0976936 180572.346269 ]
Noised Result
[212193.52372878 101796.71741059 193610.11846092 159062.27676035
 227828.69276556 179332.24759581 244719.52659537 205360.94524956
 171472.79002034 157593.33728091 174873.90484325 149543.93155008
 114632.8896284  128640.25927036 162245.32896073 174642.84883507
 179368.67857049 248034.51602927 184089.79820804 132476.52812564
 281211.33882043 184035.70204047  82345.11531816  98292.75227327
 184249.24532045 149113.36080435 185997.91245646 163373.6445589
 172428.09254644 204886.2374815  174039.25229967 168104.95821367
 158919.43788573 170567.88542965 182517.09929034 204109.76943908
 126469.98619349 208715.47851048 246655.63452246 209156.69085268
 174920.71228996 229415.37557103 161668.0418824  149538.36090581
 186048.78417891 170426.54735444 232082.08668811 245364.78213811
 150198.29534113 188116.56730563 162086.29933843 217712.18631846
 181469.45877381 158167.64388028 148622.21468041 168679.23698044
 192043.06284837 138041.71523228 200994.41809394 181856.20507631
 175620.09073409 287658.03976304 190969.90357696 160977.70006177
 149649.17771217 164484.38704675 168485.78626343 262702.72313412
  99289.34067992 152963.71395627 215290.52712352 202879.64966482
 200426.80692045 267375.37651041 169331.11098158 225605.67799438
 173915.73472773 218455.97402082 190419.25903736 161758.43509746
 243761.76788635 166547.69733911 228705.98982651 195769.34651129
 154445.6567858  232327.02827089 133368.08965506 174244.99965383
 167512.8562276  135684.41689064 138725.33483764 190640.70417897
 214996.16881875 143635.74949324 181806.5528469  144752.75032161
 188788.35473658 251515.50860447 106973.82199518 192151.5280983 ]

The result for the 13th execution is
Time
59.013999938964844
Query Result
[178785.7374442 174557.9006419 181130.7630288 178007.1700508
 178629.3175895 183981.5265132 179508.79962   182054.2632795
 178433.1835237 180642.1173946 178696.3642979 179316.7024019
 181096.2497966 180508.6027005 182030.653957  184468.8014629
 180275.230355  179953.9629626 173598.8735155 182313.2524184
 178368.3961764 178718.5234658 180338.0075024 176499.9877865
 184757.5974145 180573.7660357 177992.5390311 179124.1205403
 180323.0249267 181473.5591624 182039.6893376 177833.9126938
 183240.4912288 180618.9906626 181229.5197118 182358.4277789
 174869.4016534 185311.4580631 184284.3233316 175125.1999545
 180636.3556173 178430.3771843 178886.7568026 183465.099696
 180332.4180482 174354.0324156 175975.1614044 179908.0860251
 182143.987523  184142.4632921 183475.1104059 184568.6298516
 182252.5906059 179267.0429276 187281.4729137 182892.6616477
 185850.5213949 181438.7356254 178480.4138082 177548.2573749
 180054.4926496 183473.7215571 179885.7501657 182309.3135361
 177681.9543534 180855.5419212 178269.5511651 182300.2383694
 180198.2867652 184087.5169011 178445.2481758 173844.6310357
 185719.929527  185751.746743  178171.5912106 180441.4535649
 179631.0292587 182803.9687953 181366.0723144 178679.9412387
 179228.4130018 181938.7442667 182097.3414923 181308.7868121
 185634.4631112 180269.0231479 181732.3693378 182225.4799275
 184384.6590956 183596.9372481 179004.6382446 179701.9606384
 185200.7312639 179170.2083539 188103.1661247 184142.9635441
 179566.7185055 178852.4734473 179416.0976936 180572.346269 ]
Noised Result
[192421.26801338 155000.12789103 170998.65633694 163681.31906617
 192966.54727308 202452.11701139 156034.4685982  167512.42873072
 132713.01052816 190315.66017237 202118.34480717 136486.53773927
 189720.63800258 192085.63888513 154583.52628154 146283.11734048
 188297.89154972 241542.01061266 165790.95827735 227902.85705878
 181724.80036048 154953.76678434  77115.19732675 172218.86042182
 143751.9919391  192724.38582131 152143.18213839 178446.13667688
 127065.35200306 221123.37152762 211938.59857496 113355.54887486
 129918.50441039 183647.66467998 212012.57084266 212799.66794912
 142425.69092137 179737.13062556 145191.96911971 261860.0534958
 200928.79749795 124935.84876905 209120.86492631 215104.02331494
 168717.86206734 161847.21864269 202916.37015101 125057.64313168
 236043.55348614 313489.13280383 202376.73556533 191595.98878998
 202561.07799956 157508.69392164 158227.13325607 232210.4747654
 109934.06220842 166564.61701241 111796.40164096 114192.18228656
 149408.16844948 168924.52397909 152906.82669781 209422.73664042
 145880.97022008 185594.7474679  190171.68057551 245150.81789331
 207210.75109773 164266.115402   121638.29185752 150658.28994415
 216210.86596973 154135.41963466 248162.9699766  188037.41801417
 140815.72141196 182255.92217819 196259.9141543  166521.67905346
 187575.7214533  228572.74861906 199540.91607472 217811.03614898
 241169.48299131 160507.80157945 210791.32319864 214630.16881001
 137348.87238463 158804.85654713 169213.56256733 186528.37725437
 184227.57795493  97167.94704847 141239.4771634  208542.78661178
 172679.97320795 174466.91230669 226944.57067403 159051.90796899]

The result for the 14th execution is
Time
51.368812799453735
Query Result
[178785.7374442 174557.9006419 181130.7630288 178007.1700508
 178629.3175895 183981.5265132 179508.79962   182054.2632795
 178433.1835237 180642.1173946 178696.3642979 179316.7024019
 181096.2497966 180508.6027005 182030.653957  184468.8014629
 180275.230355  179953.9629626 173598.8735155 182313.2524184
 178368.3961764 178718.5234658 180338.0075024 176499.9877865
 184757.5974145 180573.7660357 177992.5390311 179124.1205403
 180323.0249267 181473.5591624 182039.6893376 177833.9126938
 183240.4912288 180618.9906626 181229.5197118 182358.4277789
 174869.4016534 185311.4580631 184284.3233316 175125.1999545
 180636.3556173 178430.3771843 178886.7568026 183465.099696
 180332.4180482 174354.0324156 175975.1614044 179908.0860251
 182143.987523  184142.4632921 183475.1104059 184568.6298516
 182252.5906059 179267.0429276 187281.4729137 182892.6616477
 185850.5213949 181438.7356254 178480.4138082 177548.2573749
 180054.4926496 183473.7215571 179885.7501657 182309.3135361
 177681.9543534 180855.5419212 178269.5511651 182300.2383694
 180198.2867652 184087.5169011 178445.2481758 173844.6310357
 185719.929527  185751.746743  178171.5912106 180441.4535649
 179631.0292587 182803.9687953 181366.0723144 178679.9412387
 179228.4130018 181938.7442667 182097.3414923 181308.7868121
 185634.4631112 180269.0231479 181732.3693378 182225.4799275
 184384.6590956 183596.9372481 179004.6382446 179701.9606384
 185200.7312639 179170.2083539 188103.1661247 184142.9635441
 179566.7185055 178852.4734473 179416.0976936 180572.346269 ]
Noised Result
[191551.13385648 189059.66849593 170630.0491533  167819.57863263
 205303.43582305 179939.59438015 148690.24614695 178651.36905686
 158037.10712125 182061.54107265 174196.42805117 208997.4542777
 170924.56949376 181271.72500107 200886.89567142 183277.76789764
 212662.98640502 146954.26754118 204387.48357855 173014.37456783
 181169.60049312 166450.81668406 191290.16292031 184329.92464414
 201657.65114706 184001.50053446 154605.48503488 159492.42005115
 225830.69465151 176177.26154303 184394.2506282  156713.5586116
 210592.74724771 164106.86680908 141942.78556015 191557.90615096
 187078.30666375 192830.99098946 149178.45794494 162696.02456797
 175493.02867331 219889.22205125 199551.62368155 199903.26307907
 154497.38116501 219975.34791235 153278.86358882 149110.32939855
 151644.56983698 179588.3495807  179992.25012662 188443.67500657
 167167.8223983  163328.84514414 153797.2530005  209231.26482281
 141817.54713786 204389.75449705 193854.93638399 213056.82906384
 168345.90884988 186188.89138261 180346.07258145 186480.81489809
 177560.36130192 175761.51343192 152345.15895838 194032.33169993
 176496.78491546 166258.91730582 161035.12786796 161101.26992945
 204352.12773209 168952.61624759 219226.69612701 138613.27909443
 206329.13232699 210122.50499277 181242.37621936 185986.12367118
 220093.88733177 195751.73403019 189965.18682633 194947.86303062
 151101.20648977 176815.04754744 187686.38563982 162046.19240982
 180657.99561648 176667.66398958 136904.26723391 157969.83976997
 173872.3784354  180855.53631467 187893.16075106 210259.2703374
 174503.91205395 192761.75373297 193591.4176928  216024.04762355]

The result for the 15th execution is
Time
49.949089765548706
Query Result
[178785.7374442 174557.9006419 181130.7630288 178007.1700508
 178629.3175895 183981.5265132 179508.79962   182054.2632795
 178433.1835237 180642.1173946 178696.3642979 179316.7024019
 181096.2497966 180508.6027005 182030.653957  184468.8014629
 180275.230355  179953.9629626 173598.8735155 182313.2524184
 178368.3961764 178718.5234658 180338.0075024 176499.9877865
 184757.5974145 180573.7660357 177992.5390311 179124.1205403
 180323.0249267 181473.5591624 182039.6893376 177833.9126938
 183240.4912288 180618.9906626 181229.5197118 182358.4277789
 174869.4016534 185311.4580631 184284.3233316 175125.1999545
 180636.3556173 178430.3771843 178886.7568026 183465.099696
 180332.4180482 174354.0324156 175975.1614044 179908.0860251
 182143.987523  184142.4632921 183475.1104059 184568.6298516
 182252.5906059 179267.0429276 187281.4729137 182892.6616477
 185850.5213949 181438.7356254 178480.4138082 177548.2573749
 180054.4926496 183473.7215571 179885.7501657 182309.3135361
 177681.9543534 180855.5419212 178269.5511651 182300.2383694
 180198.2867652 184087.5169011 178445.2481758 173844.6310357
 185719.929527  185751.746743  178171.5912106 180441.4535649
 179631.0292587 182803.9687953 181366.0723144 178679.9412387
 179228.4130018 181938.7442667 182097.3414923 181308.7868121
 185634.4631112 180269.0231479 181732.3693378 182225.4799275
 184384.6590956 183596.9372481 179004.6382446 179701.9606384
 185200.7312639 179170.2083539 188103.1661247 184142.9635441
 179566.7185055 178852.4734473 179416.0976936 180572.346269 ]
Noised Result
[192149.44441711 159305.17171674 183508.29778401 172487.8823608
 189505.92272255 197181.30509369 196316.79614155 141400.45248307
 185891.57861192 203170.58013554 194668.63157101 178698.16298836
 155822.54084604 152952.40942755 165126.17082521 210441.30510145
 159740.44921889 172127.62418293 178529.75561655 197841.91405357
 194271.20530273 222051.15822897 174896.45179159 156759.24231772
 180103.75526376 171252.67652973 178134.20758848 179797.42859014
 173309.16225791 163242.85105475 168664.00561333 171672.60819636
 194688.03667463 183981.68424273 195236.58126816 156859.66279748
 206101.76804265 197267.52873642 159162.49002934 180907.15152966
 178817.97503594 158922.07938746 201204.29660475 185210.77755052
 186394.07405989 186607.54947967 188230.97486523 179828.75405653
 210579.87801726 185502.05580866 153715.42430564 194015.61948788
 202975.66252317 201395.72460805 194776.99620696 228126.57220328
 212566.21723306 180530.31406217 166816.13194087 177880.383311
 211042.43961818 163622.2367906  192306.02302117 167629.49490178
 180611.8126048  191334.94111991 203246.82848708 189408.44115092
 182342.48103482 193371.7873229  149317.47178361 177898.72006662
 158904.47889705 198146.05547836 184025.33005419 197030.27239962
 221282.30381437 172633.045053   172626.75557862 161985.69664323
 181078.84016321 212650.84966806 182432.46841201 178142.00167466
 151547.87909258 179153.6201849  201459.04550853 192289.89069839
 183002.60284295 184894.19987028 207147.51080947 201916.49216014
 192730.55994083 202295.89960687 206431.74353537 148041.2491404
 169513.77546419 201937.29266777 199947.61871973 143114.43314032]

The result for the 16th execution is
Time
56.81542944908142
Query Result
[178785.7374442 174557.9006419 181130.7630288 178007.1700508
 178629.3175895 183981.5265132 179508.79962   182054.2632795
 178433.1835237 180642.1173946 178696.3642979 179316.7024019
 181096.2497966 180508.6027005 182030.653957  184468.8014629
 180275.230355  179953.9629626 173598.8735155 182313.2524184
 178368.3961764 178718.5234658 180338.0075024 176499.9877865
 184757.5974145 180573.7660357 177992.5390311 179124.1205403
 180323.0249267 181473.5591624 182039.6893376 177833.9126938
 183240.4912288 180618.9906626 181229.5197118 182358.4277789
 174869.4016534 185311.4580631 184284.3233316 175125.1999545
 180636.3556173 178430.3771843 178886.7568026 183465.099696
 180332.4180482 174354.0324156 175975.1614044 179908.0860251
 182143.987523  184142.4632921 183475.1104059 184568.6298516
 182252.5906059 179267.0429276 187281.4729137 182892.6616477
 185850.5213949 181438.7356254 178480.4138082 177548.2573749
 180054.4926496 183473.7215571 179885.7501657 182309.3135361
 177681.9543534 180855.5419212 178269.5511651 182300.2383694
 180198.2867652 184087.5169011 178445.2481758 173844.6310357
 185719.929527  185751.746743  178171.5912106 180441.4535649
 179631.0292587 182803.9687953 181366.0723144 178679.9412387
 179228.4130018 181938.7442667 182097.3414923 181308.7868121
 185634.4631112 180269.0231479 181732.3693378 182225.4799275
 184384.6590956 183596.9372481 179004.6382446 179701.9606384
 185200.7312639 179170.2083539 188103.1661247 184142.9635441
 179566.7185055 178852.4734473 179416.0976936 180572.346269 ]
Noised Result
[199240.73289887 201865.06638039 172576.46179457 160730.83181853
 173651.38829305 163467.49484649 187644.43754119 186108.33999521
 198020.79841472 170880.64330643 169879.64668275 180164.48253732
 186926.94595325 183234.72642329 180488.1035997  154292.56727763
 200918.39147426 151382.83626047 170380.85760656 158023.72232276
 190790.49246949 177805.48527905 185830.8170954  197254.65948669
 168199.30505779 221936.17186165 174211.30430976 159408.20788079
 157593.02653958 196516.88481226 158024.51867409 171918.55323131
 186360.79398405 180987.62061063 168867.218703   156214.09856129
 167755.6284305  160471.3122943  196484.71197436 179467.00896323
 169022.41281133 179083.04307794 194796.92781212 181802.13800324
 192250.42390017 180275.63973311 174546.77677869 187104.08901824
 173696.18246009 165597.92262788 167099.40689226 187836.97914452
 183508.17078076 160167.63588684 184766.85388946 193601.1729983
 213653.74773626 179065.93193283 203314.74640234 214939.89629626
 190881.27193273 162813.39103589 195226.83137327 207361.58984336
 171871.78375266 202797.44837634 180559.42094105 173091.0645085
 155211.89724736 196402.86016478 170360.75987509 189267.24634371
 223951.41190637 173567.12084295 203418.38205811 171806.28842816
 175542.10137392 188185.11455875 191992.95785841 144894.36519058
 197301.97122054 193018.40938743 198829.34832725 206993.41050491
 178883.89397535 190678.2541584  181528.02316227 156284.85189744
 186353.49725064 204785.37997212 168974.14009008 204247.47308382
 204458.0977377  146014.51170346 190263.95623014 166984.99452707
 190411.74267273 176744.88265616 162903.23671277 194717.28682089]

The result for the 17th execution is
Time
59.310763120651245
Query Result
[178785.7374442 174557.9006419 181130.7630288 178007.1700508
 178629.3175895 183981.5265132 179508.79962   182054.2632795
 178433.1835237 180642.1173946 178696.3642979 179316.7024019
 181096.2497966 180508.6027005 182030.653957  184468.8014629
 180275.230355  179953.9629626 173598.8735155 182313.2524184
 178368.3961764 178718.5234658 180338.0075024 176499.9877865
 184757.5974145 180573.7660357 177992.5390311 179124.1205403
 180323.0249267 181473.5591624 182039.6893376 177833.9126938
 183240.4912288 180618.9906626 181229.5197118 182358.4277789
 174869.4016534 185311.4580631 184284.3233316 175125.1999545
 180636.3556173 178430.3771843 178886.7568026 183465.099696
 180332.4180482 174354.0324156 175975.1614044 179908.0860251
 182143.987523  184142.4632921 183475.1104059 184568.6298516
 182252.5906059 179267.0429276 187281.4729137 182892.6616477
 185850.5213949 181438.7356254 178480.4138082 177548.2573749
 180054.4926496 183473.7215571 179885.7501657 182309.3135361
 177681.9543534 180855.5419212 178269.5511651 182300.2383694
 180198.2867652 184087.5169011 178445.2481758 173844.6310357
 185719.929527  185751.746743  178171.5912106 180441.4535649
 179631.0292587 182803.9687953 181366.0723144 178679.9412387
 179228.4130018 181938.7442667 182097.3414923 181308.7868121
 185634.4631112 180269.0231479 181732.3693378 182225.4799275
 184384.6590956 183596.9372481 179004.6382446 179701.9606384
 185200.7312639 179170.2083539 188103.1661247 184142.9635441
 179566.7185055 178852.4734473 179416.0976936 180572.346269 ]
Noised Result
[142915.45026333 172216.47003526 167602.03497547 157890.56981842
 183284.00677474 168537.51114559 199381.99763332 175169.7629523
 206509.15628718 175919.94685243 210467.27390159 171113.49606623
 195901.52711992 188169.13839895 195610.35470071 177745.37356623
 175570.14506648 229946.80136749 142292.85282075 177695.89497483
 199957.52999886 187698.53485949 190952.95581244 162558.16509915
 185904.48517997 194755.36972707 185525.60903413 191434.68434389
 141217.89642694 209238.69279075 169668.01881138 174349.89985904
 194160.31142138 175298.58561689 167702.47806096 164213.25440421
 182198.93452117 139044.24265893 185964.3150359  193723.31916724
 194195.47453409 170439.094067   170679.81091401 191462.50500871
 189504.62039435 174829.25082722 182036.43016675 121532.633898
 160265.30643068 194385.41781094 201859.61035089 179666.51045644
 195697.16505257 209089.65349303 162481.3180225  198992.86011942
 186474.20144919 205734.78192282 173817.13614049 191611.71323356
 189477.08983233 168189.65072623 206459.49313457 163869.94489665
 173980.08270678 190349.93367576 175372.6293309  155033.98077878
 172582.0056151  188025.33794895 172876.82844557 175457.23534344
 205283.99402681 153482.86639509 182735.23634115 175005.58142098
 173472.79176955 171842.1868232  191981.77322164 163447.33606842
 155171.60484715 163056.3140344  197300.36408459 192108.65698175
 157071.15261439 185002.54776231 204186.95169324 153745.29306031
 164519.32679542 177790.77423607 194083.38957378 188410.2619799
 178475.09321676 174000.3600759  212176.30265451 151592.10489454
 192028.83204291 140686.39214956 182969.1736643  192986.60927904]

The result for the 18th execution is
Time
51.22617530822754
Query Result
[178785.7374442 174557.9006419 181130.7630288 178007.1700508
 178629.3175895 183981.5265132 179508.79962   182054.2632795
 178433.1835237 180642.1173946 178696.3642979 179316.7024019
 181096.2497966 180508.6027005 182030.653957  184468.8014629
 180275.230355  179953.9629626 173598.8735155 182313.2524184
 178368.3961764 178718.5234658 180338.0075024 176499.9877865
 184757.5974145 180573.7660357 177992.5390311 179124.1205403
 180323.0249267 181473.5591624 182039.6893376 177833.9126938
 183240.4912288 180618.9906626 181229.5197118 182358.4277789
 174869.4016534 185311.4580631 184284.3233316 175125.1999545
 180636.3556173 178430.3771843 178886.7568026 183465.099696
 180332.4180482 174354.0324156 175975.1614044 179908.0860251
 182143.987523  184142.4632921 183475.1104059 184568.6298516
 182252.5906059 179267.0429276 187281.4729137 182892.6616477
 185850.5213949 181438.7356254 178480.4138082 177548.2573749
 180054.4926496 183473.7215571 179885.7501657 182309.3135361
 177681.9543534 180855.5419212 178269.5511651 182300.2383694
 180198.2867652 184087.5169011 178445.2481758 173844.6310357
 185719.929527  185751.746743  178171.5912106 180441.4535649
 179631.0292587 182803.9687953 181366.0723144 178679.9412387
 179228.4130018 181938.7442667 182097.3414923 181308.7868121
 185634.4631112 180269.0231479 181732.3693378 182225.4799275
 184384.6590956 183596.9372481 179004.6382446 179701.9606384
 185200.7312639 179170.2083539 188103.1661247 184142.9635441
 179566.7185055 178852.4734473 179416.0976936 180572.346269 ]
Noised Result
[186812.07910077 202408.90541695 181381.72338896 175133.64467564
 139104.4798544  172377.23975886 162894.38953201 173650.28007406
 177631.2520627  141456.63359016 152600.8876974  229515.78167053
 192491.5221203  185223.03414474 182605.88947249 176964.33412694
 191888.7110926  221069.26924808 205442.75799689 191074.656739
 169815.61404375 198838.14733856 161491.93725939 195825.44104247
 197616.79728296 177883.10184868 163406.88479352 160578.83802909
 191326.28177292 153062.52604108 167203.69882366 181772.507971
 189768.82685538 200425.22627686 174608.74928289 181608.03220854
 155726.83236354 191259.57166014 182688.59424809 130229.45205355
 171914.73334451 172590.87718897 207459.45698245 143541.00147817
 186268.32910987 204079.78369904 193400.16019862 148854.96117281
 155617.05268272 183350.03989708 201513.74107431 215467.48901837
 191283.75047678 168284.07718477 169892.27719077 157019.73672811
 192299.64713816 203240.71965247 161468.73522181 195999.25366901
 181890.68279834 190054.8090376  165848.9967714  170997.64921575
 163500.19140807 186682.42746331 171443.16213135 176046.43330226
 181258.85847549 218328.25351879 204003.19576631 170835.47130701
 195401.82429278 171393.43532423 170927.33361689 167719.15841614
 161801.32967646 171439.08749465 175826.44173421 186227.28618942
 151564.12771239 160259.17918782 135124.42027799 196847.22510348
 165650.16556113 190139.0151041  170960.766792   148100.69981266
 205998.86247557 182545.77187079 196495.14561637 168638.00391058
 186160.64293336 168463.29262973 192608.43542081 185543.46853794
 207047.39267263 186178.4046064  179292.34043425 183938.2364038 ]

The result for the 19th execution is
Time
52.314595460891724
Query Result
[178785.7374442 174557.9006419 181130.7630288 178007.1700508
 178629.3175895 183981.5265132 179508.79962   182054.2632795
 178433.1835237 180642.1173946 178696.3642979 179316.7024019
 181096.2497966 180508.6027005 182030.653957  184468.8014629
 180275.230355  179953.9629626 173598.8735155 182313.2524184
 178368.3961764 178718.5234658 180338.0075024 176499.9877865
 184757.5974145 180573.7660357 177992.5390311 179124.1205403
 180323.0249267 181473.5591624 182039.6893376 177833.9126938
 183240.4912288 180618.9906626 181229.5197118 182358.4277789
 174869.4016534 185311.4580631 184284.3233316 175125.1999545
 180636.3556173 178430.3771843 178886.7568026 183465.099696
 180332.4180482 174354.0324156 175975.1614044 179908.0860251
 182143.987523  184142.4632921 183475.1104059 184568.6298516
 182252.5906059 179267.0429276 187281.4729137 182892.6616477
 185850.5213949 181438.7356254 178480.4138082 177548.2573749
 180054.4926496 183473.7215571 179885.7501657 182309.3135361
 177681.9543534 180855.5419212 178269.5511651 182300.2383694
 180198.2867652 184087.5169011 178445.2481758 173844.6310357
 185719.929527  185751.746743  178171.5912106 180441.4535649
 179631.0292587 182803.9687953 181366.0723144 178679.9412387
 179228.4130018 181938.7442667 182097.3414923 181308.7868121
 185634.4631112 180269.0231479 181732.3693378 182225.4799275
 184384.6590956 183596.9372481 179004.6382446 179701.9606384
 185200.7312639 179170.2083539 188103.1661247 184142.9635441
 179566.7185055 178852.4734473 179416.0976936 180572.346269 ]
Noised Result
[160106.99058165 182119.82535658 179349.50104029 168121.94280113
 198981.74718523 186564.9890471  161691.49346089 167837.77552524
 164665.42755771 162685.08280245 191366.97693323 206641.86760947
 188623.80895063 175658.79019328 187082.34559575 186196.59274422
 188065.07528508 189109.14616471 171219.85205206 185026.79770793
 194938.12478168 181184.44699089 186608.27428226 170944.2944939
 189988.02908134 171753.31305432 162802.07394183 192344.01675228
 174373.46669031 178872.99144681 184205.50457534 190467.90748675
 189319.83293076 187440.00805108 189752.07408028 194239.43978384
 179953.87738419 204384.9807479  197213.53909599 165923.28270362
 182502.716249   177915.79147258 179085.18525016 204799.1429386
 181482.15479294 168475.07513546 194532.54649835 182135.64001321
 201393.38137705 202221.11402302 186222.79833005 169494.71861264
 182627.5241839  175564.94857151 207873.82424862 187408.35980516
 187845.45697649 194057.40803538 201132.38818497 191999.17012084
 200103.48121743 183333.33562895 187042.9442126  143396.94668638
 176280.92328823 174239.0354321  177536.36046205 178585.59756126
 202841.16510964 197632.98897054 186645.18644257 167432.14800446
 190446.54449996 177708.6302649  178830.9188914  189326.36963915
 172101.10745233 168888.73781549 176528.8986788  206012.69910396
 144138.41945028 166781.98031653 192493.26113559 185804.35355635
 195017.41480567 153976.83560217 179549.12441207 174044.87684508
 180900.87280235 160853.31636402 171365.68834706 169432.27914382
 180625.69436052 156115.72537242 175435.01913303 169057.98079214
 152694.68868796 181033.26472865 186220.04284205 179342.71386375]

