The result for the 0th execution is
Time
52.57601261138916
Query Result
[12126. 12188. 12507. 12546. 12147. 12183. 12190. 12235. 12357. 12444.
 12359. 12468. 12625. 12376. 12578. 12752. 12775. 12270. 12535. 12143.
 12635. 12875. 12367. 12433. 12459. 12839. 12250. 12591. 12321. 12304.
 12376. 12318. 12395. 11879. 12293. 12324. 12317. 12130. 12369. 12258.
 12518. 12762. 12048. 12156. 12427. 12368. 12553. 12010. 12333. 12225.]
Noised Result
[20587.03375723 16722.01295485 -3501.42081714  -586.23608406
 21887.28450131 16738.282655   13295.6564822  -6060.13565448
 26665.66100206 11857.2119426  -3393.82884108  9492.39005156
 15546.87447667 23867.43303708 23519.06978727  2563.48973199
  8552.82455173 15152.40663961  9180.77867896  5653.19811137
  8398.53463335 10047.56233853 13235.92134914 -8913.86399717
  7187.95135296  9164.11987407  7780.23628458 11856.25634965
 33088.00623262 10888.41490153 14813.35943813 18147.96206891
 21106.68128201  5953.91220356 12936.30040253 17584.49820394
 -2362.04889923 17395.0828568  17131.32281576  7317.58600797
 -9575.39611937  9475.62826962  8145.09888286 22964.33314411
 20121.03220889  9954.32371009 22553.35309702 14790.04052421
  9007.9793935  16956.33768845]

The result for the 1th execution is
Time
51.120394229888916
Query Result
[12126. 12188. 12507. 12546. 12147. 12183. 12190. 12235. 12357. 12444.
 12359. 12468. 12625. 12376. 12578. 12752. 12775. 12270. 12535. 12143.
 12635. 12875. 12367. 12433. 12459. 12839. 12250. 12591. 12321. 12304.
 12376. 12318. 12395. 11879. 12293. 12324. 12317. 12130. 12369. 12258.
 12518. 12762. 12048. 12156. 12427. 12368. 12553. 12010. 12333. 12225.]
Noised Result
[-13713.14391332   3566.31301031  12611.6327521    7266.3320093
  12603.20321266  13087.67822427  21607.77854985  17866.64791232
  35989.6440927    6877.3465855   10078.58192391  12020.8188097
  28988.63171609  18189.19098607  -9631.44511906  14599.15541504
  19086.8544306   37508.51004411  26236.75944959  30173.55415042
  10395.26773002  13654.29873987   1008.82492095  10614.53081063
  26524.3765443   34191.01764819    247.08185319  28902.8070551
  13035.99524295  13794.09444967   8263.56728565   6637.69645119
   5687.3589843   27959.72940051   4802.3800466   16533.53494936
  19912.72686521   -444.97361086  -2445.98786364    638.38329935
   9555.18663787  21246.08996348   9715.86941625  -3740.37157128
  10456.2858698   24167.78820431  13177.03228962  11937.71738294
 -13720.51909195   8854.16461298]

The result for the 2th execution is
Time
52.74264168739319
Query Result
[12126. 12188. 12507. 12546. 12147. 12183. 12190. 12235. 12357. 12444.
 12359. 12468. 12625. 12376. 12578. 12752. 12775. 12270. 12535. 12143.
 12635. 12875. 12367. 12433. 12459. 12839. 12250. 12591. 12321. 12304.
 12376. 12318. 12395. 11879. 12293. 12324. 12317. 12130. 12369. 12258.
 12518. 12762. 12048. 12156. 12427. 12368. 12553. 12010. 12333. 12225.]
Noised Result
[ 8860.06613989  5622.53074363  9623.77977612  9409.99880858
 17525.08374332  6934.29856235 13519.40840117 13445.82140361
 12951.80927374 18190.31882441 11282.52794037 13236.92084264
 15314.80891008 13071.68462838 19039.36994126 17455.06162066
 18754.04047057  6756.6474604  10199.56924455  9665.51177108
  6968.35700219 15015.90333776 10551.55509881 22598.11085464
 13122.94776336 19009.05810218 12642.41754978  9463.9646334
 12816.67627601 11213.13133868 13680.42213453  7571.49167083
 14206.79451917 13080.54068986 12825.45304538 19083.40494135
 15157.03021472 15052.03904258 16995.61940779  5387.90410256
 12481.92643379 14240.11329195 11841.58570401 13786.18730026
  9968.39279903 12322.88047775 13171.29791672 15610.21635613
 13343.46784365 12378.63001307]

The result for the 3th execution is
Time
52.151681900024414
Query Result
[12126. 12188. 12507. 12546. 12147. 12183. 12190. 12235. 12357. 12444.
 12359. 12468. 12625. 12376. 12578. 12752. 12775. 12270. 12535. 12143.
 12635. 12875. 12367. 12433. 12459. 12839. 12250. 12591. 12321. 12304.
 12376. 12318. 12395. 11879. 12293. 12324. 12317. 12130. 12369. 12258.
 12518. 12762. 12048. 12156. 12427. 12368. 12553. 12010. 12333. 12225.]
Noised Result
[ 7507.01817694  9354.59420975  7070.39204318 12802.98913663
 10324.17738625 11741.52597076  8306.66550822 14634.70622498
 13664.72246186 15310.55550548 16147.43486805  8698.19693943
 12294.93840707 19537.8519034   9437.97352795 22255.71925764
 15790.8856052  10937.16345294  9682.71327133 11706.69974416
 17328.71642474 15088.38289977 13903.69181085 18515.24295075
 12824.34889503 10506.78721589  6558.9366196  15882.55586031
 14368.6618231  14583.75598133 11341.00345607 14899.10122449
 11280.52483334 10243.50479176 11963.69956767 14939.70151717
 11363.83554919  5449.99609115 14344.46049688  4624.49745632
  7168.23264476  8787.49010997 12172.11384788 11455.27850472
 13456.26856576 11518.7425652  20460.18862048  9151.65939527
 13059.28072158 18162.54494497]

The result for the 4th execution is
Time
51.11828303337097
Query Result
[12126. 12188. 12507. 12546. 12147. 12183. 12190. 12235. 12357. 12444.
 12359. 12468. 12625. 12376. 12578. 12752. 12775. 12270. 12535. 12143.
 12635. 12875. 12367. 12433. 12459. 12839. 12250. 12591. 12321. 12304.
 12376. 12318. 12395. 11879. 12293. 12324. 12317. 12130. 12369. 12258.
 12518. 12762. 12048. 12156. 12427. 12368. 12553. 12010. 12333. 12225.]
Noised Result
[ 7552.9886139  11103.91487302  7897.55305425 -1392.62726166
 10712.44445004  -209.4230763   8443.5972217   1074.81109219
 11087.0290305   9655.18568429 17216.48858793 22074.87627533
 10394.45370074   215.2722903  12995.77593546 12705.50504565
  7921.8478577   8417.29786748 22075.57728364 17827.01141414
 28284.67538409  9445.00344313 11617.8400132   1112.07763067
 22091.62840582  9516.14107563 12696.23644032  9021.15604024
  2555.18837185  5739.1598156  14919.65075617  7091.67654881
 13268.76927492 23273.94175406  -410.79703615  7028.19956771
 23825.2373893  15888.60613894 17190.87088085  7308.06340097
 12895.33702886  9744.81500963  4584.49820792 11044.8629886
 17276.21259918 12820.31455474 22012.09987277 10602.3039343
 22559.24362113 13182.83349962]

The result for the 5th execution is
Time
5.929083585739136
Query Result
[12126. 12188. 12507. 12546. 12147. 12183. 12190. 12235. 12357. 12444.
 12359. 12468. 12625. 12376. 12578. 12752. 12775. 12270. 12535. 12143.
 12635. 12875. 12367. 12433. 12459. 12839. 12250. 12591. 12321. 12304.
 12376. 12318. 12395. 11879. 12293. 12324. 12317. 12130. 12369. 12258.
 12518. 12762. 12048. 12156. 12427. 12368. 12553. 12010. 12333. 12225.]
Noised Result
[13162.99391963  8380.5386413  14466.18768799  2899.77251095
 13748.63363268 11336.20007291  4085.94041216 13958.88857265
  8686.90225847 14496.53016819  8663.58246832  9273.21148031
 13971.88488915  6439.50372179 11490.80987068  7241.46028697
 14653.64921974 14591.73831058  9981.52017635 15215.46992857
 13156.40681915 11554.22665317 15105.45528262 14418.29352554
 16861.41418175 12580.88759672 13741.17260931 11276.69209928
 14511.45791545 12811.95837557 15362.15290629 10680.85814693
 13126.19618383 14509.14302602 10487.5622836  20914.43349197
 17303.48188321  5852.08726234 11588.58783393 14317.1989922
 11866.7477523  14855.48159486  4935.51976828 15463.06491355
 16710.39714672 14432.74936494 12150.76901974 10107.03919737
 14932.89539849 15170.48595498]

The result for the 6th execution is
Time
56.07805323600769
Query Result
[12126. 12188. 12507. 12546. 12147. 12183. 12190. 12235. 12357. 12444.
 12359. 12468. 12625. 12376. 12578. 12752. 12775. 12270. 12535. 12143.
 12635. 12875. 12367. 12433. 12459. 12839. 12250. 12591. 12321. 12304.
 12376. 12318. 12395. 11879. 12293. 12324. 12317. 12130. 12369. 12258.
 12518. 12762. 12048. 12156. 12427. 12368. 12553. 12010. 12333. 12225.]
Noised Result
[13230.36215596 14276.67638235 15290.09704428 19886.10300519
 12180.63497517  8847.04216635  7454.15972373  -545.36933828
  6095.96252531 11334.91569816 13091.49797029 11477.80672095
 11755.5267974  13271.79705873 11952.70016314 15656.0344733
 11695.85467047 11392.12689206 15545.01635496  4387.07355827
  8638.61315897  8470.87619481 16827.11760603 18212.48903584
 14598.85818777 12202.77441437 15135.00423588  7696.80646339
  4468.93772867 12074.28865645 13666.17593231 15964.72730606
 10923.5691755   8540.282816   17816.15704452  7712.33548664
  3705.29935979  3249.5869952  20135.48423225 14919.91685799
 16080.37209757 13051.98391088 12873.56299299  9053.84834139
 16291.50399773 12246.28440283 14351.8744293   4811.61327576
 18264.93876707 10335.86349478]

The result for the 7th execution is
Time
51.865458726882935
Query Result
[12126. 12188. 12507. 12546. 12147. 12183. 12190. 12235. 12357. 12444.
 12359. 12468. 12625. 12376. 12578. 12752. 12775. 12270. 12535. 12143.
 12635. 12875. 12367. 12433. 12459. 12839. 12250. 12591. 12321. 12304.
 12376. 12318. 12395. 11879. 12293. 12324. 12317. 12130. 12369. 12258.
 12518. 12762. 12048. 12156. 12427. 12368. 12553. 12010. 12333. 12225.]
Noised Result
[12476.51833185 12079.71783496 17911.29870323 11037.20935631
 13509.26364156 12077.86888322 15207.93512186 11139.57737899
  7657.24281015 13396.99437449 17902.56917101  8586.42255886
  2156.22835324  7284.17107701 11457.53606812 13353.93534345
 19672.70530186 23262.53140502 17858.23406281 19854.99282058
  8279.54452355  6580.80988008 14701.22483136 14554.24219743
 12760.96843866 10235.98438446 23051.66909463 10705.4211711
  1464.90887268 14736.15569207 11702.8865894  12439.03424006
  9258.0425538  15129.32743696 13421.98882554  9678.07145461
 18638.8255985  14892.52967002 19478.50340765 15943.71504175
  4414.69906304 15778.34669969 19476.90459617 11356.83554719
 15607.06027972 12521.4344731  16185.92287439  7116.95835608
 16039.32752482 14456.03960402]

The result for the 8th execution is
Time
53.59624934196472
Query Result
[12126. 12188. 12507. 12546. 12147. 12183. 12190. 12235. 12357. 12444.
 12359. 12468. 12625. 12376. 12578. 12752. 12775. 12270. 12535. 12143.
 12635. 12875. 12367. 12433. 12459. 12839. 12250. 12591. 12321. 12304.
 12376. 12318. 12395. 11879. 12293. 12324. 12317. 12130. 12369. 12258.
 12518. 12762. 12048. 12156. 12427. 12368. 12553. 12010. 12333. 12225.]
Noised Result
[ 9598.97008071 14918.29248771 14481.54487037 13922.61268556
 12694.53261767 15247.97578014 12410.05880778 11820.04519227
 12348.17122287 11147.41470185  7317.36839257  8527.4518769
  9601.33573762 18641.94044974 11834.66688051 16998.17051443
 13083.43853229 13173.18179082 13210.79108058 11247.21455567
 10957.5428686  21285.28659426 13217.23865817 12090.02106202
 10311.61026753 10612.20749771 13694.29831469 11739.57544688
 11885.34105025 14400.19771334 14466.35210856 11416.35247631
  4661.27339402 13211.58585551  7005.87150498  5809.54822339
 14089.09515505 19534.60959608  9629.495331   13878.86344843
 13171.53128628  9611.66829059 15085.37865845 14742.49833439
 12908.95549396 18828.91492596  8952.4406529  18675.0008871
 11870.36655013 13662.22196606]

The result for the 9th execution is
Time
55.548136472702026
Query Result
[12126. 12188. 12507. 12546. 12147. 12183. 12190. 12235. 12357. 12444.
 12359. 12468. 12625. 12376. 12578. 12752. 12775. 12270. 12535. 12143.
 12635. 12875. 12367. 12433. 12459. 12839. 12250. 12591. 12321. 12304.
 12376. 12318. 12395. 11879. 12293. 12324. 12317. 12130. 12369. 12258.
 12518. 12762. 12048. 12156. 12427. 12368. 12553. 12010. 12333. 12225.]
Noised Result
[19343.89961121 14060.34156767 18858.87061864  4564.71698484
 17335.24278781  5180.78908524  3503.63566932 13235.00603553
 11468.34687731 13777.97185106  8553.72616098 16997.12302445
  7757.56796144 21522.32872023 10530.92207161 17465.86830996
 24172.74221017  9810.09149111 14341.82844554 14809.20585979
 16160.41935653 10772.2583018   9677.4057921   5298.0284185
 15665.36897075 18399.4065369  12457.88576346  9383.3195945
 10742.64054245 11308.66314253 15113.72807261 11938.80761635
 20319.29593249  9142.29303268  9327.40345006 13549.643545
  5109.46533506  6280.23713194 13774.32307028 13369.07883422
 13801.16447909  9883.58970399 21145.61209313 18887.38508423
 14027.6721476   7830.1098541   7697.12382073 16283.45373961
 18719.66132968  4467.32053844]

The result for the 10th execution is
Time
52.03085947036743
Query Result
[12126. 12188. 12507. 12546. 12147. 12183. 12190. 12235. 12357. 12444.
 12359. 12468. 12625. 12376. 12578. 12752. 12775. 12270. 12535. 12143.
 12635. 12875. 12367. 12433. 12459. 12839. 12250. 12591. 12321. 12304.
 12376. 12318. 12395. 11879. 12293. 12324. 12317. 12130. 12369. 12258.
 12518. 12762. 12048. 12156. 12427. 12368. 12553. 12010. 12333. 12225.]
Noised Result
[ 3427.30044074 10433.30878868  8535.2451741  18035.20088373
  1446.76976208 11241.30404486  5787.29699295 15420.6153926
 14747.20363948 10103.41811734 13430.33624794 11883.97512778
 14597.10889696  6759.88142909 18184.21654293  3342.42096378
 18781.04833364 11540.84898643 11240.86449673 15572.38491704
 12484.29869649 12655.43363007 18319.33566031 12868.28959819
 10732.84444988 19514.5623547  17430.58239028 10483.2038208
 17363.61738798 15228.00023264  8744.56716187  7063.39194715
  7811.42102681 13639.92033808 11639.25717745  6785.53017173
 13870.14451558 11863.20745456 12156.22788054  8802.92763592
 16056.41492313 13189.13022351  5164.8640881   8321.69236329
 15924.09037489 13318.64851633 13739.63333616  4500.4491854
 17960.95973374 13114.99129744]

The result for the 11th execution is
Time
50.958996534347534
Query Result
[12126. 12188. 12507. 12546. 12147. 12183. 12190. 12235. 12357. 12444.
 12359. 12468. 12625. 12376. 12578. 12752. 12775. 12270. 12535. 12143.
 12635. 12875. 12367. 12433. 12459. 12839. 12250. 12591. 12321. 12304.
 12376. 12318. 12395. 11879. 12293. 12324. 12317. 12130. 12369. 12258.
 12518. 12762. 12048. 12156. 12427. 12368. 12553. 12010. 12333. 12225.]
Noised Result
[18028.13872988 18402.25388666 10982.58742834 11492.28463385
 10531.73315788  7013.20001249 17881.98555782 10778.79184225
 17361.19074452 16685.96131615 11479.58889858 19787.58218588
 16137.53631754 12393.3459283  13026.47711627 19363.83109444
 17423.16290252  8558.68025536 13265.62317564 11244.84808559
 14378.1570985  15072.85792842 11753.2457327  10365.22741608
 16620.90618347  8895.11535044 11634.28226168  9444.08201644
 16996.07672196 13175.83188542 13140.25412311 11970.54258028
 11725.04607339 14783.8422803   6396.90885216  8802.80817955
 21289.38376031 13543.88439921  3514.91401734 12298.0722673
  8625.16923125  9871.98793562 14273.80757673 15016.42458849
  3385.59586354 24461.15084684 12280.45643216  9899.57951969
 10682.69075119 14884.00727065]

The result for the 12th execution is
Time
53.34317398071289
Query Result
[12126. 12188. 12507. 12546. 12147. 12183. 12190. 12235. 12357. 12444.
 12359. 12468. 12625. 12376. 12578. 12752. 12775. 12270. 12535. 12143.
 12635. 12875. 12367. 12433. 12459. 12839. 12250. 12591. 12321. 12304.
 12376. 12318. 12395. 11879. 12293. 12324. 12317. 12130. 12369. 12258.
 12518. 12762. 12048. 12156. 12427. 12368. 12553. 12010. 12333. 12225.]
Noised Result
[11290.39477154 21788.779148    1046.04719242 -4829.98847472
 -2489.84452658  1709.82302435  4024.98335825  9320.97182896
  -628.31896205 16072.76785843 14590.24165268 21612.23637249
 18240.31055084 13824.58623083   203.71778075 14261.04181727
 16402.62467426  4999.18761627 13482.7239004   6303.32188272
 14946.81030074   917.83049241 14715.81947398 13553.95757132
 30778.38115063 12767.76053666 20504.73387116 16125.53067728
 -3854.23784532 12344.51096397 27965.29954283 19186.72397819
 22396.17975412 18885.99908261 23562.862828   16609.53391794
  5212.65478653 14445.76336626   345.2211183  21777.32797072
 -8283.27283343 20157.11724357 19457.8820125   5848.04888073
  -853.39466585 15450.52279845 -2330.59654994 12296.52811043
  4498.79555559 13618.9699266 ]

The result for the 13th execution is
Time
52.911277532577515
Query Result
[12126. 12188. 12507. 12546. 12147. 12183. 12190. 12235. 12357. 12444.
 12359. 12468. 12625. 12376. 12578. 12752. 12775. 12270. 12535. 12143.
 12635. 12875. 12367. 12433. 12459. 12839. 12250. 12591. 12321. 12304.
 12376. 12318. 12395. 11879. 12293. 12324. 12317. 12130. 12369. 12258.
 12518. 12762. 12048. 12156. 12427. 12368. 12553. 12010. 12333. 12225.]
Noised Result
[23256.12807528 13646.59930442 21585.11062807  8713.33092467
 11494.91438525 20457.54169902  9982.14444186 16052.595792
 10726.04225274 10596.92641903  8351.96352565  8261.17249282
 13737.02230201 13509.9521759  14204.47497509 11338.23857494
 11780.49200381 14819.99691275  8114.86011449 14023.58348054
 13443.46742111 17462.49268764  9153.02170744 19218.89973397
  8777.72604501  9787.12824851 19688.1349943   8747.68489543
  5668.85693605 14799.89076289 13595.882486   21075.73838179
 17692.74789327 11306.3224034  11300.72773549 12816.30477798
 18728.8409087  12597.05343461 16859.29928979 11837.52570151
 12102.6408303  12312.51458006 13715.31357434 14046.38858887
 13746.75552817 11507.03077918  9562.32820153 16857.45756291
 13553.92369101  7358.76633772]

The result for the 14th execution is
Time
51.425333976745605
Query Result
[12126. 12188. 12507. 12546. 12147. 12183. 12190. 12235. 12357. 12444.
 12359. 12468. 12625. 12376. 12578. 12752. 12775. 12270. 12535. 12143.
 12635. 12875. 12367. 12433. 12459. 12839. 12250. 12591. 12321. 12304.
 12376. 12318. 12395. 11879. 12293. 12324. 12317. 12130. 12369. 12258.
 12518. 12762. 12048. 12156. 12427. 12368. 12553. 12010. 12333. 12225.]
Noised Result
[13153.71773076  9243.52958793 10616.71149677 14888.53678417
 20172.23960661 13592.79051615  8054.23269139 13753.17311978
 17275.43240229 13145.01594756 11772.84396491  8724.73811347
 11015.98055132 10558.21090736 10766.03648534  8463.22453737
 11565.33189931 18693.77148797 17918.34148451 14830.8375602
 15823.21592628  8334.4053307  10863.92272199 12061.25785734
 12263.79814028 11260.86469962 16486.48589096 14447.76739773
 13880.20988789  7986.50309484  5017.06446195 16984.5896483
 20008.04186889 13243.57132143 18523.34016547  5048.06391432
 13763.56335679 12358.42241231 14331.73415581 14052.66590128
 16083.30065678 13418.72398876  4449.30895865 10180.625585
  6764.52941248 17301.56763582 18296.03478448 12613.68723079
 10687.33920069 14146.73208166]

The result for the 15th execution is
Time
51.45246744155884
Query Result
[12126. 12188. 12507. 12546. 12147. 12183. 12190. 12235. 12357. 12444.
 12359. 12468. 12625. 12376. 12578. 12752. 12775. 12270. 12535. 12143.
 12635. 12875. 12367. 12433. 12459. 12839. 12250. 12591. 12321. 12304.
 12376. 12318. 12395. 11879. 12293. 12324. 12317. 12130. 12369. 12258.
 12518. 12762. 12048. 12156. 12427. 12368. 12553. 12010. 12333. 12225.]
Noised Result
[ -4712.16568535  19023.82185836  17310.3568299   -4640.69354645
  36441.78598436   9431.67797221  -7861.51231861   -350.1884981
 -14635.28226167  27805.79716111  15791.06890978  13063.04114129
   2550.6220638   -9553.213355    23463.22655695  25323.91630052
   6431.61531761  11447.8056416   26469.09050026  37935.3023589
  -3064.01429235  24453.27701052  -5641.33971439  19049.67743986
   9722.89780476  11030.22020011  12062.64302774   9325.20415067
   3703.80330745   3225.61941386  11283.79574231   6643.07306591
   8051.71288085  15836.75569126   3689.80671887  34041.85864011
  -4167.94747278  29139.08909294  19277.43336977   1876.59550064
  17248.77134257  17331.77297036  -7322.34324215  12056.58712147
   2807.4741901    7503.61912328  12308.20005477   -519.8125114
   3450.55632695  22934.37645502]

The result for the 16th execution is
Time
51.142701625823975
Query Result
[12126. 12188. 12507. 12546. 12147. 12183. 12190. 12235. 12357. 12444.
 12359. 12468. 12625. 12376. 12578. 12752. 12775. 12270. 12535. 12143.
 12635. 12875. 12367. 12433. 12459. 12839. 12250. 12591. 12321. 12304.
 12376. 12318. 12395. 11879. 12293. 12324. 12317. 12130. 12369. 12258.
 12518. 12762. 12048. 12156. 12427. 12368. 12553. 12010. 12333. 12225.]
Noised Result
[ 8720.95201313  8134.79973913 11824.97859915  8449.26122848
 11138.88738335 11440.19516897 16543.03772634  7903.33599275
 10650.22704727 17556.77376042 18811.71314025 15446.05083427
  7989.2971611  12790.55039396 12874.63482857  9883.46634226
  7960.20809215 18517.65785321 17221.31190917  9207.91000222
 14693.49430273 17885.97726281 13732.16728053 13074.06491042
 12465.78249851  6723.93079783 17186.9385671  15477.80473962
 14624.21456537 16020.25031115 13041.3780603   4256.36747691
 13364.93811454 14451.33216665 12934.55609902 12884.02993074
 13964.65118649 16821.56998734 10842.35255     5019.05970837
 16504.23090362 17802.16618352 17239.98453086 17487.11837822
 12127.2279725  14045.09303623 11822.06553687 13726.36784131
 14057.97285082 14783.26572828]

The result for the 17th execution is
Time
52.91180777549744
Query Result
[12126. 12188. 12507. 12546. 12147. 12183. 12190. 12235. 12357. 12444.
 12359. 12468. 12625. 12376. 12578. 12752. 12775. 12270. 12535. 12143.
 12635. 12875. 12367. 12433. 12459. 12839. 12250. 12591. 12321. 12304.
 12376. 12318. 12395. 11879. 12293. 12324. 12317. 12130. 12369. 12258.
 12518. 12762. 12048. 12156. 12427. 12368. 12553. 12010. 12333. 12225.]
Noised Result
[ 9250.28648529 15660.01609548 14794.3236089  13329.68061808
 13402.8933871  10955.91805455 13846.9469876   6451.66924383
  4388.48203022 16021.20209033 14104.04653468 12475.49643669
  9305.34916976  8506.85876734 10104.81472083 10883.78250042
 21889.83034462 18180.55493775 10002.26705787  7297.32356721
 15273.51154357 11604.28469641 14037.62402852 17712.70314013
 13480.79356812  5779.79514159 15732.34075129 10218.52290282
  9274.52124539 18199.79259647  9470.12747209 13923.74447746
 14160.43821934  6948.15748681 12149.88397128 12711.26474854
 10376.98151336 11484.13508629 10651.70474039 13405.12622924
 14304.76988418  8754.2431681  12482.48691806 15044.61968755
 13954.93004462  6120.81172852 16227.76820886 13542.40455721
 15144.87160499 12283.3504558 ]

The result for the 18th execution is
Time
52.661327838897705
Query Result
[12126. 12188. 12507. 12546. 12147. 12183. 12190. 12235. 12357. 12444.
 12359. 12468. 12625. 12376. 12578. 12752. 12775. 12270. 12535. 12143.
 12635. 12875. 12367. 12433. 12459. 12839. 12250. 12591. 12321. 12304.
 12376. 12318. 12395. 11879. 12293. 12324. 12317. 12130. 12369. 12258.
 12518. 12762. 12048. 12156. 12427. 12368. 12553. 12010. 12333. 12225.]
Noised Result
[ 6998.96223554  6922.72795661  8441.15404007 11229.78130252
  7933.42526334 16710.92725457 11555.8187673   6091.3689803
 12666.64396826  3419.32455888 12316.8085568  15827.81603713
 14114.31698404 12915.01491966 14525.12271606  9112.32099109
 13599.48482406 10082.7563644  10095.78626536  9637.33848932
 16335.72787683  8789.08970749 14481.2764453  13463.32060956
 16058.35807326 10942.16355653 15055.19268799 12083.06892124
  9882.85443909 20090.69188051 12307.27607226 11991.9229349
 17189.954349   14177.51624408 14426.66434545 14432.54015211
 14641.45769823 11463.07464673 19621.0745469  13315.39679867
 12700.5952358  15957.56516757  9443.61793402 11733.73216953
 24186.95107859 12679.15110593 14983.13955125 16637.03424693
 17680.6700338   7190.39032378]

The result for the 19th execution is
Time
51.48237991333008
Query Result
[12126. 12188. 12507. 12546. 12147. 12183. 12190. 12235. 12357. 12444.
 12359. 12468. 12625. 12376. 12578. 12752. 12775. 12270. 12535. 12143.
 12635. 12875. 12367. 12433. 12459. 12839. 12250. 12591. 12321. 12304.
 12376. 12318. 12395. 11879. 12293. 12324. 12317. 12130. 12369. 12258.
 12518. 12762. 12048. 12156. 12427. 12368. 12553. 12010. 12333. 12225.]
Noised Result
[15969.9297586   9256.28870773 10986.42514166 -3179.54726932
 14381.90791218 23018.53517877 25172.89681661 10827.41924195
  6398.154367    7367.91662176 22315.61702997 29360.21886754
 -9438.68991186 14432.9721144    905.19690573  8507.10184854
 11233.14728381  5405.0086219  18376.55882491  8646.85396128
 12308.88664285 37001.9905205  21048.89116772 14315.48135857
 19213.90128222  -214.12446592  6937.19643582 24885.5827398
   290.16738118 16220.05629867  1939.39555266 14988.44045886
 36066.77795257 12262.00832602 11316.19933595 12427.84550825
  6893.13285146 36552.79239308 16126.70313435   488.18684504
 21984.69723367 19268.48891314 30996.13311612 16828.41994303
 10034.6477723  24792.27970297 18241.47265035 11553.02918154
  6479.45150293 21968.26757587]

