The result for the 0th execution is
Time
781.2071521282196
Query Result
[673644.8548082  755865.81791959 710571.1556705  732951.3047048
 675363.7989975  715596.0604893  636246.9610214  652590.4343335
 718304.1935096  713230.7742954  677607.000841   730962.5451465
 721601.1065042  695965.2016275  679608.9604112  704012.4295866
 655524.5838108  716860.3798908  722315.70257411 699872.1858327
 679611.9454342  654788.2244401  690613.8706187  695402.80405
 689973.9018399 ]
Noised Result
[651873.0508279  602590.32400516 716745.28563054 441843.90656469
 803671.59768625 734424.61885941 745981.63679531 615622.63477351
 367310.01906972 642505.80152819 802241.77716406 536702.75210749
 801514.07855402 446208.78586843 684229.45376783 442051.28683918
 876494.96768606 396912.39693036 660929.7537386  736387.01379747
 646639.73871167 397726.47976764 698444.90123399 269574.01341048
 782335.19769207]

The result for the 1th execution is
Time
386.4436357021332
Query Result
[673644.8548082  755865.81791959 710571.1556705  732951.3047048
 675363.7989975  715596.0604893  636246.9610214  652590.4343335
 718304.1935096  713230.7742954  677607.000841   730962.5451465
 721601.1065042  695965.2016275  679608.9604112  704012.4295866
 655524.5838108  716860.3798908  722315.70257411 699872.1858327
 679611.9454342  654788.2244401  690613.8706187  695402.80405
 689973.9018399 ]
Noised Result
[ 265427.26522628 1048341.12169108  521517.84820513  610982.66828171
  718768.06042364  493781.61309267  269773.90462825  747681.01119633
  618790.11917611 1209085.40778624 1155090.04529365  345591.01197831
  371364.1932329   608691.67717892 1044591.67674281  711392.80088842
  590754.96235484  606332.33992266  803206.55162351  803477.63978334
  873329.59842414  809205.98045939  557462.36684043  957925.15686504
  716910.60695184]

The result for the 2th execution is
Time
871.9822535514832
Query Result
[673644.8548082  755865.81791959 710571.1556705  732951.3047048
 675363.7989975  715596.0604893  636246.9610214  652590.4343335
 718304.1935096  713230.7742954  677607.000841   730962.5451465
 721601.1065042  695965.2016275  679608.9604112  704012.4295866
 655524.5838108  716860.3798908  722315.70257411 699872.1858327
 679611.9454342  654788.2244401  690613.8706187  695402.80405
 689973.9018399 ]
Noised Result
[537513.12736689 653460.96835657 614579.50327626 588668.59903029
 723513.57254637 472445.21344509 703585.69407303 580192.9391362
 639632.66383702 884148.44596355 686443.84059543 574911.33066997
 756088.40886352 643122.61211064 659775.62722249 560411.48416805
 600161.88005336 913375.75275817 993141.30607243 828825.89597895
 755972.2285761  486795.94909902 771242.83135039 811101.76723817
 603541.64302   ]

The result for the 3th execution is
Time
874.3548626899719
Query Result
[673644.8548082  755865.81791959 710571.1556705  732951.3047048
 675363.7989975  715596.0604893  636246.9610214  652590.4343335
 718304.1935096  713230.7742954  677607.000841   730962.5451465
 721601.1065042  695965.2016275  679608.9604112  704012.4295866
 655524.5838108  716860.3798908  722315.70257411 699872.1858327
 679611.9454342  654788.2244401  690613.8706187  695402.80405
 689973.9018399 ]
Noised Result
[908875.16418991 885206.64664738 677630.70668033 980294.865597
 557105.72342442 904511.63028833 616446.52014585 504862.11480721
 804295.69293125 935560.29395765 784596.81794283 649826.29712843
 624571.95037354 721768.12008743 710269.07645891 750371.87698616
 515742.23729286 838276.30622128 895896.95031168 711977.46660821
 560844.6434043  597554.79146218 474270.14848148 721500.61406236
 458350.84445539]

The result for the 4th execution is
Time
729.6999118328094
Query Result
[673644.8548082  755865.81791959 710571.1556705  732951.3047048
 675363.7989975  715596.0604893  636246.9610214  652590.4343335
 718304.1935096  713230.7742954  677607.000841   730962.5451465
 721601.1065042  695965.2016275  679608.9604112  704012.4295866
 655524.5838108  716860.3798908  722315.70257411 699872.1858327
 679611.9454342  654788.2244401  690613.8706187  695402.80405
 689973.9018399 ]
Noised Result
[621476.11301146 704992.53125689 721343.5018609  284627.26677141
 357242.75881275 812567.45091253 495761.36828981 566630.00437823
 682996.39578194 517533.99731657 786137.01049874 885738.78820222
 893524.38848965 605435.4353372  769962.81911038 599294.72597403
 743510.01913058 628858.52461476 585811.83503469 811409.36533126
 521831.11185954 564206.88059387 613502.8978697  632842.56714824
 738668.83327959]

The result for the 5th execution is
Time
528.4989378452301
Query Result
[673644.8548082  755865.81791959 710571.1556705  732951.3047048
 675363.7989975  715596.0604893  636246.9610214  652590.4343335
 718304.1935096  713230.7742954  677607.000841   730962.5451465
 721601.1065042  695965.2016275  679608.9604112  704012.4295866
 655524.5838108  716860.3798908  722315.70257411 699872.1858327
 679611.9454342  654788.2244401  690613.8706187  695402.80405
 689973.9018399 ]
Noised Result
[ 268055.06409538 1296941.17076417 1006419.71837511  496621.88277138
  176863.20653365  620656.1773793   178555.17515513  576187.59206649
  657682.33381872 1075907.617006    493459.92064908  495506.3259185
  438420.15796548 1069844.69543395  417553.21462201  523487.40194257
 1013554.09948046 1100899.36314108  480297.39430163  189414.72118647
  831931.29424891  560377.32775619  846144.8915355   751553.09302835
  370786.45436568]

The result for the 6th execution is
Time
788.2476768493652
Query Result
[673644.8548082  755865.81791959 710571.1556705  732951.3047048
 675363.7989975  715596.0604893  636246.9610214  652590.4343335
 718304.1935096  713230.7742954  677607.000841   730962.5451465
 721601.1065042  695965.2016275  679608.9604112  704012.4295866
 655524.5838108  716860.3798908  722315.70257411 699872.1858327
 679611.9454342  654788.2244401  690613.8706187  695402.80405
 689973.9018399 ]
Noised Result
[499114.55105002 654999.56662535 727469.15708337 902147.7701296
 756252.62451305 863045.36401961 312547.74381155 635636.62230847
 556698.18272953 483297.54515971 621423.18790423 732236.16210517
 655612.82389288 737118.11756917 847204.840498   721056.77782932
 714804.40733497 388841.46320954 754940.11014528 381495.49710112
 763915.33700554 975855.69941434 412652.30562518 614118.95290564
 722341.68362932]

The result for the 7th execution is
Time
866.2283282279968
Query Result
[673644.8548082  755865.81791959 710571.1556705  732951.3047048
 675363.7989975  715596.0604893  636246.9610214  652590.4343335
 718304.1935096  713230.7742954  677607.000841   730962.5451465
 721601.1065042  695965.2016275  679608.9604112  704012.4295866
 655524.5838108  716860.3798908  722315.70257411 699872.1858327
 679611.9454342  654788.2244401  690613.8706187  695402.80405
 689973.9018399 ]
Noised Result
[743910.49171239 830432.13935321 782060.68787781 670562.66250943
 825357.23297739 605356.53610594 730214.12664677 375820.27321756
 780401.17717268 906908.32349522 828809.7462303  552411.98037009
 726495.51457489 768333.36570481 550094.62547565 613768.8956288
 730712.8016697  839495.23166948 629970.43512166 748532.92400172
 662013.28772579 545559.19263653 561499.55617475 896187.81878477
 653714.36126333]

The result for the 8th execution is
Time
866.7933485507965
Query Result
[673644.8548082  755865.81791959 710571.1556705  732951.3047048
 675363.7989975  715596.0604893  636246.9610214  652590.4343335
 718304.1935096  713230.7742954  677607.000841   730962.5451465
 721601.1065042  695965.2016275  679608.9604112  704012.4295866
 655524.5838108  716860.3798908  722315.70257411 699872.1858327
 679611.9454342  654788.2244401  690613.8706187  695402.80405
 689973.9018399 ]
Noised Result
[ 559952.58370756  692994.25513276  641460.08117449  717243.45496114
  562207.5491673   581915.39930909  858140.93624918  614205.87049843
  754507.59282643  599638.52507876  693244.55128442  696590.34815389
  676193.43764964  444273.62481993  710112.21063277  711838.73840416
  579710.08864761 1029216.90859536  980877.76826987  635940.66855736
  810851.53098173  773373.72307842  155836.3370837   487430.201946
  669635.90744816]

The result for the 9th execution is
Time
786.7885625362396
Query Result
[673644.8548082  755865.81791959 710571.1556705  732951.3047048
 675363.7989975  715596.0604893  636246.9610214  652590.4343335
 718304.1935096  713230.7742954  677607.000841   730962.5451465
 721601.1065042  695965.2016275  679608.9604112  704012.4295866
 655524.5838108  716860.3798908  722315.70257411 699872.1858327
 679611.9454342  654788.2244401  690613.8706187  695402.80405
 689973.9018399 ]
Noised Result
[836884.43071844 864614.35165931 946107.00642312 735291.51492602
 766332.57150086 531473.26635759 593933.75569696 748553.37032514
 970543.63563836 636502.39295715 598047.10948851 811873.98190717
 638189.34695955 740523.62534551 746022.17402371 736711.26351974
 714660.66654286 799921.67401521 703555.91526795 408715.50511209
 507170.24314965 788456.58002857 830204.13506515 872879.14804214
 570798.67007829]

The result for the 10th execution is
Time
671.1296696662903
Query Result
[673644.8548082  755865.81791959 710571.1556705  732951.3047048
 675363.7989975  715596.0604893  636246.9610214  652590.4343335
 718304.1935096  713230.7742954  677607.000841   730962.5451465
 721601.1065042  695965.2016275  679608.9604112  704012.4295866
 655524.5838108  716860.3798908  722315.70257411 699872.1858327
 679611.9454342  654788.2244401  690613.8706187  695402.80405
 689973.9018399 ]
Noised Result
[ 836741.94121301  920755.00218005  786187.73056378  531853.83175902
  834860.47532212  797917.91656304  851160.33656626  631626.11935386
  777224.80721896  911927.79825172  432258.25797804  782643.69401276
  818043.25665355  605503.98076962  582848.89970226  799463.03535335
  705050.45304925  650382.4578462   519341.37701134  780646.70701066
 1270973.60480432  799719.70240736  777368.37564733  881005.58336567
  910570.14349416]

The result for the 11th execution is
Time
533.2851984500885
Query Result
[673644.8548082  755865.81791959 710571.1556705  732951.3047048
 675363.7989975  715596.0604893  636246.9610214  652590.4343335
 718304.1935096  713230.7742954  677607.000841   730962.5451465
 721601.1065042  695965.2016275  679608.9604112  704012.4295866
 655524.5838108  716860.3798908  722315.70257411 699872.1858327
 679611.9454342  654788.2244401  690613.8706187  695402.80405
 689973.9018399 ]
Noised Result
[ 562347.69689723  953550.28852305  607759.35020673  861794.34837765
  580763.49696114  918043.95807797  689268.41052675  603614.45761525
 1277839.17852892  355923.53439354 1016020.81919147  854926.47140958
  424225.94520028  488608.34066315  732017.69746195  793020.61726612
  770470.91918071 1036352.39409264  773115.99481523  606444.42635026
 1125959.9689202   663546.63880126  896473.46625506  655235.80508582
  564831.38653069]

The result for the 12th execution is
Time
869.0007774829865
Query Result
[673644.8548082  755865.81791959 710571.1556705  732951.3047048
 675363.7989975  715596.0604893  636246.9610214  652590.4343335
 718304.1935096  713230.7742954  677607.000841   730962.5451465
 721601.1065042  695965.2016275  679608.9604112  704012.4295866
 655524.5838108  716860.3798908  722315.70257411 699872.1858327
 679611.9454342  654788.2244401  690613.8706187  695402.80405
 689973.9018399 ]
Noised Result
[ 745933.7073008   564480.69686798  723020.0533924   936979.02534621
  723741.32097748  974896.18548348  742050.06360385  330962.38440227
  907362.8844113   718268.49945493  615997.78640451  498831.55786081
  458330.1429647   938555.63568842  704721.24147189  556355.8452701
  570449.92201415  444966.44177713  681916.56972504  521288.71309462
  415205.0069193  1201251.60255264  676431.77086485  877007.47474378
  539644.36221472]

The result for the 13th execution is
Time
779.6746962070465
Query Result
[673644.8548082  755865.81791959 710571.1556705  732951.3047048
 675363.7989975  715596.0604893  636246.9610214  652590.4343335
 718304.1935096  713230.7742954  677607.000841   730962.5451465
 721601.1065042  695965.2016275  679608.9604112  704012.4295866
 655524.5838108  716860.3798908  722315.70257411 699872.1858327
 679611.9454342  654788.2244401  690613.8706187  695402.80405
 689973.9018399 ]
Noised Result
[745137.4424835  768882.98094029 604946.30422054 586942.44659039
 794932.10388048 745347.47886263 650412.09424578 531369.3393742
 493273.7316092  773495.82053596 862458.07255115 563171.69435989
 672834.85358315 747347.02474574 769062.3890745  865061.62971564
 713515.9120067  723203.88425697 761325.65833726 838683.35889755
 616654.67629521 696084.98201878 479889.92307646 435288.52504761
 807185.18478716]

The result for the 14th execution is
Time
866.0323877334595
Query Result
[673644.8548082  755865.81791959 710571.1556705  732951.3047048
 675363.7989975  715596.0604893  636246.9610214  652590.4343335
 718304.1935096  713230.7742954  677607.000841   730962.5451465
 721601.1065042  695965.2016275  679608.9604112  704012.4295866
 655524.5838108  716860.3798908  722315.70257411 699872.1858327
 679611.9454342  654788.2244401  690613.8706187  695402.80405
 689973.9018399 ]
Noised Result
[626443.70593413 689797.07423838 572645.79574886 846106.69256605
 668315.68852781 623404.94467321 734296.11071919 757102.37992873
 845299.96874852 860369.08914121 785493.86765821 608538.18554693
 859557.0005794  641438.80079425 541129.72135625 809722.91607088
 498436.42586976 537222.22645164 610344.46665207 695313.70924054
 653762.71653185 792708.10636413 623675.65169699 487265.70829254
 733051.46149453]

The result for the 15th execution is
Time
301.72819924354553
Query Result
[673644.8548082  755865.81791959 710571.1556705  732951.3047048
 675363.7989975  715596.0604893  636246.9610214  652590.4343335
 718304.1935096  713230.7742954  677607.000841   730962.5451465
 721601.1065042  695965.2016275  679608.9604112  704012.4295866
 655524.5838108  716860.3798908  722315.70257411 699872.1858327
 679611.9454342  654788.2244401  690613.8706187  695402.80405
 689973.9018399 ]
Noised Result
[1398635.02320688  910863.57152502 1144607.39608998 1110718.24813062
  433809.40153553  947731.96961931  933305.21288125  757177.63955241
  791488.06960049  690973.20087128 1158457.70697728  785064.12838627
  412897.52308786 1183807.30419227  786451.21642571  751896.88166199
  353642.13529368  619583.41928228 1105329.54943113  102707.62182061
  835610.01211674  404035.66752819  810010.41301344  877809.8184855
  991793.00284295]

The result for the 16th execution is
Time
875.9047644138336
Query Result
[673644.8548082  755865.81791959 710571.1556705  732951.3047048
 675363.7989975  715596.0604893  636246.9610214  652590.4343335
 718304.1935096  713230.7742954  677607.000841   730962.5451465
 721601.1065042  695965.2016275  679608.9604112  704012.4295866
 655524.5838108  716860.3798908  722315.70257411 699872.1858327
 679611.9454342  654788.2244401  690613.8706187  695402.80405
 689973.9018399 ]
Noised Result
[799142.93526049 573766.18946746 728705.85182929 955642.17026762
 630236.59833845 854433.92460322 565999.10386724 754016.32470129
 613133.86246681 662234.47468962 630684.42709492 511652.68974438
 434197.66868893 574288.99446518 685880.41007363 755793.60033468
 811769.57567988 815917.64311051 993714.87610942 473694.13456866
 511674.73643838 370746.58745435 708785.95478288 650258.13465878
 684724.53331469]

The result for the 17th execution is
Time
642.7033371925354
Query Result
[673644.8548082  755865.81791959 710571.1556705  732951.3047048
 675363.7989975  715596.0604893  636246.9610214  652590.4343335
 718304.1935096  713230.7742954  677607.000841   730962.5451465
 721601.1065042  695965.2016275  679608.9604112  704012.4295866
 655524.5838108  716860.3798908  722315.70257411 699872.1858327
 679611.9454342  654788.2244401  690613.8706187  695402.80405
 689973.9018399 ]
Noised Result
[738834.08450903 933568.38974684 499156.21701851 768946.29506246
 872727.14954513 772988.78568116 747854.49347614 421928.80004896
 669712.64175906 735193.66090098 993843.34361707 311756.55563213
 779608.51026716 767269.68509836 738916.51781978 975129.03232864
 756238.01644749 667704.38899029 769508.27429853 845543.00665453
 715049.09023898 683252.99728178 796370.95986206 786508.65236413
 531516.33315768]

The result for the 18th execution is
Time
612.7463715076447
Query Result
[673644.8548082  755865.81791959 710571.1556705  732951.3047048
 675363.7989975  715596.0604893  636246.9610214  652590.4343335
 718304.1935096  713230.7742954  677607.000841   730962.5451465
 721601.1065042  695965.2016275  679608.9604112  704012.4295866
 655524.5838108  716860.3798908  722315.70257411 699872.1858327
 679611.9454342  654788.2244401  690613.8706187  695402.80405
 689973.9018399 ]
Noised Result
[ 521778.1439548  1151287.06378084  613006.91072666  783974.07919751
  645016.76142332  623033.44888597  503253.04618296  114292.3739157
  553682.11430093  538478.8776699   799088.49617763  706532.77780427
  771960.74816922  839211.39902698  787837.28998677  460397.11286455
  554298.95908129  656734.48057647  682441.64422156  910748.40934521
  493324.55976468  894060.30592548  695464.89582059  448740.37372352
  620726.27395489]

The result for the 19th execution is
Time
512.6224534511566
Query Result
[673644.8548082  755865.81791959 710571.1556705  732951.3047048
 675363.7989975  715596.0604893  636246.9610214  652590.4343335
 718304.1935096  713230.7742954  677607.000841   730962.5451465
 721601.1065042  695965.2016275  679608.9604112  704012.4295866
 655524.5838108  716860.3798908  722315.70257411 699872.1858327
 679611.9454342  654788.2244401  690613.8706187  695402.80405
 689973.9018399 ]
Noised Result
[ 394677.03407368  627938.04395284  778194.03373227  328087.12770665
  326820.46092275  877660.97732256 1105656.57397864  946748.93743177
 1115262.60289448  658382.67883835   77734.63774094  755410.44972765
  945383.76650755  663332.5936326   355026.22648488  781809.40135219
  830626.74270526  789954.95849103  959019.06060127  396313.96199086
  889096.93656392  550262.4202263   921865.08903511  735429.31112192
  613382.639063  ]

