The result for the 0th execution is
Time
108.41377091407776
Query Result
[24539. 24358. 24530. 25052. 24822. 24826. 24806. 24750. 24774. 25207.
 24526. 24751. 24979. 24569. 24741. 24858. 24754. 24557. 24920. 24809.
 25146. 24882. 25133. 24865. 25137. 25043. 24727. 25134. 25083. 24965.
 24594. 24719. 24377. 24313. 24697. 24517. 24374. 24541. 24693. 24550.
 24771. 24939. 24662. 24419. 24774. 24373. 24873. 24324. 24696. 24605.]
Noised Result
[11944.79499547 23093.27396253  3512.19839536 16562.59033455
 52208.31196201  9495.84913678 12819.60863124 41294.38815187
 -4929.84226787 37796.37737286  3485.85712493  7158.48235334
 30334.5301133   1289.50584512 47088.30463611  7728.16274974
 38450.8621839  41190.96707414 48205.50331825 15158.73078514
 24145.18428713 34433.62075822 60789.00106454 46798.54085026
 28694.93386067 13493.70904846 38073.19844831 30771.34372539
 28231.89868467 28143.46737514 38432.0652921  27709.78657104
 17590.89573383 18594.08882341 30310.36102169 58822.90473212
 32092.18158263 16481.65131768 23730.34320581 13175.1500698
  7346.69061451 12116.37472341 48974.91214499 36200.3267721
 38804.18476505 41447.82560629  6431.20415879 24311.56113935
 28195.07883694 12705.93768079]

The result for the 1th execution is
Time
105.49030542373657
Query Result
[24539. 24358. 24530. 25052. 24822. 24826. 24806. 24750. 24774. 25207.
 24526. 24751. 24979. 24569. 24741. 24858. 24754. 24557. 24920. 24809.
 25146. 24882. 25133. 24865. 25137. 25043. 24727. 25134. 25083. 24965.
 24594. 24719. 24377. 24313. 24697. 24517. 24374. 24541. 24693. 24550.
 24771. 24939. 24662. 24419. 24774. 24373. 24873. 24324. 24696. 24605.]
Noised Result
[20527.75442597 32154.60796051 32727.77705827 20866.04564986
 24037.80812772 19297.42376761 11272.93871446 35568.78068763
 45716.09487886 17824.84963524 38065.30738459 26395.91464833
 35108.81184955 49420.41119648 12198.78908396 22974.25506209
 18690.09576787 11712.79716299 23304.62790283 30579.1987652
 22844.39586752 37614.60185222 18298.71530364 19003.07208731
 28793.67217209 30586.24280362 16932.35546967 13154.61813527
 28791.18661982 30271.51479343  9206.40077472 31310.73461731
 20717.66513853 23632.38269502 18632.23039407 18740.14989371
 29074.11883572 21826.93131254 33292.77842385 42358.27544949
 30011.09459749 21952.88888078 33564.9018129  28025.13283774
 31378.15168254 21784.98057644 32151.29654845 20745.79652738
 29701.84670602 15194.01618202]

The result for the 2th execution is
Time
106.89190101623535
Query Result
[24539. 24358. 24530. 25052. 24822. 24826. 24806. 24750. 24774. 25207.
 24526. 24751. 24979. 24569. 24741. 24858. 24754. 24557. 24920. 24809.
 25146. 24882. 25133. 24865. 25137. 25043. 24727. 25134. 25083. 24965.
 24594. 24719. 24377. 24313. 24697. 24517. 24374. 24541. 24693. 24550.
 24771. 24939. 24662. 24419. 24774. 24373. 24873. 24324. 24696. 24605.]
Noised Result
[29234.12231759 13949.15149498 24642.34397821 23287.65098875
 24575.47290085 28623.29800388 26030.91920369 23657.5032704
 23740.27061928 26318.88798815 24510.06958256 21617.76415518
 19835.48758071 25477.12255112 24598.87990473 24133.75739686
 29731.46911946 18812.21761066 27743.06726362 28511.96722635
 22096.43901707 22457.14311214 15698.15850339 28259.2680346
 31414.43366391 30793.83031266 28910.76510553 28104.40760736
 15820.87269377 25461.4642421  26015.44998697 24230.49594607
 35579.35344137 24514.31977221 23764.6446227  23290.64282438
 26866.25354669 31662.60491394 30570.84475527 30605.94819723
 18144.77275091 18236.52234098 27857.80286352 23592.38000779
 25657.60701988 29432.95539083 23680.66386115 25774.12363595
 21134.12867159 30820.5178503 ]

The result for the 3th execution is
Time
104.58402895927429
Query Result
[24539. 24358. 24530. 25052. 24822. 24826. 24806. 24750. 24774. 25207.
 24526. 24751. 24979. 24569. 24741. 24858. 24754. 24557. 24920. 24809.
 25146. 24882. 25133. 24865. 25137. 25043. 24727. 25134. 25083. 24965.
 24594. 24719. 24377. 24313. 24697. 24517. 24374. 24541. 24693. 24550.
 24771. 24939. 24662. 24419. 24774. 24373. 24873. 24324. 24696. 24605.]
Noised Result
[25825.27082182 25426.38249631 15808.00504946 20233.62115706
 19879.16036669 20424.50074573 29220.53449581 24131.59465929
 19714.9754354  21580.47331058 30415.96325229 20004.58749283
 17135.47040392 27306.50007686 23449.41876907 31799.64407328
 21137.10089884 24088.25460685 25168.87876111 21161.45286448
 26046.91721485 21017.08887919 23626.62060854 28845.83574402
 26539.23689007 28867.46247017 22910.18178961 17163.67740273
 20437.55615207 21067.41797849 19266.23097288 32571.56586239
 21439.77030901 24788.87826685 25772.64443461 31838.02772813
 26794.88047864 27406.72357767 24951.60492522 25428.04094669
 23043.40543067 22887.56494495 32943.05075375 27184.12457915
 25248.88420027 27112.8044685  23616.99950396 23871.98683216
 23483.56752709 25050.37705114]

The result for the 4th execution is
Time
102.56696724891663
Query Result
[24539. 24358. 24530. 25052. 24822. 24826. 24806. 24750. 24774. 25207.
 24526. 24751. 24979. 24569. 24741. 24858. 24754. 24557. 24920. 24809.
 25146. 24882. 25133. 24865. 25137. 25043. 24727. 25134. 25083. 24965.
 24594. 24719. 24377. 24313. 24697. 24517. 24374. 24541. 24693. 24550.
 24771. 24939. 24662. 24419. 24774. 24373. 24873. 24324. 24696. 24605.]
Noised Result
[20438.856393   21305.25063597 27853.29204317 21371.7201924
 28505.14888842 22043.26238635 21120.01616652 24619.27739243
 21231.75366461 27088.1681693  25357.88341747 23797.83801947
 21560.06390788 28955.89365839 20948.18438071 28449.34775626
 25234.95464404 21404.35957454 28000.067037   33334.20341706
 32105.25737568 23898.31046117 21801.78326213 28079.86421086
 25925.28723884 22695.33183617 24649.43361746 17203.76974977
 28400.33942182 26275.58323514 20323.89013481 20090.59917931
 28752.33688422 24645.65172962 24919.12598967 20814.204192
 23095.40721193 23290.64315835 33539.16824026 28864.20462177
 26195.76399387 29031.79757658 20728.74589475 26164.69517268
 34586.53403241 17951.71745295 26042.56040381 15760.87493169
 29558.55177663 26168.97110944]

The result for the 5th execution is
Time
109.42082333564758
Query Result
[24539. 24358. 24530. 25052. 24822. 24826. 24806. 24750. 24774. 25207.
 24526. 24751. 24979. 24569. 24741. 24858. 24754. 24557. 24920. 24809.
 25146. 24882. 25133. 24865. 25137. 25043. 24727. 25134. 25083. 24965.
 24594. 24719. 24377. 24313. 24697. 24517. 24374. 24541. 24693. 24550.
 24771. 24939. 24662. 24419. 24774. 24373. 24873. 24324. 24696. 24605.]
Noised Result
[21361.45532091 22531.07290665 26249.54983908 22330.11498115
 14023.44721816 30137.99435132 18092.81366772 24958.43468763
 16239.5232934  28185.10475842 26884.67891067 20183.60564546
 21119.25103349 21143.81595576 28728.94815366 25687.6477503
 24730.26591148 31838.52571955 24513.43985719 29789.9560296
 37602.70649156 26385.72417124 36930.43869031 27288.42402534
 25300.62513658 26687.86939547 27907.0522408  28276.84788951
 21306.18627265 30412.93116717 16590.00965893 18936.85257054
 28559.62123991 29694.00526811 29892.22274595 21821.63426326
 24544.66772252 29897.14774264 28212.39915848 22823.44549582
 25777.02491702 24228.04191998 26972.44274291 22816.83228716
 23546.97252905 22144.1105465  36531.07281764 17054.95495066
 20326.33159335 18648.04897063]

The result for the 6th execution is
Time
108.46199440956116
Query Result
[24539. 24358. 24530. 25052. 24822. 24826. 24806. 24750. 24774. 25207.
 24526. 24751. 24979. 24569. 24741. 24858. 24754. 24557. 24920. 24809.
 25146. 24882. 25133. 24865. 25137. 25043. 24727. 25134. 25083. 24965.
 24594. 24719. 24377. 24313. 24697. 24517. 24374. 24541. 24693. 24550.
 24771. 24939. 24662. 24419. 24774. 24373. 24873. 24324. 24696. 24605.]
Noised Result
[23424.71920301 26057.47368295 24524.53622333 24886.16013054
 27374.31392163 23966.0996214  15330.70005733 22032.48022607
 29216.82940741 27199.64681972 25659.59125693 21514.66178749
 28826.41599447 29276.20223507 22853.34164293 20756.58900464
 23715.0687296  29080.2757231  24884.87460017 32923.34738335
 25088.34927821 32484.78792668 32378.41266454 23433.06313229
 24215.70616946 19347.07168446 22399.17629237 33026.50929952
 27547.02080162 38922.66557826 24824.27648571 25358.70039524
 24250.01219853 26119.85035962 27070.56695529 19977.25563928
 18858.59011592 22550.81123051 19858.72798478 31891.08572884
 26321.34538559 25258.76964411 30106.23604289 23592.398791
 24004.28623785 24212.7359573  31589.99656562 25434.33000921
 22988.82861834 34880.66512618]

The result for the 7th execution is
Time
114.45009636878967
Query Result
[24539. 24358. 24530. 25052. 24822. 24826. 24806. 24750. 24774. 25207.
 24526. 24751. 24979. 24569. 24741. 24858. 24754. 24557. 24920. 24809.
 25146. 24882. 25133. 24865. 25137. 25043. 24727. 25134. 25083. 24965.
 24594. 24719. 24377. 24313. 24697. 24517. 24374. 24541. 24693. 24550.
 24771. 24939. 24662. 24419. 24774. 24373. 24873. 24324. 24696. 24605.]
Noised Result
[24160.36912394 25480.60094636 20024.48002796 24053.48890592
 28641.66012072 25868.03892011 27781.34816178 17109.82611111
 28976.16805839 21680.15005711 19889.7737755  29333.3641089
 21374.18498271 20056.88148552 23584.40188574 23855.21610725
 30593.96669175 15782.37678069 31275.95410116 26525.09685158
 23030.19118724 27777.20682994 25826.92290128 24666.64604862
 20713.60446604 29327.3018608  21822.91199543 28140.55817643
 20462.78596819 25624.61597551 24396.9557354  20405.47936182
 21383.28358515 22006.10721219 20670.77941269 21519.43606723
 19333.55747111 26989.77988291 22134.02817345 22614.88387758
 24797.81571096 33022.63729882 20118.16003692 26289.35219994
 29890.26250984 24279.90678794 28485.78010908 23268.68925455
 28769.21092989 29602.26973445]

The result for the 8th execution is
Time
104.31708455085754
Query Result
[24539. 24358. 24530. 25052. 24822. 24826. 24806. 24750. 24774. 25207.
 24526. 24751. 24979. 24569. 24741. 24858. 24754. 24557. 24920. 24809.
 25146. 24882. 25133. 24865. 25137. 25043. 24727. 25134. 25083. 24965.
 24594. 24719. 24377. 24313. 24697. 24517. 24374. 24541. 24693. 24550.
 24771. 24939. 24662. 24419. 24774. 24373. 24873. 24324. 24696. 24605.]
Noised Result
[26091.01628498 26190.05802689 27498.86422656 28144.96223416
 22723.20727346 18652.50996368 28642.4712403  29201.3233299
 26189.08943921 23534.27847892 27519.99991201 19878.21085839
 23964.77757899 29034.67646039 20705.53930242 23771.32181938
 24400.18431236 22400.84161175 21524.71417888 26013.88410042
 30048.28545073 26494.86847164 22133.89116902 26158.46120494
 23964.33504281 25905.68776458 19935.04794375 18291.17269537
 23487.15212462 26625.19139714 28841.50867954 25245.47069533
 26064.01063601 23232.48377254 25074.60779864 22043.06771599
 23014.39041789 22996.37895037 24022.31091201 28039.03359137
 24345.27009019 25618.60312384 24085.02541923 23669.47111097
 24311.90497108 19983.09605303 23579.59952508 27153.03158562
 24725.97926738 28075.82591319]

The result for the 9th execution is
Time
105.97159767150879
Query Result
[24539. 24358. 24530. 25052. 24822. 24826. 24806. 24750. 24774. 25207.
 24526. 24751. 24979. 24569. 24741. 24858. 24754. 24557. 24920. 24809.
 25146. 24882. 25133. 24865. 25137. 25043. 24727. 25134. 25083. 24965.
 24594. 24719. 24377. 24313. 24697. 24517. 24374. 24541. 24693. 24550.
 24771. 24939. 24662. 24419. 24774. 24373. 24873. 24324. 24696. 24605.]
Noised Result
[21879.42051586 21240.95239406 21822.74996714 16043.42092285
 22748.3467524  21278.78451848 24433.09289422 23382.75962525
 28876.24086276 25300.54410173 21462.52024478 23719.28849545
 21969.47384736 29100.15636667 20288.76003858 25252.33801966
 19695.20883247 29352.36645631 25608.57502147 21736.16761885
 23336.6783286  20768.81472694 25249.79298338 31494.82146119
 21955.96830066 30759.00864884 26796.36499997 28437.73783238
 25187.76898084 20928.517211   31321.93989131 26068.92686179
 25879.24739451 36865.84546078 18312.47241888 28108.83679937
 21088.0086539  23804.29574586 23900.35655774 26071.53020782
 16368.97076506 28045.46007916 23120.99537096 18469.69787569
 31184.51173844 24748.94984128 29996.36178449 27195.25572326
 27633.88199527 26727.12720389]

The result for the 10th execution is
Time
103.63935160636902
Query Result
[24539. 24358. 24530. 25052. 24822. 24826. 24806. 24750. 24774. 25207.
 24526. 24751. 24979. 24569. 24741. 24858. 24754. 24557. 24920. 24809.
 25146. 24882. 25133. 24865. 25137. 25043. 24727. 25134. 25083. 24965.
 24594. 24719. 24377. 24313. 24697. 24517. 24374. 24541. 24693. 24550.
 24771. 24939. 24662. 24419. 24774. 24373. 24873. 24324. 24696. 24605.]
Noised Result
[25392.69462602 23701.58898439 26818.52141193 23960.49410305
 28232.96735122 17375.89057283 24199.30943393 19121.00027343
 23417.23687662 24659.87921508 23412.53256823 26898.78047132
 21244.44389753 26134.16158431 24503.97395354 33184.32292764
 21119.94327267 30484.98893461 33602.73494875 23204.5591297
 17828.95783693 20636.50964188 25906.04496243 26804.42679936
 31491.77311734 22418.20733119 22307.40320415 28169.83060633
 25689.95266893 27773.12665224 29025.08092426 25484.96078075
 24588.30240925 16104.05877352 24100.20737815 32192.64382933
 26114.37676669 23682.73271163 24776.832321   26836.00723741
 22187.77862727 26744.27594007 19607.66841418 25169.4391215
 23336.16681216 31915.69369732 22311.94035494 22613.18406708
 22748.84512593 25175.9374225 ]

The result for the 11th execution is
Time
106.08829188346863
Query Result
[24539. 24358. 24530. 25052. 24822. 24826. 24806. 24750. 24774. 25207.
 24526. 24751. 24979. 24569. 24741. 24858. 24754. 24557. 24920. 24809.
 25146. 24882. 25133. 24865. 25137. 25043. 24727. 25134. 25083. 24965.
 24594. 24719. 24377. 24313. 24697. 24517. 24374. 24541. 24693. 24550.
 24771. 24939. 24662. 24419. 24774. 24373. 24873. 24324. 24696. 24605.]
Noised Result
[36389.35674386 30574.19227705 26066.17975853 26432.9288239
 26961.92889734 23327.95600226 22681.99956519 13765.69705918
 18080.21653799 24654.88819964 24340.72598671 22775.6706776
 25688.31235886 21733.17032072 19361.97652205 22680.44410019
 16506.08929664 25438.62656311 26247.61509222 23398.16213001
 21595.16662941 22731.33460785 28641.19300955 25466.77316122
 23608.91212542 21730.26161439 27444.13313701 22809.38618158
 22593.27697716 24170.76759764 23779.74778809 19610.76811393
 26269.25589372 26137.31180945 26343.14003917 20187.84751883
 20972.95398465 26051.09450678 26735.08726043 29866.37116167
 22676.09573464 23619.777521   30589.85676258 23982.94639767
 23330.40940981 22901.2754283  13618.2235676  25365.34099937
 24686.78542135 28535.24597272]

The result for the 12th execution is
Time
104.00343298912048
Query Result
[24539. 24358. 24530. 25052. 24822. 24826. 24806. 24750. 24774. 25207.
 24526. 24751. 24979. 24569. 24741. 24858. 24754. 24557. 24920. 24809.
 25146. 24882. 25133. 24865. 25137. 25043. 24727. 25134. 25083. 24965.
 24594. 24719. 24377. 24313. 24697. 24517. 24374. 24541. 24693. 24550.
 24771. 24939. 24662. 24419. 24774. 24373. 24873. 24324. 24696. 24605.]
Noised Result
[24426.33800594 22864.13530203 29392.4720139  27424.63366434
 25155.1887884  27614.28440526 26352.14640539 30900.07476657
 23079.66518511 26088.33773815 21746.4657296  21544.31270873
 23658.51023415 27409.45114367 24324.97666397 26817.40057929
 22171.95640004 20541.54920626 29410.81468191 26360.96689398
 19957.21823748 31083.41947224 24382.27675396 27601.32816036
 22138.24773766 25660.76688454 27209.90960439 24182.3992317
 34538.32117753 29246.05648741 23447.97663826 28388.89918375
 27562.14596191 23060.56061902 25055.20649441 28710.13540615
 26815.59939363 22357.28606953 25290.63551684 28743.28114153
 29501.98214939 20501.18999309 28781.28196614 17460.79691476
 23060.16319633 32087.94766892 29825.15049692 21296.71551016
 22834.02532412 26782.03916139]

The result for the 13th execution is
Time
105.87295866012573
Query Result
[24539. 24358. 24530. 25052. 24822. 24826. 24806. 24750. 24774. 25207.
 24526. 24751. 24979. 24569. 24741. 24858. 24754. 24557. 24920. 24809.
 25146. 24882. 25133. 24865. 25137. 25043. 24727. 25134. 25083. 24965.
 24594. 24719. 24377. 24313. 24697. 24517. 24374. 24541. 24693. 24550.
 24771. 24939. 24662. 24419. 24774. 24373. 24873. 24324. 24696. 24605.]
Noised Result
[27543.33124392 24759.80032562 20154.48062443 24025.70229458
 23179.30190376 18280.45905677 27714.53781038 28346.95840911
 29651.17408336 19540.82058114 28187.55517045 28986.09587356
 20511.11218763 22189.38285687 20867.23055112 26768.25677768
 26962.97295649 31813.45846477 25644.6600095  26346.2858867
 32108.55459645 24057.86757769 27542.56227879 23122.36524328
 21136.95737148 25178.52741193 28768.51290603 18959.64702452
 28643.87005561 21211.95211806 28698.1195096  19852.31896919
 23465.43039372 27942.18184611 24035.00029777 26210.26069228
 23063.07375935 24553.9415628  26741.84226091 21489.83810566
 25590.71872033 19609.5521913  16294.76652098 23663.37121098
 16750.78905864 26112.56565699 23149.80806359 20770.9532868
 21121.39666586 20495.83402213]

The result for the 14th execution is
Time
104.42349934577942
Query Result
[24539. 24358. 24530. 25052. 24822. 24826. 24806. 24750. 24774. 25207.
 24526. 24751. 24979. 24569. 24741. 24858. 24754. 24557. 24920. 24809.
 25146. 24882. 25133. 24865. 25137. 25043. 24727. 25134. 25083. 24965.
 24594. 24719. 24377. 24313. 24697. 24517. 24374. 24541. 24693. 24550.
 24771. 24939. 24662. 24419. 24774. 24373. 24873. 24324. 24696. 24605.]
Noised Result
[16543.4730504  25727.97517475 16181.29059934 22954.98719639
 26236.18214553 25272.29103166 23869.34804917 25028.00946154
 26934.39270856 27600.69874656 29047.1331739  22317.8244093
 22277.29200393 28028.03983741 33703.04712614 20685.18831053
 25884.48359115 18356.72946724 27626.96051971 20313.35917692
 19359.63538187 30075.67084462 19660.00471004 16200.90292084
 20970.73692178 26493.80110836 29421.83710263 25748.74327135
 35954.51869002 20992.69346613 30391.89036731 23168.08892027
 27372.29997511 21824.62654392 17859.78825381 24725.15552144
 22115.20790367 23716.56012697 30516.02516228 28184.26117946
 20526.55629004 25621.7155186  22382.21914885 25775.54249918
 31373.62905702 25549.026916   23701.73094062 23886.16744011
 27308.79182248 18346.49193663]

The result for the 15th execution is
Time
109.72884511947632
Query Result
[24539. 24358. 24530. 25052. 24822. 24826. 24806. 24750. 24774. 25207.
 24526. 24751. 24979. 24569. 24741. 24858. 24754. 24557. 24920. 24809.
 25146. 24882. 25133. 24865. 25137. 25043. 24727. 25134. 25083. 24965.
 24594. 24719. 24377. 24313. 24697. 24517. 24374. 24541. 24693. 24550.
 24771. 24939. 24662. 24419. 24774. 24373. 24873. 24324. 24696. 24605.]
Noised Result
[23196.06819407 23044.26310783 21876.08413784 29117.08108087
 34457.98950567 27464.56185556 24693.15586437 32009.20268514
 26729.79117241 23324.43534313 24792.71195667 23276.52897086
 26811.26056778 23695.82266523 32009.39710388 29733.82492888
 20113.44270954 23377.05317664 24598.14738049 24943.78801693
 29133.47620048 24402.78249461 28148.32913945 22127.89300258
 21805.82147776 12874.79710143 25049.42040488 26239.62246459
 25919.46548485 21520.69603731 19070.81820122 22976.9020423
 20642.8130105  24278.74694452 23856.70930389 19735.66420038
 31935.45543764 23244.50887505 21678.88214173 17628.32685912
 33778.87261594 26604.97837312 24682.77688407 20733.43378487
 33985.82734223 28490.35215123 20131.86419736 29222.28768291
 24118.65171955 20477.78673168]

The result for the 16th execution is
Time
100.86018967628479
Query Result
[24539. 24358. 24530. 25052. 24822. 24826. 24806. 24750. 24774. 25207.
 24526. 24751. 24979. 24569. 24741. 24858. 24754. 24557. 24920. 24809.
 25146. 24882. 25133. 24865. 25137. 25043. 24727. 25134. 25083. 24965.
 24594. 24719. 24377. 24313. 24697. 24517. 24374. 24541. 24693. 24550.
 24771. 24939. 24662. 24419. 24774. 24373. 24873. 24324. 24696. 24605.]
Noised Result
[11749.42834754 36033.09314146 47898.24376488 25886.1139067
 31386.16207569 13865.13477514  5173.35853268 28797.05016038
 28551.02961924 31367.88201242 27327.11944709 34369.49412691
 16415.97587428  9879.97127916 21915.95076997 17201.9405494
 29092.79465394 25230.20580345 36700.20485111 28469.10011158
 49910.11020666 37445.69166541 37335.21782855 14250.31249826
 36170.00086196 36215.10770489 20306.72101269 18011.52289212
 33555.92253737 27293.07317078 19711.6451598  30576.40856184
 21413.51668081 15603.65275943 24236.80510279 41071.42898404
 15248.17127892 41472.44511326 12579.82938735 38691.92573642
 26768.24876836  9316.66743356 14536.80816329 32067.08636777
 24571.98330161 27760.46380977 24213.12064113  9395.55231065
 26494.98063135 24417.84892694]

The result for the 17th execution is
Time
11.823258399963379
Query Result
[24539. 24358. 24530. 25052. 24822. 24826. 24806. 24750. 24774. 25207.
 24526. 24751. 24979. 24569. 24741. 24858. 24754. 24557. 24920. 24809.
 25146. 24882. 25133. 24865. 25137. 25043. 24727. 25134. 25083. 24965.
 24594. 24719. 24377. 24313. 24697. 24517. 24374. 24541. 24693. 24550.
 24771. 24939. 24662. 24419. 24774. 24373. 24873. 24324. 24696. 24605.]
Noised Result
[25666.05148524 20906.10205475 25672.91200411 29065.29483967
 26695.13991134 30057.15028122 18844.65106508 22460.45330992
 26548.79121899 23845.18651833 31228.45270416 27574.69742046
 28908.28590172 28428.73733992 23880.97592161 27099.3269616
 19594.29848861 21275.2205507  27547.56558292 28996.06643471
 30536.34460016 22773.60869603 18999.998523   28606.1666663
 25375.15559478 20341.3832109  25899.05137324 24775.73541762
 21359.43703746 27180.02889127 15983.58554347 27951.65023149
 25851.98299756 27362.68326871 27472.61894803 22488.2785241
 23945.90403541 25544.95082213 20134.50151932 26243.97621785
 26303.32261062 19783.48394507 30149.14289211 14045.84080354
 13766.93473648 24136.13641718 22549.9260457  24732.51906896
 30700.84783856 22482.62128226]

The result for the 18th execution is
Time
108.84731435775757
Query Result
[24539. 24358. 24530. 25052. 24822. 24826. 24806. 24750. 24774. 25207.
 24526. 24751. 24979. 24569. 24741. 24858. 24754. 24557. 24920. 24809.
 25146. 24882. 25133. 24865. 25137. 25043. 24727. 25134. 25083. 24965.
 24594. 24719. 24377. 24313. 24697. 24517. 24374. 24541. 24693. 24550.
 24771. 24939. 24662. 24419. 24774. 24373. 24873. 24324. 24696. 24605.]
Noised Result
[25564.2720313  19621.70144571 26303.59759917 25027.7753638
 22060.479126   30304.08832444 28193.80757985 25147.59268995
 28491.9660376  25138.84625624 19854.48147878 19216.51066694
 32614.67881077 21977.94079276 27263.7342585  23751.43202674
 25315.49428915 25410.22118633 30325.06349458 28111.17681089
 27700.36154384 22988.29050398 26425.11412456 25778.64444485
 22149.76248294 22937.27546521 20237.11810139 23567.72640636
 33284.40752594 28157.2860819  28958.28107159 20500.48285363
 21973.76258039 29904.16066564 13153.07352166 25179.6709404
 24493.38122117 29499.99698204 19673.37334292 25141.61814972
 27710.28671188 29519.0385279  23586.79705006 21857.47519465
 25583.19567471 23336.50859367 24610.31620318 24978.94731405
 24735.65974113 31517.11532972]

The result for the 19th execution is
Time
106.21654653549194
Query Result
[24539. 24358. 24530. 25052. 24822. 24826. 24806. 24750. 24774. 25207.
 24526. 24751. 24979. 24569. 24741. 24858. 24754. 24557. 24920. 24809.
 25146. 24882. 25133. 24865. 25137. 25043. 24727. 25134. 25083. 24965.
 24594. 24719. 24377. 24313. 24697. 24517. 24374. 24541. 24693. 24550.
 24771. 24939. 24662. 24419. 24774. 24373. 24873. 24324. 24696. 24605.]
Noised Result
[25247.93379541 25654.69972406 25389.77263273 31584.9963228
 22570.41219453 33281.80808972 19091.85230583 24777.7671179
 21069.23881945 19616.40306912 20725.98884599 28044.81901767
 24749.06029432 19557.12590303 16159.36616734 25072.86673497
 24273.52285464 15285.05200242 21065.34513499 28664.38703436
 23219.58531588 31495.85840202 21576.38990681 24542.2530516
 24170.22648411 20410.60291453 28962.35146714 21053.44632248
 18110.09553632 25619.86541034 27496.1376759  28672.75998752
 23336.41965517 27357.52630254 26633.29378259 23193.56346349
 17480.8288446  14256.95242153 20711.22512832 31820.39921498
 20077.68321544 34389.37310694 28194.38959123 23706.9874149
 28572.70824074 21461.9296021  18802.29850197 20869.78271104
 29311.82641865 22013.75315635]

