The result for the 0th execution is
Query Result
[473836.0, 474741.0, 482537.0, 482122.0, 479741.0, 471599.0, 486650.0, 491349.0, 479400.0, 478185.0, 491743.0, 486041.0, 479799.0, 473611.0, 481443.0, 471755.0, 473749.0, 485920.0, 470632.0, 480090.0, 491799.0, 474909.0, 474036.0, 477213.0, 485096.0]
Noised Result
[473951.21905832 474459.94616903 482102.29210831 482340.35488839
 479926.09791108 472262.77084798 486713.24659163 491820.65625783
 479398.0520189  478661.79013162 491887.17455937 485838.54308411
 479913.70802853 473763.25448341 480869.03211336 471838.54967532
 473493.96048227 485904.4752862  471095.45924161 480393.74966103
 491349.73173393 474634.85875763 474307.56003874 477416.28586844
 484930.85372566]

Time
25.726059436798096
The result for the 1th execution is
Query Result
[473836.0, 474741.0, 482537.0, 482122.0, 479741.0, 471599.0, 486650.0, 491349.0, 479400.0, 478185.0, 491743.0, 486041.0, 479799.0, 473611.0, 481443.0, 471755.0, 473749.0, 485920.0, 470632.0, 480090.0, 491799.0, 474909.0, 474036.0, 477213.0, 485096.0]
Noised Result
[474509.79721093 474747.38562509 482564.21628356 482336.12790914
 479690.5552441  471825.36353795 486337.0264971  491445.51815292
 479620.2944073  478249.39412296 491397.67904709 485855.14728605
 480386.15009714 474081.90752229 480752.71011915 471493.70310053
 473894.52758921 486048.6736479  470698.85502759 480310.38358526
 491684.14321964 474966.70064629 473982.30856472 477617.68375356
 484926.60815196]

Time
25.54911470413208
The result for the 2th execution is
Query Result
[473836.0, 474741.0, 482537.0, 482122.0, 479741.0, 471599.0, 486650.0, 491349.0, 479400.0, 478185.0, 491743.0, 486041.0, 479799.0, 473611.0, 481443.0, 471755.0, 473749.0, 485920.0, 470632.0, 480090.0, 491799.0, 474909.0, 474036.0, 477213.0, 485096.0]
Noised Result
[473821.53383642 474813.31976261 482378.53590106 481978.91498696
 479663.64110997 471136.73342657 486458.3673164  491137.48444977
 479546.70190341 478046.1925442  491813.9483912  486304.22707666
 479638.38634216 473091.82482686 481106.76422366 472084.86816045
 473816.99685754 486235.33157461 470534.6362381  480327.83124043
 492011.57260402 474740.6191652  473822.39569423 477144.39335234
 485197.01178856]

Time
25.9738712310791
The result for the 3th execution is
Query Result
[473836.0, 474741.0, 482537.0, 482122.0, 479741.0, 471599.0, 486650.0, 491349.0, 479400.0, 478185.0, 491743.0, 486041.0, 479799.0, 473611.0, 481443.0, 471755.0, 473749.0, 485920.0, 470632.0, 480090.0, 491799.0, 474909.0, 474036.0, 477213.0, 485096.0]
Noised Result
[474267.69181864 474319.94509107 483008.14578616 482036.8090779
 479622.70301582 470820.55691437 486852.85187539 490916.87446493
 479713.13185708 477771.6657964  491598.75269024 485525.28546762
 479878.6821005  473557.88111847 482480.68652452 471812.59023987
 473600.82842373 485923.81798598 470660.67484408 480502.6367591
 491483.9749922  475284.09584481 473890.69968015 477056.3533236
 484773.45151077]

Time
26.116515159606934
The result for the 4th execution is
Query Result
[473836.0, 474741.0, 482537.0, 482122.0, 479741.0, 471599.0, 486650.0, 491349.0, 479400.0, 478185.0, 491743.0, 486041.0, 479799.0, 473611.0, 481443.0, 471755.0, 473749.0, 485920.0, 470632.0, 480090.0, 491799.0, 474909.0, 474036.0, 477213.0, 485096.0]
Noised Result
[473967.39326967 474893.12401769 482470.36810811 481594.03252529
 479868.04109296 471122.04113604 486084.63879626 491491.39880095
 478990.51206406 478455.55822632 491876.08161768 485884.79230869
 479678.21278645 473572.71677739 481767.53127992 471733.60010806
 473439.12734882 485579.96200586 470650.36785324 480097.28927514
 491617.42193537 475750.68378463 473471.59708013 477737.70071683
 484861.16402461]

Time
27.10555624961853
The result for the 5th execution is
Query Result
[473836.0, 474741.0, 482537.0, 482122.0, 479741.0, 471599.0, 486650.0, 491349.0, 479400.0, 478185.0, 491743.0, 486041.0, 479799.0, 473611.0, 481443.0, 471755.0, 473749.0, 485920.0, 470632.0, 480090.0, 491799.0, 474909.0, 474036.0, 477213.0, 485096.0]
Noised Result
[473569.0761277  474858.74500883 482493.62774353 482103.96745448
 479860.62381548 471544.09287177 486448.66998707 491201.38230786
 479901.22311344 478165.46422555 491523.44852692 486268.98943519
 479876.49321524 473747.44293627 481200.40335061 472199.99823053
 473272.97112481 485917.31466113 470933.74822012 479972.28560132
 491459.95712595 474756.67221229 474036.04587318 476671.7990816
 485536.4670407 ]

Time
26.812920808792114
The result for the 6th execution is
Query Result
[473836.0, 474741.0, 482537.0, 482122.0, 479741.0, 471599.0, 486650.0, 491349.0, 479400.0, 478185.0, 491743.0, 486041.0, 479799.0, 473611.0, 481443.0, 471755.0, 473749.0, 485920.0, 470632.0, 480090.0, 491799.0, 474909.0, 474036.0, 477213.0, 485096.0]
Noised Result
[473909.66257991 474674.0454984  482387.23988813 481268.65796115
 480124.69484916 471378.31843611 486950.03535358 491532.98068984
 479866.30856189 477639.15469933 491988.24950348 485967.75954804
 480123.95790047 473962.08023145 481814.24880648 471827.38010489
 474321.56089201 485956.16120754 470697.20091903 480595.57659968
 492083.42357465 475110.79897975 474207.32582819 477686.93643035
 485493.56854842]

Time
26.213579416275024
The result for the 7th execution is
Query Result
[473836.0, 474741.0, 482537.0, 482122.0, 479741.0, 471599.0, 486650.0, 491349.0, 479400.0, 478185.0, 491743.0, 486041.0, 479799.0, 473611.0, 481443.0, 471755.0, 473749.0, 485920.0, 470632.0, 480090.0, 491799.0, 474909.0, 474036.0, 477213.0, 485096.0]
Noised Result
[473558.10409105 474925.74359009 483250.74221839 481760.1911318
 479774.42320699 471171.00986364 486617.83909097 491117.77251147
 479240.79503498 478476.22613269 491679.24650888 486399.42451102
 479710.16012742 473994.906783   481163.48598031 471554.7296973
 474154.55591068 485884.88444711 470335.75776732 480276.12006728
 491754.40987887 475019.49805332 474745.54332692 476822.211884
 484852.46054786]

Time
28.332003831863403
The result for the 8th execution is
Query Result
[473836.0, 474741.0, 482537.0, 482122.0, 479741.0, 471599.0, 486650.0, 491349.0, 479400.0, 478185.0, 491743.0, 486041.0, 479799.0, 473611.0, 481443.0, 471755.0, 473749.0, 485920.0, 470632.0, 480090.0, 491799.0, 474909.0, 474036.0, 477213.0, 485096.0]
Noised Result
[473334.29558272 475335.70992596 482420.85698638 482062.74438967
 480024.48910295 471417.23537837 486833.83733131 491439.37914144
 479670.74947007 478056.29944545 491980.5772115  485493.19679787
 479117.45962385 474123.76794557 480780.1166938  471475.95956476
 473507.20079699 486232.57030815 470724.36029559 480306.22786242
 491454.40978364 475445.74048662 473210.99585377 477434.72628271
 485426.02743156]

Time
26.839601278305054
The result for the 9th execution is
Query Result
[473836.0, 474741.0, 482537.0, 482122.0, 479741.0, 471599.0, 486650.0, 491349.0, 479400.0, 478185.0, 491743.0, 486041.0, 479799.0, 473611.0, 481443.0, 471755.0, 473749.0, 485920.0, 470632.0, 480090.0, 491799.0, 474909.0, 474036.0, 477213.0, 485096.0]
Noised Result
[474189.16436366 474220.13280499 482932.14439341 482151.97609259
 479899.1329411  471949.31080331 486947.55607016 491468.1379858
 479380.75915285 478520.37227918 491777.00231746 486127.52882872
 479717.35501815 474185.8593653  481447.69988789 471726.42539544
 473727.95298791 485345.5253755  470516.95403316 479727.47338567
 492216.79432909 474633.68415712 473789.27086294 477081.07577832
 484873.19402464]

Time
26.11862087249756
The result for the 10th execution is
Query Result
[473836.0, 474741.0, 482537.0, 482122.0, 479741.0, 471599.0, 486650.0, 491349.0, 479400.0, 478185.0, 491743.0, 486041.0, 479799.0, 473611.0, 481443.0, 471755.0, 473749.0, 485920.0, 470632.0, 480090.0, 491799.0, 474909.0, 474036.0, 477213.0, 485096.0]
Noised Result
[474281.71561796 474133.28211004 482395.99420501 482079.53636241
 479708.36495477 471918.82859876 486759.17344978 491309.24975853
 479144.66930698 477627.15294224 491679.92088978 486532.125617
 479980.8326971  473740.08246607 481077.68145944 471527.95302344
 473810.53577656 486202.06559656 470496.36690737 479924.00133564
 492189.59707312 474973.11941659 474677.89508422 477349.67423206
 485393.94339796]

Time
26.00213384628296
The result for the 11th execution is
Query Result
[473836.0, 474741.0, 482537.0, 482122.0, 479741.0, 471599.0, 486650.0, 491349.0, 479400.0, 478185.0, 491743.0, 486041.0, 479799.0, 473611.0, 481443.0, 471755.0, 473749.0, 485920.0, 470632.0, 480090.0, 491799.0, 474909.0, 474036.0, 477213.0, 485096.0]
Noised Result
[473886.12818979 474713.94267832 482510.35613934 481548.82867483
 479674.20117149 471215.71631804 487177.50401963 490593.21004653
 479465.10053976 478385.02803081 491687.83782176 486317.631402
 479769.36021714 473714.32455871 481897.25798175 471760.72372337
 473943.5803191  485399.66758318 470702.74921209 480116.66627957
 491760.15138031 474740.73903494 474217.944742   476888.32149688
 485406.733731  ]

Time
26.97999358177185
The result for the 12th execution is
Query Result
[473836.0, 474741.0, 482537.0, 482122.0, 479741.0, 471599.0, 486650.0, 491349.0, 479400.0, 478185.0, 491743.0, 486041.0, 479799.0, 473611.0, 481443.0, 471755.0, 473749.0, 485920.0, 470632.0, 480090.0, 491799.0, 474909.0, 474036.0, 477213.0, 485096.0]
Noised Result
[474076.2979255  474958.75916494 483138.54159419 481949.53883485
 478686.47240584 471860.15638281 486575.01450379 491604.13743572
 478965.56017327 478056.54461775 491691.19144133 485553.56835032
 479867.36542687 473288.67759539 481289.73052528 472134.61606768
 474223.6765849  485662.72587313 470465.18003749 480127.59220881
 492389.88274767 475401.18307997 474514.0331957  477206.19621066
 484832.37629726]

Time
27.310774326324463
The result for the 13th execution is
Query Result
[473836.0, 474741.0, 482537.0, 482122.0, 479741.0, 471599.0, 486650.0, 491349.0, 479400.0, 478185.0, 491743.0, 486041.0, 479799.0, 473611.0, 481443.0, 471755.0, 473749.0, 485920.0, 470632.0, 480090.0, 491799.0, 474909.0, 474036.0, 477213.0, 485096.0]
Noised Result
[473841.40484434 474623.0687221  482504.2384029  482197.22679866
 479742.68396884 471551.0706742  486850.62075602 491579.54341174
 479454.12046228 478252.20777842 491140.70416827 485921.80532031
 480131.41284991 473491.13787904 481843.71905173 471917.22167618
 473297.40971767 486238.86909713 470347.52086604 480477.36547729
 492226.22207537 474721.11798146 474677.05013185 476565.59876669
 484808.21228233]

Time
26.138620615005493
The result for the 14th execution is
Query Result
[473836.0, 474741.0, 482537.0, 482122.0, 479741.0, 471599.0, 486650.0, 491349.0, 479400.0, 478185.0, 491743.0, 486041.0, 479799.0, 473611.0, 481443.0, 471755.0, 473749.0, 485920.0, 470632.0, 480090.0, 491799.0, 474909.0, 474036.0, 477213.0, 485096.0]
Noised Result
[473978.73818395 474694.80495657 482619.0756502  482293.62139668
 479225.97117057 471951.08691398 486607.78219225 491205.63650722
 479239.00850155 477968.09419449 491595.80032033 486291.53622858
 479704.82666656 473940.93892397 481985.31831137 471462.44845431
 473975.58253949 486185.15202988 469841.14262938 480212.8801093
 491851.15991203 475196.21085703 473949.28632703 477093.20956142
 484958.36544978]

Time
25.73559069633484
The result for the 15th execution is
Query Result
[473836.0, 474741.0, 482537.0, 482122.0, 479741.0, 471599.0, 486650.0, 491349.0, 479400.0, 478185.0, 491743.0, 486041.0, 479799.0, 473611.0, 481443.0, 471755.0, 473749.0, 485920.0, 470632.0, 480090.0, 491799.0, 474909.0, 474036.0, 477213.0, 485096.0]
Noised Result
[473598.56565503 474952.53998747 482314.42707604 482136.34555389
 480186.70101554 471592.42861678 486608.98925181 491420.03797605
 479491.26464113 477566.87177748 492258.1152607  486316.53323635
 479912.69669755 473340.7971037  481457.344741   471701.63103365
 473522.23861307 486364.11465436 470736.50021068 480356.33548009
 491590.33199466 475086.42337595 473878.59426504 477412.53719741
 485464.48993714]

Time
25.36251401901245
The result for the 16th execution is
Query Result
[473836.0, 474741.0, 482537.0, 482122.0, 479741.0, 471599.0, 486650.0, 491349.0, 479400.0, 478185.0, 491743.0, 486041.0, 479799.0, 473611.0, 481443.0, 471755.0, 473749.0, 485920.0, 470632.0, 480090.0, 491799.0, 474909.0, 474036.0, 477213.0, 485096.0]
Noised Result
[473996.74183266 474752.63304586 483216.15067891 482293.45905135
 479021.45185275 471597.24272066 486765.36877549 490899.51612902
 479368.29336025 478207.91929328 491769.85202076 485834.95736981
 480032.39765478 473509.44325161 481592.1336313  471578.08529939
 473519.5173089  486036.598299   470472.95386471 480436.69838925
 492269.09603408 475298.7953243  474378.31871578 476938.03222032
 485285.21637276]

Time
26.611153602600098
The result for the 17th execution is
Query Result
[473836.0, 474741.0, 482537.0, 482122.0, 479741.0, 471599.0, 486650.0, 491349.0, 479400.0, 478185.0, 491743.0, 486041.0, 479799.0, 473611.0, 481443.0, 471755.0, 473749.0, 485920.0, 470632.0, 480090.0, 491799.0, 474909.0, 474036.0, 477213.0, 485096.0]
Noised Result
[473510.728006   475667.65562278 482505.15043147 481729.91061282
 479386.51402984 471611.32935364 486949.04635063 490872.13973427
 479809.07544493 478209.09528341 491756.02803789 485783.51842449
 479483.26839762 474089.8815004  481017.13461691 471510.76035108
 473937.04557854 486047.55823159 470969.30266634 480052.59795927
 491535.9982029  474361.39288707 473930.09026422 476869.67439158
 485299.57592188]

Time
25.68303608894348
The result for the 18th execution is
Query Result
[473836.0, 474741.0, 482537.0, 482122.0, 479741.0, 471599.0, 486650.0, 491349.0, 479400.0, 478185.0, 491743.0, 486041.0, 479799.0, 473611.0, 481443.0, 471755.0, 473749.0, 485920.0, 470632.0, 480090.0, 491799.0, 474909.0, 474036.0, 477213.0, 485096.0]
Noised Result
[473577.44693826 474756.49329296 482786.35720881 482025.54788604
 479495.0694934  471609.42636024 486327.59610652 491328.37308219
 479168.88350299 477805.17569252 492060.45004401 486173.48757061
 479296.64539026 473425.48606325 481032.06278506 472101.11003916
 474039.5352054  485956.85322109 470805.37518559 479936.93151122
 491795.02571036 474856.1596345  473935.6738241  476906.0950757
 484899.77743171]

Time
27.755591869354248
The result for the 19th execution is
Query Result
[473836.0, 474741.0, 482537.0, 482122.0, 479741.0, 471599.0, 486650.0, 491349.0, 479400.0, 478185.0, 491743.0, 486041.0, 479799.0, 473611.0, 481443.0, 471755.0, 473749.0, 485920.0, 470632.0, 480090.0, 491799.0, 474909.0, 474036.0, 477213.0, 485096.0]
Noised Result
[473546.99285208 474443.7152949  482591.53773372 482564.18635621
 479863.20357536 472013.62070897 486710.49784557 491266.9948935
 479417.28464729 477824.89527732 491387.18896069 485425.10482599
 480045.78849486 473203.13188638 481471.47395323 471912.15374663
 473648.01050155 486030.05896816 470677.9698347  480012.09254625
 491937.25321114 474758.23224797 473592.112851   476843.63951243
 484630.76987833]

Time
25.98521327972412
