The result for the 0th execution is
Time
10.897292137145996
Query Result
[1602. 1517. 1557. 1626. 1444. 1538. 1593. 1525. 1692. 1621. 1475. 1501.
 1548. 1545. 1582. 1646. 1501. 1527. 1535. 1535. 1549. 1628. 1479. 1526.
 1493. 1545. 1552. 1578. 1478. 1443. 1578. 1573. 1518. 1389. 1601. 1587.
 1582. 1498. 1605. 1616. 1599. 1468. 1578. 1455. 1541. 1557. 1623. 1626.
 1426. 1545.]
Noised Result
[-5486.50033154  3444.28698055  4392.20494966  3682.89945976
 -1123.28801591  3034.17885347   903.98573214  3203.85161056
  7368.08683322 -1648.15762984  2893.59571859   392.01445188
  3300.42966624  -707.66316126 -2372.44441059   549.86304345
   918.1998559    804.31409303  -947.03178424  7946.51838484
 -3787.60681765  -380.69681781 -4245.32503992 -3604.63752021
 -5552.95533094  4824.25497151   363.04339897  1763.91240202
    58.71787687  6105.33002249  3474.31251916  1731.52430048
  1758.21950217   542.88875285  1217.66415058 -1777.07744929
  6410.48432844  1005.75178605  -966.63481153  3475.57685322
  1469.36090007 -3446.13685262  2688.30950292  1284.08296505
 -1898.1767778   3158.17831858  7865.32348013  7712.83460874
  4954.16780847 -4338.81510355]

The result for the 1th execution is
Time
10.495924711227417
Query Result
[1602. 1517. 1557. 1626. 1444. 1538. 1593. 1525. 1692. 1621. 1475. 1501.
 1548. 1545. 1582. 1646. 1501. 1527. 1535. 1535. 1549. 1628. 1479. 1526.
 1493. 1545. 1552. 1578. 1478. 1443. 1578. 1573. 1518. 1389. 1601. 1587.
 1582. 1498. 1605. 1616. 1599. 1468. 1578. 1455. 1541. 1557. 1623. 1626.
 1426. 1545.]
Noised Result
[   480.47045213   5206.40166033    -83.25049423  -4011.76637071
   8491.99807724  -5965.67808369   1599.15656469  -3604.85662405
  -4173.06287772   3862.40494502   4598.52265743   6551.89794836
   8597.6169121   -2202.27291182   3811.88466149   1315.01130674
   3236.28415456  -1846.32047148  -2048.44821489   1553.92835457
  -4236.66744642   -791.31890332 -11777.37833155  -1864.61893803
  -1498.32595986   1610.10668044    689.04548285  -1714.59475025
  -1141.70064216   4002.09244161  -1656.49822308   3930.40042087
  -2532.05753851  -1700.49766072  -2873.81796438   8498.28038889
   7084.71737172  -2630.2351394    5281.64554657   5981.75291032
   -652.80084272  -2025.8767428   -5799.31677827  -5177.16505222
   4436.79239686  11190.64014632   8163.40399956   1056.89646723
  -1153.46362067   2876.80874156]

The result for the 2th execution is
Time
10.683370590209961
Query Result
[1602. 1517. 1557. 1626. 1444. 1538. 1593. 1525. 1692. 1621. 1475. 1501.
 1548. 1545. 1582. 1646. 1501. 1527. 1535. 1535. 1549. 1628. 1479. 1526.
 1493. 1545. 1552. 1578. 1478. 1443. 1578. 1573. 1518. 1389. 1601. 1587.
 1582. 1498. 1605. 1616. 1599. 1468. 1578. 1455. 1541. 1557. 1623. 1626.
 1426. 1545.]
Noised Result
[ -426.41848505  1092.34203435  1220.11150084  4801.9630947
  3673.58042273  4570.20329934 -1679.82680318   307.93608566
  3935.34846361  4965.18885794  5953.43982411  6132.80312026
 -3966.98406938  1492.58059546  1974.24822066  3282.05923531
   941.93548978  1462.76283191  2138.04648754  5626.82398786
  7922.75150489  4200.09236416  4460.18312573 -3142.17893454
   905.20155102  1918.04572766  2856.36143877 -3340.91193571
 -2290.76745357   -45.82262204  2349.64717199   914.1828204
 -3017.3264263   3003.86099932  5531.72845792   166.3893132
  3261.54020867  -100.75097531  1475.88336025  6803.12262682
  6010.2415144   1876.73688914 -1265.8558053   1399.97976795
  1478.77763465  1423.83832766 -2547.20028919  1434.44724518
  4529.22437784  3317.80030571]

The result for the 3th execution is
Time
10.733341455459595
Query Result
[1602. 1517. 1557. 1626. 1444. 1538. 1593. 1525. 1692. 1621. 1475. 1501.
 1548. 1545. 1582. 1646. 1501. 1527. 1535. 1535. 1549. 1628. 1479. 1526.
 1493. 1545. 1552. 1578. 1478. 1443. 1578. 1573. 1518. 1389. 1601. 1587.
 1582. 1498. 1605. 1616. 1599. 1468. 1578. 1455. 1541. 1557. 1623. 1626.
 1426. 1545.]
Noised Result
[-1126.83379762   791.4151926   2935.37079061 -1118.59271242
    97.85323619  7046.57286955   477.35959499   324.24079674
 -1500.08922335   627.49682364  1444.24398396   112.34297703
 -1845.35889538     8.21286602 -3647.03495448   863.22476922
   589.30660653  3878.71501022  3127.72653538 -1836.44277111
  1502.48113114  1116.28124555   298.11813132  1072.02267047
  5744.90947661 -1882.58261007 -3469.60539948   580.42550263
 -2158.59674975 -2804.68635012 -2576.95157443   686.65891895
  2157.63319046  2135.89069609 -1164.88179328   839.93940303
 -1387.03823647  3661.88597246  -748.19378372   -50.07882863
  1631.53030326  3645.71657414 -1145.01579933  2952.01903652
  1915.10278922  5699.41509726  3249.39029221   263.96952794
  -798.83408631   569.10166516]

The result for the 4th execution is
Time
6.29538369178772
Query Result
[1602. 1517. 1557. 1626. 1444. 1538. 1593. 1525. 1692. 1621. 1475. 1501.
 1548. 1545. 1582. 1646. 1501. 1527. 1535. 1535. 1549. 1628. 1479. 1526.
 1493. 1545. 1552. 1578. 1478. 1443. 1578. 1573. 1518. 1389. 1601. 1587.
 1582. 1498. 1605. 1616. 1599. 1468. 1578. 1455. 1541. 1557. 1623. 1626.
 1426. 1545.]
Noised Result
[ 7131.335986    3862.71836494  7203.04911303  7470.50809074
  4806.59520885 -1919.40912738  -869.19460186  1270.54914234
  9893.9502213   1936.10525273 -8238.20505032  -832.91190503
 -2724.22747469  3127.20806991   182.19791703 11635.80717482
  2046.76575808 -5303.72517605 -3841.65179563  8395.91164513
  3917.88735849 -5586.14528538 -3465.43321398  3562.51252617
  4159.96994163  1756.49349316   -24.10350613  5475.33194839
  2687.4551235  -2828.94051475  2875.23872659  2820.4251772
   291.8735019   9861.14405007  5340.58312535  4845.58138944
  2341.31084897 -7948.84681698  9585.45744942  5919.39558589
   534.45386612  5721.41127948 -4236.74388163  6504.90630002
    70.13257568  7570.84522081  8292.61224508  3322.83384622
  1082.34383885  6440.60702854]

The result for the 5th execution is
Time
5.735808610916138
Query Result
[1602. 1517. 1557. 1626. 1444. 1538. 1593. 1525. 1692. 1621. 1475. 1501.
 1548. 1545. 1582. 1646. 1501. 1527. 1535. 1535. 1549. 1628. 1479. 1526.
 1493. 1545. 1552. 1578. 1478. 1443. 1578. 1573. 1518. 1389. 1601. 1587.
 1582. 1498. 1605. 1616. 1599. 1468. 1578. 1455. 1541. 1557. 1623. 1626.
 1426. 1545.]
Noised Result
[ -705.02819181  3930.69574697  2708.44413435  -200.00175553
  7260.25529678  1459.36237078 -3662.74806383 -2501.17225689
 -3565.91362343  4944.44881978   760.82308386  -937.66635324
   251.37949475  1697.05341033  -512.11045264 -4020.44257683
 -3117.26072317 -6361.85167782  4867.30553708  -395.5976418
  4132.16740673 -3549.07114099  3112.83979773  1509.0422642
 -3090.99041684 10132.20127052 -2278.40335981   651.36078315
 -3008.16735331  -569.24799968   995.33465636   795.43461018
 10832.10119359  3103.57665829  4406.6820414   7014.77166415
 -2301.82859914  6146.62951433  2727.77403382  -190.41690623
 -4474.24829367   574.74198802 -3682.0830452    -90.44714157
 -1351.03851164  7248.71365445  5694.14762469  2100.29589235
 -1922.49534578  5268.44706627]

The result for the 6th execution is
Time
10.570943832397461
Query Result
[1602. 1517. 1557. 1626. 1444. 1538. 1593. 1525. 1692. 1621. 1475. 1501.
 1548. 1545. 1582. 1646. 1501. 1527. 1535. 1535. 1549. 1628. 1479. 1526.
 1493. 1545. 1552. 1578. 1478. 1443. 1578. 1573. 1518. 1389. 1601. 1587.
 1582. 1498. 1605. 1616. 1599. 1468. 1578. 1455. 1541. 1557. 1623. 1626.
 1426. 1545.]
Noised Result
[  703.61894086   -34.87252682 -1390.87205176  1409.3723289
  -466.98732503  4340.48976902 -3357.41294519  4658.40048476
 -1121.00260247  2128.33379466  1982.84851997  -149.44307086
  3073.9674277   3945.82109756  1486.24618049   680.50747222
  3131.13761143  7202.00840693  1105.35887963   807.12964525
  4493.5923393   1063.03539112  -440.98885099  1652.38334339
 -3597.83403206  2042.31586946  2081.80582838  3155.38281566
  1708.52790041  2454.26671008 -2823.2425072  -3501.68270333
  5448.24640292  5782.38629026  6780.49617894   261.95379503
  6833.72942106  2633.5335388  -3337.36117075  3764.76858948
  -109.58377113   417.781436    4103.28125551  1613.48136065
  2955.29721786  2416.98345053  3092.64299639  2600.68158344
  2507.86680692  2119.56348926]

The result for the 7th execution is
Time
11.344006299972534
Query Result
[1602. 1517. 1557. 1626. 1444. 1538. 1593. 1525. 1692. 1621. 1475. 1501.
 1548. 1545. 1582. 1646. 1501. 1527. 1535. 1535. 1549. 1628. 1479. 1526.
 1493. 1545. 1552. 1578. 1478. 1443. 1578. 1573. 1518. 1389. 1601. 1587.
 1582. 1498. 1605. 1616. 1599. 1468. 1578. 1455. 1541. 1557. 1623. 1626.
 1426. 1545.]
Noised Result
[ 5782.94373562 -1079.7943807   1279.98645415  9699.79231154
 -3790.13624211  -562.76548875 -1486.54264886 -1054.43201879
  3587.41913739 -2270.00804972   565.18261257  2142.02218779
  4926.68199471 -2168.99529694  -417.43561872 -6835.52377218
   901.39934125  4252.36250626 -4486.23650614   125.8788768
  7926.76324388  4908.30413199  5103.78074959   427.0786853
  1919.24619041  4018.10812694  -649.29068961  3288.28855291
   760.36310984   527.50265177  5578.09030956 -1498.03167724
   724.68291467  5691.67539694   332.62778467 -2683.6492551
  5069.81818461 -3262.76438363  2885.85607906   487.51683812
  3575.70392603  6560.10315432 -2881.89577759  3497.88813254
  3650.27385744  1284.4535257   -922.83798602  9203.56137145
  3320.65134869   459.56974907]

The result for the 8th execution is
Time
5.913740158081055
Query Result
[1602. 1517. 1557. 1626. 1444. 1538. 1593. 1525. 1692. 1621. 1475. 1501.
 1548. 1545. 1582. 1646. 1501. 1527. 1535. 1535. 1549. 1628. 1479. 1526.
 1493. 1545. 1552. 1578. 1478. 1443. 1578. 1573. 1518. 1389. 1601. 1587.
 1582. 1498. 1605. 1616. 1599. 1468. 1578. 1455. 1541. 1557. 1623. 1626.
 1426. 1545.]
Noised Result
[-1893.217694    4983.44340126  1091.14116954   354.86597349
  3955.41095842   827.8187492   7113.53211458   499.92208969
  3284.97871532  1114.13968514  1150.76509158 -1035.61228719
  7920.46724046   933.43224725  5429.31990521  1266.98330294
    29.84805689  1850.04747715  6815.88237927  8106.10575565
   626.54859642 -1847.0781693   3008.03186995  4667.17338429
  3383.39103311  2858.20898406  5812.71755802 -1730.04730508
 -5885.76450807 -5795.19827089  3300.53931061  3045.55038457
  4103.08867184 -2781.40700526  3904.30783642  -250.44591322
  2583.34927576  1550.15911602  2777.66547264  2915.99157816
  2414.70039605  3506.81530485 -3278.08339324  2989.00109198
  6231.42439968 -3549.00218854  3705.98017416  3496.878901
  -595.40446379  3138.80237588]

The result for the 9th execution is
Time
11.379552841186523
Query Result
[1602. 1517. 1557. 1626. 1444. 1538. 1593. 1525. 1692. 1621. 1475. 1501.
 1548. 1545. 1582. 1646. 1501. 1527. 1535. 1535. 1549. 1628. 1479. 1526.
 1493. 1545. 1552. 1578. 1478. 1443. 1578. 1573. 1518. 1389. 1601. 1587.
 1582. 1498. 1605. 1616. 1599. 1468. 1578. 1455. 1541. 1557. 1623. 1626.
 1426. 1545.]
Noised Result
[ 4933.57123415  2190.39194986  3487.31915315  1856.45759695
 -3947.37640423  5285.83803118  2521.28554604  5291.30579548
   831.89204887 -1629.29669403  5062.63786108   866.45153385
   820.18988113 -2300.90172555  2382.91712347  2129.4089387
  3506.58897274  2679.77722957  2505.37807988  1831.22501201
 -1765.82919813  1836.72212783 -1351.86100223 -2204.34506113
  -415.34647075 -1349.75105219 -2495.90910368  1468.8908711
 -1283.16895061 -3734.28581651  5597.37720218  6226.42517213
  6951.60289141  2439.76021635  2572.92065303  2168.79336913
  -386.51405471  2741.79931995  7075.30323058 -2764.55905122
  -892.68901811  3564.81512409 12993.61592175  -504.38816324
 -1078.61887705  3926.70715584  1430.57935091  2263.0461959
 -1886.34500211    76.70130622]

The result for the 10th execution is
Time
5.70965313911438
Query Result
[1602. 1517. 1557. 1626. 1444. 1538. 1593. 1525. 1692. 1621. 1475. 1501.
 1548. 1545. 1582. 1646. 1501. 1527. 1535. 1535. 1549. 1628. 1479. 1526.
 1493. 1545. 1552. 1578. 1478. 1443. 1578. 1573. 1518. 1389. 1601. 1587.
 1582. 1498. 1605. 1616. 1599. 1468. 1578. 1455. 1541. 1557. 1623. 1626.
 1426. 1545.]
Noised Result
[ 2079.85202022  1067.98599502 11681.2772662  -3664.73370415
 -1592.51180687 -5672.55274227  5558.50410407  8562.63675766
  -546.27364011  9516.30836561  3222.98460519 -3746.60439409
  2400.18499509   625.34494648 10094.89077878  2919.18305099
 10439.58403916 -1572.6157011  -1976.16520777  3859.09764013
  1211.07765064  3992.13957527  5947.79753512  2075.80285325
  -960.40917797  4453.24512833 -4549.95417843  8294.27877425
 -7619.32517412   628.28644891  3511.12987315   926.52952088
  1903.12518846  2557.5838222   4976.03154932 -3286.8970033
  7884.06733599  3294.09198574  3572.93763162  4297.54984237
  -344.28677184  1479.73950051 -6673.89461472  -887.99946939
  7648.53294323  1260.47558093  7144.52557992 -1918.36929097
 -2037.17169299 -2991.46096145]

The result for the 11th execution is
Time
10.87415862083435
Query Result
[1602. 1517. 1557. 1626. 1444. 1538. 1593. 1525. 1692. 1621. 1475. 1501.
 1548. 1545. 1582. 1646. 1501. 1527. 1535. 1535. 1549. 1628. 1479. 1526.
 1493. 1545. 1552. 1578. 1478. 1443. 1578. 1573. 1518. 1389. 1601. 1587.
 1582. 1498. 1605. 1616. 1599. 1468. 1578. 1455. 1541. 1557. 1623. 1626.
 1426. 1545.]
Noised Result
[ 1105.56993417  4165.98840538  6104.14162408 -1716.13176186
  -983.29779431   136.18200893 -4541.03413311 -2132.08609773
 -3573.50124324  -276.83311826  1544.37173808  -115.65118124
  -515.47354531  3858.23707438  2194.03418219  2652.64627258
  -404.91201597   227.25458064 -1944.39735079 -6075.72329995
  7891.31488947 -4446.06005388  1732.62614147  2259.64625197
  2481.65598973  2586.81098697 -2615.87726677  1966.72176932
  1790.97180108  1108.11626023  3367.14907297  3090.2949601
   283.23660756  2958.77187893 -2523.19165441  4078.73274497
  1901.27443686  1973.59144777  2018.07529486 -4374.4369136
  3043.06867218 -1696.07683668 -3505.69249077  1599.44126246
 -4240.49011651  7002.08306958 -3095.64723209 -1761.05293513
 -1187.57449075  3561.0316523 ]

The result for the 12th execution is
Time
11.182616710662842
Query Result
[1602. 1517. 1557. 1626. 1444. 1538. 1593. 1525. 1692. 1621. 1475. 1501.
 1548. 1545. 1582. 1646. 1501. 1527. 1535. 1535. 1549. 1628. 1479. 1526.
 1493. 1545. 1552. 1578. 1478. 1443. 1578. 1573. 1518. 1389. 1601. 1587.
 1582. 1498. 1605. 1616. 1599. 1468. 1578. 1455. 1541. 1557. 1623. 1626.
 1426. 1545.]
Noised Result
[-1970.69702288  2785.87808352 -1211.118923    1613.64730559
  1228.82723327   700.10623109 -3550.14613539   857.43888484
  3132.65530706  3467.36693573 -1368.79236925  -589.95209472
  1016.49379996   -88.38516645  6666.51655969   787.40767643
   897.18189834  6097.28857599   605.87137733  3700.6728401
 -2140.77307716  2511.60762843  4759.23568245  4935.76826307
  3845.71685301   667.94797183  7293.01931298 -5997.17624976
  6023.70644026  2305.04428623  2593.63529317  1186.15656266
  2245.67703807   119.58679766  4265.5711661  -2271.18461272
  2031.50745335 -4691.99636097  -776.70068296  2846.74706744
  4009.19877146   -75.95737199  4634.5697493    -81.44480376
  1917.35009112   279.19077502  1485.08992366  -379.63475817
  5205.38257298  7907.08604744]

The result for the 13th execution is
Time
10.418476343154907
Query Result
[1602. 1517. 1557. 1626. 1444. 1538. 1593. 1525. 1692. 1621. 1475. 1501.
 1548. 1545. 1582. 1646. 1501. 1527. 1535. 1535. 1549. 1628. 1479. 1526.
 1493. 1545. 1552. 1578. 1478. 1443. 1578. 1573. 1518. 1389. 1601. 1587.
 1582. 1498. 1605. 1616. 1599. 1468. 1578. 1455. 1541. 1557. 1623. 1626.
 1426. 1545.]
Noised Result
[  4477.48985547    833.33174498    766.08713779   1388.3648429
   -521.85152032    241.72285531   5349.58478747   1016.09612882
   1808.87431569   3400.75473148   3547.44395362   -772.17800951
   4136.69985209  -1378.97332282   9350.07650139   -331.0888481
   6381.93887894  -1377.22484506   2485.89044861  -1649.14701192
   6250.45843009   1180.32423267   -640.88929583    487.23135657
   -986.75937328   1921.83535519  -2898.68464749   -243.65884568
   2770.76196641   1419.43413659   3777.59398447  -8858.01346204
   2690.58321289   -404.41859124   2838.50530417   6121.72118586
   3473.23719891  -2650.43784829    348.0204625    1305.24399063
   3124.99089538   1612.38170895    -78.52804719    144.36725318
    474.7832589  -10135.64832639   5849.54720135   2146.06366701
   5096.3280139    3862.28537347]

The result for the 14th execution is
Time
10.906095743179321
Query Result
[1602. 1517. 1557. 1626. 1444. 1538. 1593. 1525. 1692. 1621. 1475. 1501.
 1548. 1545. 1582. 1646. 1501. 1527. 1535. 1535. 1549. 1628. 1479. 1526.
 1493. 1545. 1552. 1578. 1478. 1443. 1578. 1573. 1518. 1389. 1601. 1587.
 1582. 1498. 1605. 1616. 1599. 1468. 1578. 1455. 1541. 1557. 1623. 1626.
 1426. 1545.]
Noised Result
[ 4.43240249e+03 -4.21397745e+02 -2.06510607e+03  5.10133904e+03
  3.40739286e+03  2.62586273e+03 -5.91516963e+03 -1.67016845e+03
 -3.10078569e+00 -1.42102738e+03 -1.43479157e+03 -2.53973498e+03
  2.15502965e+03  4.48452171e+03 -5.23950052e+01  1.21600142e+03
  4.32662303e+03  5.82331887e+03  2.05757717e+03  1.75402524e+03
 -7.29627608e+02 -9.55340543e+02  3.89793014e+03 -7.30238112e+02
 -3.59742124e+02  3.99302816e+03 -3.41399045e+03  6.33363401e+03
  4.88778528e+03  1.53675554e+02  7.50958907e+02 -1.84972582e+03
 -5.48702754e+03  2.05942593e+03  4.67698619e+03  4.04695571e+03
 -2.06746200e+03 -5.08763591e+03  1.25728976e+03  1.16821652e+03
  3.44932433e+03  6.15107054e+03  2.44134519e+03  2.35878404e+02
  2.86335547e+03 -1.67814085e+02  5.10978791e+03  5.53537949e+03
 -8.45655543e+02 -1.71414693e+03]

The result for the 15th execution is
Time
10.91638445854187
Query Result
[1602. 1517. 1557. 1626. 1444. 1538. 1593. 1525. 1692. 1621. 1475. 1501.
 1548. 1545. 1582. 1646. 1501. 1527. 1535. 1535. 1549. 1628. 1479. 1526.
 1493. 1545. 1552. 1578. 1478. 1443. 1578. 1573. 1518. 1389. 1601. 1587.
 1582. 1498. 1605. 1616. 1599. 1468. 1578. 1455. 1541. 1557. 1623. 1626.
 1426. 1545.]
Noised Result
[ 1491.68496422  4435.91640798  3928.6376169   5423.34657647
  5057.38380137 -5490.70242669  4377.57580435 -2401.23322104
  -218.09816833 -1056.40338381  6775.0569112   1969.69488699
 -3553.97947815  2366.91761807  1133.82273074  4637.97097321
  6916.68680332  3822.34647853 -1559.50265166  1139.45658858
 -3545.25449222    40.57424991  1967.31206021  2669.77501771
   703.98993205 -4826.39841731  2736.00004967 -1663.49390081
   473.85228792  8063.6913964   5753.93569054  -858.08636974
  2677.47189847  3241.75145259   -20.31728187   817.10412507
  2142.70442852 -2866.37669017  -900.86214492 -2433.37899482
  8291.62714028  4897.24073275  5301.82613104  9267.83766606
  1409.44738842  3662.65587158 -5105.99760494  2527.92502939
  5856.89335539  1534.26031435]

The result for the 16th execution is
Time
12.154672145843506
Query Result
[1602. 1517. 1557. 1626. 1444. 1538. 1593. 1525. 1692. 1621. 1475. 1501.
 1548. 1545. 1582. 1646. 1501. 1527. 1535. 1535. 1549. 1628. 1479. 1526.
 1493. 1545. 1552. 1578. 1478. 1443. 1578. 1573. 1518. 1389. 1601. 1587.
 1582. 1498. 1605. 1616. 1599. 1468. 1578. 1455. 1541. 1557. 1623. 1626.
 1426. 1545.]
Noised Result
[ 1003.4494243   8052.07187827  -239.9696783  -2221.39225883
   216.78983785  2987.80843764  -935.25831804  1451.80431288
  3204.30001404  5838.3028737  -2402.22490764 -2077.39468316
 -1383.59229814  4159.53170292  7063.43667029  4614.72695925
  -643.77579134  3480.71578401   -17.71975297    97.5264425
  4652.72432745  1081.11193218  3887.6310496   1838.4557388
 -2904.58904878  -995.2286983   4164.24038821  4105.73550433
 -2208.15800473  4054.69796446   822.41449311  3814.88822517
  3533.19907962  3217.79470064 -3098.04092214  1360.95346897
  3994.66725218  2030.83711416   412.83596581  4509.4759352
  2270.87615258  2298.53590298  -192.04332065 -6028.59898816
  -222.83921955   433.15821005  -203.2595921  -3293.85466436
   365.21650675   591.86031701]

The result for the 17th execution is
Time
5.984169006347656
Query Result
[1602. 1517. 1557. 1626. 1444. 1538. 1593. 1525. 1692. 1621. 1475. 1501.
 1548. 1545. 1582. 1646. 1501. 1527. 1535. 1535. 1549. 1628. 1479. 1526.
 1493. 1545. 1552. 1578. 1478. 1443. 1578. 1573. 1518. 1389. 1601. 1587.
 1582. 1498. 1605. 1616. 1599. 1468. 1578. 1455. 1541. 1557. 1623. 1626.
 1426. 1545.]
Noised Result
[-2720.2990058  -2075.38456258 13225.77992693 12838.5188634
  3284.57127176  8297.34401018  8997.96206436  2610.49970531
 18836.02094856 -4427.22498574  4590.50936815  1888.07631204
  8427.88663396 11592.7972663  -1569.12550713   897.14622354
   713.86400676   530.77007131  4106.14691021  8109.74543721
    89.8782492    318.6428453   7805.35884951  2674.41484117
  6104.34236182  7914.76115025  1391.16503484  2691.17194094
  8963.7334542  -6707.05266234 12370.91900526 -3269.8133545
  6781.4438607    897.18607697 -2570.89104426   815.63768273
  2729.37143869  2942.73936521    38.52925783 -6316.11975529
 -1355.8435371  -9053.92976311 13511.34771739 -1078.82317499
  3242.08960545   398.63038578 15251.50894749  7772.6357176
  7821.48745438  3823.75843816]

The result for the 18th execution is
Time
11.097638130187988
Query Result
[1602. 1517. 1557. 1626. 1444. 1538. 1593. 1525. 1692. 1621. 1475. 1501.
 1548. 1545. 1582. 1646. 1501. 1527. 1535. 1535. 1549. 1628. 1479. 1526.
 1493. 1545. 1552. 1578. 1478. 1443. 1578. 1573. 1518. 1389. 1601. 1587.
 1582. 1498. 1605. 1616. 1599. 1468. 1578. 1455. 1541. 1557. 1623. 1626.
 1426. 1545.]
Noised Result
[ 3842.17195072  -160.13067549   262.25679172  1999.2703501
  1583.71422892  2644.93574895  3291.62059015  2094.48676058
   924.87516216  4383.01627607  2938.15727942  3407.44789668
  2556.54600395 -1625.87989425  3734.67149208  -355.96985721
 -3101.71124561  -548.92064895  -619.05645354  4516.23934145
  5052.745383    1399.08104594 -3420.09226037  -181.24826638
  -390.32158452   570.87450252  1498.87546804 -1759.51764632
   705.29394265  4093.02530972  6050.97119711  4560.16139368
 -5238.91893964  1305.12113865  5129.61824947   485.06906402
 -4501.84966712  4420.58627728  -515.79263545  3830.9399567
  1394.24217224  -587.58541053  1159.73972216  2241.67541925
  2148.0722933   2190.53439889  1203.82660138  3615.3678896
  6673.83355931  3476.66928519]

The result for the 19th execution is
Time
5.867167949676514
Query Result
[1602. 1517. 1557. 1626. 1444. 1538. 1593. 1525. 1692. 1621. 1475. 1501.
 1548. 1545. 1582. 1646. 1501. 1527. 1535. 1535. 1549. 1628. 1479. 1526.
 1493. 1545. 1552. 1578. 1478. 1443. 1578. 1573. 1518. 1389. 1601. 1587.
 1582. 1498. 1605. 1616. 1599. 1468. 1578. 1455. 1541. 1557. 1623. 1626.
 1426. 1545.]
Noised Result
[-1.73374822e+01 -5.53594079e+03 -3.57535847e+03  7.94435895e+03
 -2.94569755e+03 -7.39603836e+03 -2.29469059e+04  4.94507737e+03
  1.40332679e+04  1.53166005e+02 -1.12016101e+04  1.08894629e+03
  7.32752181e+03 -1.65943776e+03  1.32956964e+04  8.70638617e+03
  4.66427629e+03  8.39218272e+03 -5.27900050e+03  3.05938217e+03
  1.51301455e+04 -2.17503924e+03  3.84343160e+03  2.09222238e+04
  1.48420313e+04  1.53047442e+04  4.24465219e+03  1.25603595e+04
 -4.63220386e+02  9.18961532e+03  7.46496864e+03  4.35064755e+03
 -8.96104248e+03  1.02054342e+04  1.05883692e+04 -1.00639321e+02
  5.74443555e+03  4.92624663e+03  1.28942386e+03  1.72218250e+04
  8.44679684e+03  1.41759598e+04  1.95365259e+03  1.20908230e+04
  1.13888267e+04 -2.82090222e+03  7.56535993e+03  9.66946175e+03
  5.68112174e+02 -1.06849548e+04]

