The result for the 0th execution is
Time
8.798174381256104
Query Result
[ 80138.7943503  94305.3574157  85596.7791012  84275.9952993
  86434.52744    75597.0636118  80048.3229013  70648.4237574
  87963.2470068  74715.7911798  64856.3397205  79743.9829169
  84968.0606481  90817.8758401  73314.4873387  77413.9132165
  78506.1133175  80317.4207367  79817.2137293 113205.2016826
  89626.0175539  83448.5810321  77137.1366779  90783.1514642
  91081.314714 ]
Noised Result
[-126042.65580322 -165156.72004976   28644.87367708 -249820.5809868
 -293902.22769776 -120765.55601785 -218835.94437059  321041.90151586
  111187.53552978  -58954.56711267  167281.34348553  182822.061062
 -176556.58616485  -78861.63865643  -95998.20588027  312158.59719914
   96192.14139183 -111739.56009391   18471.2055491    91938.90733635
  -76411.4520402  -109559.76996958   38970.10649047  120530.31692531
  168580.40584184]

The result for the 1th execution is
Time
6.594860792160034
Query Result
[ 80138.7943503  94305.3574157  85596.7791012  84275.9952993
  86434.52744    75597.0636118  80048.3229013  70648.4237574
  87963.2470068  74715.7911798  64856.3397205  79743.9829169
  84968.0606481  90817.8758401  73314.4873387  77413.9132165
  78506.1133175  80317.4207367  79817.2137293 113205.2016826
  89626.0175539  83448.5810321  77137.1366779  90783.1514642
  91081.314714 ]
Noised Result
[ 79603.63496407 101220.61786663  47666.24362367  51288.20181065
 123449.09094236 116922.34400481  78014.16425486 100409.3617867
 121132.47647242 145480.72544914  34807.79966927 113413.19441454
  92822.60076424  92172.04521402  59543.50096808  40653.916147
 112907.12286127 112888.67253875 139163.77248864 111561.21707492
 130276.91515558 121585.40570226 120863.15694066  69951.01540222
  91584.88384811]

The result for the 2th execution is
Time
7.181280612945557
Query Result
[ 80138.7943503  94305.3574157  85596.7791012  84275.9952993
  86434.52744    75597.0636118  80048.3229013  70648.4237574
  87963.2470068  74715.7911798  64856.3397205  79743.9829169
  84968.0606481  90817.8758401  73314.4873387  77413.9132165
  78506.1133175  80317.4207367  79817.2137293 113205.2016826
  89626.0175539  83448.5810321  77137.1366779  90783.1514642
  91081.314714 ]
Noised Result
[ 42289.0749638   85428.1294952   82256.88373246  79877.79479576
 112883.25460948 112516.09700655 105727.83418728   8644.23673777
  39593.0600377   33251.32914467 114288.76366946  67752.44225931
 107600.75372698 120598.82238148 118441.60559443  35959.28366819
 142129.73318154  97360.28734645 152374.88861252  79489.43248911
  67508.71400285 158928.94300506  37045.0392807  106914.08025655
 114649.66819235]

The result for the 3th execution is
Time
6.5260984897613525
Query Result
[ 80138.7943503  94305.3574157  85596.7791012  84275.9952993
  86434.52744    75597.0636118  80048.3229013  70648.4237574
  87963.2470068  74715.7911798  64856.3397205  79743.9829169
  84968.0606481  90817.8758401  73314.4873387  77413.9132165
  78506.1133175  80317.4207367  79817.2137293 113205.2016826
  89626.0175539  83448.5810321  77137.1366779  90783.1514642
  91081.314714 ]
Noised Result
[ 66356.8769789  118879.62207253  68000.34319903  84699.45774109
  43512.74233982  69456.686868    30024.12161352 109296.16820543
 100617.68163582  45313.31663744  30274.08986672  72079.51370737
 123164.18340319 189553.09510171  64285.82828984  45863.2221165
 129919.18895026  56735.51351733 102060.13556302 179230.09604859
 101815.75619385  90405.76020823  68412.02461109 145203.07509106
  86855.3968106 ]

The result for the 4th execution is
Time
8.783710241317749
Query Result
[ 80138.7943503  94305.3574157  85596.7791012  84275.9952993
  86434.52744    75597.0636118  80048.3229013  70648.4237574
  87963.2470068  74715.7911798  64856.3397205  79743.9829169
  84968.0606481  90817.8758401  73314.4873387  77413.9132165
  78506.1133175  80317.4207367  79817.2137293 113205.2016826
  89626.0175539  83448.5810321  77137.1366779  90783.1514642
  91081.314714 ]
Noised Result
[209953.93639305 176035.45294582 189784.75493372  13916.52725548
 120025.92680196 -29775.26806181 132144.06199341   7230.84340847
 107767.7939612   30226.63081208 -20135.19226634  46034.95137775
  74844.31709451  80140.4933429   -3120.67783146   -546.43021486
  73710.93738953 139684.54278035  77416.70439894 153156.841314
 148132.17732278 165309.01844215 143099.99852419 -22413.56617809
 102244.1978919 ]

The result for the 5th execution is
Time
9.054998397827148
Query Result
[ 80138.7943503  94305.3574157  85596.7791012  84275.9952993
  86434.52744    75597.0636118  80048.3229013  70648.4237574
  87963.2470068  74715.7911798  64856.3397205  79743.9829169
  84968.0606481  90817.8758401  73314.4873387  77413.9132165
  78506.1133175  80317.4207367  79817.2137293 113205.2016826
  89626.0175539  83448.5810321  77137.1366779  90783.1514642
  91081.314714 ]
Noised Result
[101044.59832397 117930.37840115  71675.78939888 100135.2692161
 -10553.82421946  24299.80281559  68117.3089024  -10432.33654695
  82886.86698083 154099.70529078  39646.57277517 109611.93887276
  39667.27316217  67171.97413752  24739.92529423  70629.21475146
  39920.12016123  95442.90724164  30178.79534676 121273.81599628
  73244.59376165  45161.13135686 144744.78965505 126383.75529949
 109834.70023353]

The result for the 6th execution is
Time
8.953123092651367
Query Result
[ 80138.7943503  94305.3574157  85596.7791012  84275.9952993
  86434.52744    75597.0636118  80048.3229013  70648.4237574
  87963.2470068  74715.7911798  64856.3397205  79743.9829169
  84968.0606481  90817.8758401  73314.4873387  77413.9132165
  78506.1133175  80317.4207367  79817.2137293 113205.2016826
  89626.0175539  83448.5810321  77137.1366779  90783.1514642
  91081.314714 ]
Noised Result
[ 46677.92931865  65553.80129649 172911.51588374  34133.56358938
  97663.54319914  25369.8344616   27151.0914624    8692.93186374
 118917.53763144  29259.11427538  69272.42558445 165553.08780295
  15387.62810553  91390.01248508 136346.65628493  51048.353275
  46693.53130765  69716.95393459 126660.45548694 134057.23906828
  87889.16385272   2425.95919787 133557.75396497  56027.30996118
  56153.79302804]

The result for the 7th execution is
Time
9.149150371551514
Query Result
[ 80138.7943503  94305.3574157  85596.7791012  84275.9952993
  86434.52744    75597.0636118  80048.3229013  70648.4237574
  87963.2470068  74715.7911798  64856.3397205  79743.9829169
  84968.0606481  90817.8758401  73314.4873387  77413.9132165
  78506.1133175  80317.4207367  79817.2137293 113205.2016826
  89626.0175539  83448.5810321  77137.1366779  90783.1514642
  91081.314714 ]
Noised Result
[ 19441.01272261  68633.81863639 144632.88391983 109214.93040897
 148554.90502069  79874.74245676  15908.14739507 100001.34232711
  60420.61682272  70036.40831137  31316.07348017  83794.87921483
  26345.79917428  86408.36549291  -1543.89383428  73893.55460195
  92497.93228678 171506.48947227  56703.39620192  81545.53608474
 111948.35236465   3145.20414046 115947.44408475 -10189.68407418
  89108.59884044]

The result for the 8th execution is
Time
8.796911478042603
Query Result
[ 80138.7943503  94305.3574157  85596.7791012  84275.9952993
  86434.52744    75597.0636118  80048.3229013  70648.4237574
  87963.2470068  74715.7911798  64856.3397205  79743.9829169
  84968.0606481  90817.8758401  73314.4873387  77413.9132165
  78506.1133175  80317.4207367  79817.2137293 113205.2016826
  89626.0175539  83448.5810321  77137.1366779  90783.1514642
  91081.314714 ]
Noised Result
[ 67459.08580192  74856.55841541  73338.54458747  70012.37475027
  43924.13021735  28058.36451565  61420.00838788  38342.32333001
 106877.40316102 165034.23640136  -7662.97342731  36344.20504711
 110596.19196808  13272.90441692  47601.1949952   83915.37718873
  64463.13509713  80393.01021212 168800.46208261 175181.79757926
 117864.38939171  -7339.24624634 104573.56851761 144223.88686365
 118375.47693089]

The result for the 9th execution is
Time
8.982219219207764
Query Result
[ 80138.7943503  94305.3574157  85596.7791012  84275.9952993
  86434.52744    75597.0636118  80048.3229013  70648.4237574
  87963.2470068  74715.7911798  64856.3397205  79743.9829169
  84968.0606481  90817.8758401  73314.4873387  77413.9132165
  78506.1133175  80317.4207367  79817.2137293 113205.2016826
  89626.0175539  83448.5810321  77137.1366779  90783.1514642
  91081.314714 ]
Noised Result
[-267972.30947958    -918.37880805   -8490.00008618 -235351.6791649
  453729.56981208   43954.17706019  299783.56902994  229308.45841161
    -949.16377073 -292258.80444812  -19618.36196447  337707.17468192
  -23746.623238     81133.37809591  215653.8378943   -58860.62129214
  334787.04645617   -5798.97729536  -87880.14768607   79226.32084433
  170818.2803364   372245.63545433   75134.53286631  -11935.03771482
 -289958.26206805]

The result for the 10th execution is
Time
9.011996984481812
Query Result
[ 80138.7943503  94305.3574157  85596.7791012  84275.9952993
  86434.52744    75597.0636118  80048.3229013  70648.4237574
  87963.2470068  74715.7911798  64856.3397205  79743.9829169
  84968.0606481  90817.8758401  73314.4873387  77413.9132165
  78506.1133175  80317.4207367  79817.2137293 113205.2016826
  89626.0175539  83448.5810321  77137.1366779  90783.1514642
  91081.314714 ]
Noised Result
[177008.77717244  66585.4542245   36308.74944942 114311.0649018
  68127.43628138  99428.77612158  77283.49396399  88993.83681979
 102325.88368248  63760.05569811  69592.08140386  29650.83271595
  92729.51249754 101925.83483842  52302.34899422 113005.96505975
  84612.16278081 112948.05151256  33761.76060817 130807.08927272
  59266.16128634 142942.01163848  36710.64987091  81311.47656083
 131828.02060726]

The result for the 11th execution is
Time
9.018592119216919
Query Result
[ 80138.7943503  94305.3574157  85596.7791012  84275.9952993
  86434.52744    75597.0636118  80048.3229013  70648.4237574
  87963.2470068  74715.7911798  64856.3397205  79743.9829169
  84968.0606481  90817.8758401  73314.4873387  77413.9132165
  78506.1133175  80317.4207367  79817.2137293 113205.2016826
  89626.0175539  83448.5810321  77137.1366779  90783.1514642
  91081.314714 ]
Noised Result
[ 67281.99954932  32999.41569468  20729.77678439  48921.36497008
 109342.951793   100361.57435666 141432.12582389 111839.55435591
  55588.9633053  136220.71661932  49092.95988595 131901.2151819
  84442.75381196  63980.59028313 117923.0581043   80774.61557589
  47475.63353717  90672.72056293  63470.88755031 123077.72157877
  33732.69537647  50021.02518091 133806.41728541  67360.44066606
 132538.63093996]

The result for the 12th execution is
Time
9.091840744018555
Query Result
[ 80138.7943503  94305.3574157  85596.7791012  84275.9952993
  86434.52744    75597.0636118  80048.3229013  70648.4237574
  87963.2470068  74715.7911798  64856.3397205  79743.9829169
  84968.0606481  90817.8758401  73314.4873387  77413.9132165
  78506.1133175  80317.4207367  79817.2137293 113205.2016826
  89626.0175539  83448.5810321  77137.1366779  90783.1514642
  91081.314714 ]
Noised Result
[ 80584.78517231   2912.57178661  98892.31864097 137713.06892067
  28088.57150985  99311.39672288  92099.94277233  49579.61522697
  92333.12576426  76284.67997253 -53473.3911581   45090.56336198
 108643.5874583  134203.19480069  43592.17221136  96777.93479911
  73949.71798799  77191.59252244  59788.51697878  81502.145466
  56511.96111669  86977.86461273  45996.99251737 139550.53897701
 131613.42718216]

The result for the 13th execution is
Time
7.200021266937256
Query Result
[ 80138.7943503  94305.3574157  85596.7791012  84275.9952993
  86434.52744    75597.0636118  80048.3229013  70648.4237574
  87963.2470068  74715.7911798  64856.3397205  79743.9829169
  84968.0606481  90817.8758401  73314.4873387  77413.9132165
  78506.1133175  80317.4207367  79817.2137293 113205.2016826
  89626.0175539  83448.5810321  77137.1366779  90783.1514642
  91081.314714 ]
Noised Result
[   21775.80682243  1407425.14122409   633984.7404433    186053.46422965
   670280.51895317    40432.92495362  1450178.05263119   896838.75048662
   443691.03906151   333961.29037576   505635.75904046  -351363.26268293
  -577357.83442009   119015.38637786    13151.51699829 -1558013.25606525
 -1210370.80635211  1609874.71279776  1757148.59639886    81215.79493437
  1131103.74102849   592025.52557522   774111.26194161   228319.83107174
  -524941.95136617]

The result for the 14th execution is
Time
7.324179649353027
Query Result
[ 80138.7943503  94305.3574157  85596.7791012  84275.9952993
  86434.52744    75597.0636118  80048.3229013  70648.4237574
  87963.2470068  74715.7911798  64856.3397205  79743.9829169
  84968.0606481  90817.8758401  73314.4873387  77413.9132165
  78506.1133175  80317.4207367  79817.2137293 113205.2016826
  89626.0175539  83448.5810321  77137.1366779  90783.1514642
  91081.314714 ]
Noised Result
[ 93115.54296569 138842.4375484   62372.15105343  82002.73139984
  14511.99725816  96047.41641914  30030.30532295  63030.02677415
  79237.11338392  80300.70123544  50904.45149953   7081.48118494
   8271.005466    41487.97088692 -43420.93543782  85038.83352319
  71991.94115502  27683.02692301 113249.2530849  171559.52395446
 156334.91318704  -7734.84900567  74708.26197451  32764.02555568
 121449.97682988]

The result for the 15th execution is
Time
9.008237838745117
Query Result
[ 80138.7943503  94305.3574157  85596.7791012  84275.9952993
  86434.52744    75597.0636118  80048.3229013  70648.4237574
  87963.2470068  74715.7911798  64856.3397205  79743.9829169
  84968.0606481  90817.8758401  73314.4873387  77413.9132165
  78506.1133175  80317.4207367  79817.2137293 113205.2016826
  89626.0175539  83448.5810321  77137.1366779  90783.1514642
  91081.314714 ]
Noised Result
[ 66823.44815414 160689.93817897 108241.25060852 176048.89544961
  80460.12495667   2582.04283137   3194.40397567  46474.25374517
  94536.82769584  82835.4045566   34265.99359023  97849.47109767
 166152.1227738  105634.08983038  46107.49352371  61699.78979973
   7625.49480284  95623.33417841 107387.86346496 166169.13217944
 139542.25141436 123438.75728191  98237.91544092 175980.59276992
 112944.67797638]

The result for the 16th execution is
Time
8.941888093948364
Query Result
[ 80138.7943503  94305.3574157  85596.7791012  84275.9952993
  86434.52744    75597.0636118  80048.3229013  70648.4237574
  87963.2470068  74715.7911798  64856.3397205  79743.9829169
  84968.0606481  90817.8758401  73314.4873387  77413.9132165
  78506.1133175  80317.4207367  79817.2137293 113205.2016826
  89626.0175539  83448.5810321  77137.1366779  90783.1514642
  91081.314714 ]
Noised Result
[271961.00357661  92274.35906108  58448.18584084  68747.19795864
  79567.47642076  86181.97645038  58783.56259654  44177.67032691
  84426.00644734  92532.21915941  36762.70809806  57655.66718403
  85725.85714194 133170.17145771  78901.55487894   5465.37827333
  39804.26783144 100316.81103247  43010.78735961  76148.51887414
 131041.03415382  92205.64262795  78071.50805878  65013.17218785
  76854.60323405]

The result for the 17th execution is
Time
8.767932653427124
Query Result
[ 80138.7943503  94305.3574157  85596.7791012  84275.9952993
  86434.52744    75597.0636118  80048.3229013  70648.4237574
  87963.2470068  74715.7911798  64856.3397205  79743.9829169
  84968.0606481  90817.8758401  73314.4873387  77413.9132165
  78506.1133175  80317.4207367  79817.2137293 113205.2016826
  89626.0175539  83448.5810321  77137.1366779  90783.1514642
  91081.314714 ]
Noised Result
[  8145.91740115 123969.86992535  17478.14782637  81650.4180648
  91480.89667269  94526.68014522  73805.51582302 114018.50749842
  82048.94041034 136836.91409502 166850.32124066 104895.65752472
  63999.1696777  161786.32052444 154788.08321863 106082.82166779
  81460.79523592  52731.05049689  73372.5693753   37991.50088805
  36649.74928415  79478.76338317  64927.03016556  11565.04767732
  29559.16395363]

The result for the 18th execution is
Time
8.83889389038086
Query Result
[ 80138.7943503  94305.3574157  85596.7791012  84275.9952993
  86434.52744    75597.0636118  80048.3229013  70648.4237574
  87963.2470068  74715.7911798  64856.3397205  79743.9829169
  84968.0606481  90817.8758401  73314.4873387  77413.9132165
  78506.1133175  80317.4207367  79817.2137293 113205.2016826
  89626.0175539  83448.5810321  77137.1366779  90783.1514642
  91081.314714 ]
Noised Result
[111707.95343346  47175.73428717  48764.91226379 147898.07773626
  90957.83549086  60328.7819004   99737.8406678   77695.91216215
  77925.00710051  84362.38230899 128364.30844863  65294.08923257
  45491.71406508  74797.92175923  29331.64983857  50148.45136725
 105807.33696497  65948.08216956 128124.9462558  151721.12789405
 139973.87742972  98572.25140248  87247.97826147 100742.20765729
  47672.63659457]

The result for the 19th execution is
Time
8.954388618469238
Query Result
[ 80138.7943503  94305.3574157  85596.7791012  84275.9952993
  86434.52744    75597.0636118  80048.3229013  70648.4237574
  87963.2470068  74715.7911798  64856.3397205  79743.9829169
  84968.0606481  90817.8758401  73314.4873387  77413.9132165
  78506.1133175  80317.4207367  79817.2137293 113205.2016826
  89626.0175539  83448.5810321  77137.1366779  90783.1514642
  91081.314714 ]
Noised Result
[ 32735.3289012  146925.64280659  98504.98529453  77869.55419264
 126561.93407069  80653.68108749  79795.33980749  37257.19772723
 190069.22387102  32963.3717074   75116.13158312 112846.85631125
  57861.91262331  10202.10747922  71014.51898409  41347.9495437
 122650.68831726  56530.60339124  29098.83050212  52533.81519075
  58831.82058153 131254.33405204 224904.16087088  84241.80261954
  93393.97598774]

