The result for the 0th execution is
Time
784.041805267334
Query Result
[673644.8548082  755865.8179196  710571.1556705  732951.3047048
 675363.7989975  715596.0604893  636246.9610214  652590.4343335
 718304.1935096  713230.7742954  677607.000841   730962.5451465
 721601.1065042  695965.2016275  679608.9604112  704012.4295866
 655524.5838108  716860.3798908  722315.70257411 699872.1858327
 679611.9454342  654788.2244401  690613.8706187  695402.80405
 689973.9018399 ]
Noised Result
[658525.01398653 747238.15106261 703443.25786067 662866.78025071
 712812.57959214 712661.24126674 625015.67908084 628949.51452466
 692421.99164279 784528.25262111 694839.20745807 667190.46546812
 661544.60334684 703406.63506624 666783.61783506 768903.33168884
 641199.27630077 698324.81421647 742435.48932365 700123.64739028
 656747.1891269  652368.19344345 684919.79172644 696439.0061813
 648766.03663003]

The result for the 1th execution is
Time
302.2229950428009
Query Result
[673644.8548082  755865.8179196  710571.1556705  732951.3047048
 675363.7989975  715596.0604893  636246.9610214  652590.4343335
 718304.1935096  713230.7742954  677607.000841   730962.5451465
 721601.1065042  695965.2016275  679608.9604112  704012.4295866
 655524.5838108  716860.3798908  722315.70257411 699872.1858327
 679611.9454342  654788.2244401  690613.8706187  695402.80405
 689973.9018399 ]
Noised Result
[-5.14613506e+08 -2.61843238e+08  1.40748984e+09 -1.74271823e+09
 -2.24525623e+09 -1.67929782e+09  1.84334383e+09  1.70008997e+09
 -3.63802945e+08  1.70531795e+09  2.63154637e+09  5.40806514e+08
  9.71460421e+08 -2.45961602e+08  2.03878469e+09 -7.85159693e+08
  4.13852299e+07  6.47258048e+08 -1.61981910e+09 -1.70403752e+09
  8.66198939e+08 -1.96370019e+09 -7.71530263e+07  6.50508989e+08
 -1.03673035e+07]

The result for the 2th execution is
Time
528.042445898056
Query Result
[673644.8548082  755865.8179196  710571.1556705  732951.3047048
 675363.7989975  715596.0604893  636246.9610214  652590.4343335
 718304.1935096  713230.7742954  677607.000841   730962.5451465
 721601.1065042  695965.2016275  679608.9604112  704012.4295866
 655524.5838108  716860.3798908  722315.70257411 699872.1858327
 679611.9454342  654788.2244401  690613.8706187  695402.80405
 689973.9018399 ]
Noised Result
[679385.35387054 747042.24737475 853280.92739665 691916.02505786
 756448.53907389 680494.00683311 725060.13349524 673145.69243106
 637167.74097876 806803.51303536 511810.45445089 891804.78734242
 705621.95527652 805889.92849474 598582.29636873 621700.35388311
 802659.60814111 684031.27899291 723657.96046887 656893.59132573
 643920.07097288 646098.51004356 614063.788568   789970.11404755
 724626.02614964]

The result for the 3th execution is
Time
886.4172677993774
Query Result
[673644.8548082  755865.8179196  710571.1556705  732951.3047048
 675363.7989975  715596.0604893  636246.9610214  652590.4343335
 718304.1935096  713230.7742954  677607.000841   730962.5451465
 721601.1065042  695965.2016275  679608.9604112  704012.4295866
 655524.5838108  716860.3798908  722315.70257411 699872.1858327
 679611.9454342  654788.2244401  690613.8706187  695402.80405
 689973.9018399 ]
Noised Result
[699223.07996192 724730.44995701 761526.67750918 745832.01457935
 693307.0540438  721659.301248   626830.29588695 632181.75788433
 718551.96202906 618124.68236073 680840.5353774  717849.44500932
 703966.70454852 725064.82829535 674190.1921695  744446.88227842
 593414.05510304 724987.54285881 711726.13814515 678459.98013117
 641514.30238197 575585.58127545 647795.05817704 713552.35109539
 631905.30017198]

The result for the 4th execution is
Time
783.2716481685638
Query Result
[673644.8548082  755865.8179196  710571.1556705  732951.3047048
 675363.7989975  715596.0604893  636246.9610214  652590.4343335
 718304.1935096  713230.7742954  677607.000841   730962.5451465
 721601.1065042  695965.2016275  679608.9604112  704012.4295866
 655524.5838108  716860.3798908  722315.70257411 699872.1858327
 679611.9454342  654788.2244401  690613.8706187  695402.80405
 689973.9018399 ]
Noised Result
[624105.8718316  685965.98663055 786696.47697669 784737.45295069
 743352.82851682 718142.65359633 655812.04104775 635755.80814444
 725049.55102958 749593.86940854 674238.29237831 711109.09061186
 773985.63304415 672049.01144815 688771.96305058 725319.81586545
 628499.95640062 709692.66796004 732226.03685128 579584.12392125
 674742.31216862 687243.17248792 659751.67658603 675013.85037859
 689407.4895425 ]

The result for the 5th execution is
Time
873.9750225543976
Query Result
[673644.8548082  755865.8179196  710571.1556705  732951.3047048
 675363.7989975  715596.0604893  636246.9610214  652590.4343335
 718304.1935096  713230.7742954  677607.000841   730962.5451465
 721601.1065042  695965.2016275  679608.9604112  704012.4295866
 655524.5838108  716860.3798908  722315.70257411 699872.1858327
 679611.9454342  654788.2244401  690613.8706187  695402.80405
 689973.9018399 ]
Noised Result
[650895.75761853 762094.51944147 668341.68853512 717129.56736945
 671696.28773149 667391.55746259 607550.20380591 666127.59254739
 735635.08022529 682017.42837414 690271.90798108 734879.50906106
 805967.55228043 736894.54835154 730932.31946834 783749.97383542
 695289.68569271 755965.41089946 712670.15170008 657131.02608122
 729443.14134292 676279.02962465 696125.17489258 832172.01711657
 678383.05631862]

The result for the 6th execution is
Time
876.5048515796661
Query Result
[673644.8548082  755865.8179196  710571.1556705  732951.3047048
 675363.7989975  715596.0604893  636246.9610214  652590.4343335
 718304.1935096  713230.7742954  677607.000841   730962.5451465
 721601.1065042  695965.2016275  679608.9604112  704012.4295866
 655524.5838108  716860.3798908  722315.70257411 699872.1858327
 679611.9454342  654788.2244401  690613.8706187  695402.80405
 689973.9018399 ]
Noised Result
[665157.48501986 737521.36525845 706467.72135024 770128.87012898
 626807.63682025 708127.80212813 620388.38627219 598007.66023711
 789527.3002527  688134.99232941 693456.35762916 696362.44663141
 697111.76773879 680435.18688541 671617.63955323 682458.99948624
 628104.51790727 715986.28559072 748062.115691   622038.81735839
 687382.49337197 710602.08500875 719365.17077396 667801.46688712
 666575.87806558]

The result for the 7th execution is
Time
881.2951352596283
Query Result
[673644.8548082  755865.8179196  710571.1556705  732951.3047048
 675363.7989975  715596.0604893  636246.9610214  652590.4343335
 718304.1935096  713230.7742954  677607.000841   730962.5451465
 721601.1065042  695965.2016275  679608.9604112  704012.4295866
 655524.5838108  716860.3798908  722315.70257411 699872.1858327
 679611.9454342  654788.2244401  690613.8706187  695402.80405
 689973.9018399 ]
Noised Result
[746042.24890059 669857.37425081 718844.52487128 715070.92383731
 681396.85303939 752363.14870669 651629.10243631 686858.74613046
 697633.41568205 709391.63276859 701115.28268714 728965.17144231
 699261.09452309 700781.0683345  703218.68265405 714972.93239987
 602894.67858893 671441.11477765 684665.65006657 658217.02439553
 651855.83023669 650428.26008955 691330.19583436 672629.78305068
 768475.72419343]

The result for the 8th execution is
Time
868.6813774108887
Query Result
[673644.8548082  755865.8179196  710571.1556705  732951.3047048
 675363.7989975  715596.0604893  636246.9610214  652590.4343335
 718304.1935096  713230.7742954  677607.000841   730962.5451465
 721601.1065042  695965.2016275  679608.9604112  704012.4295866
 655524.5838108  716860.3798908  722315.70257411 699872.1858327
 679611.9454342  654788.2244401  690613.8706187  695402.80405
 689973.9018399 ]
Noised Result
[724171.74276414 747703.89160341 754290.81718271 764647.1100109
 664176.4728696  795805.28602424 577810.69265398 566369.78448432
 698210.59314122 682472.67889161 720338.66219827 782008.26793146
 670494.80686488 743799.76416864 630702.90026179 729495.81946863
 625785.21630979 761311.70482419 812232.06686761 642311.99699965
 618040.60626285 656352.51541262 683386.22558128 654531.72234311
 737274.48378841]

The result for the 9th execution is
Time
886.9939496517181
Query Result
[673644.8548082  755865.8179196  710571.1556705  732951.3047048
 675363.7989975  715596.0604893  636246.9610214  652590.4343335
 718304.1935096  713230.7742954  677607.000841   730962.5451465
 721601.1065042  695965.2016275  679608.9604112  704012.4295866
 655524.5838108  716860.3798908  722315.70257411 699872.1858327
 679611.9454342  654788.2244401  690613.8706187  695402.80405
 689973.9018399 ]
Noised Result
[633408.80794194 789981.95734196 634569.36612906 741393.09083728
 667003.67476261 728743.07772166 661891.46060446 745136.71434204
 703197.81082714 661815.9239915  693328.92802111 754917.07758514
 745714.53825331 642623.20422415 661775.52634441 571944.21134586
 675014.04113786 661571.53502942 699358.75476441 687105.02184119
 689182.16848344 645804.27064746 738939.40198068 750138.47874752
 714098.51136593]

The result for the 10th execution is
Time
877.8563749790192
Query Result
[673644.8548082  755865.8179196  710571.1556705  732951.3047048
 675363.7989975  715596.0604893  636246.9610214  652590.4343335
 718304.1935096  713230.7742954  677607.000841   730962.5451465
 721601.1065042  695965.2016275  679608.9604112  704012.4295866
 655524.5838108  716860.3798908  722315.70257411 699872.1858327
 679611.9454342  654788.2244401  690613.8706187  695402.80405
 689973.9018399 ]
Noised Result
[672095.0462542  827472.36110224 632857.3211399  769119.49711465
 635882.06278937 686850.67408815 677381.0072215  553294.7353536
 778749.65948427 632026.86099468 785429.2388399  643038.32987356
 696826.20405995 643705.19259199 610919.07892069 723938.74578184
 616409.13695013 807076.69527285 796525.38574152 724003.30555142
 706238.30383031 683174.52336527 635381.03683201 712479.47443295
 761682.1452656 ]

The result for the 11th execution is
Time
877.8479375839233
Query Result
[673644.8548082  755865.8179196  710571.1556705  732951.3047048
 675363.7989975  715596.0604893  636246.9610214  652590.4343335
 718304.1935096  713230.7742954  677607.000841   730962.5451465
 721601.1065042  695965.2016275  679608.9604112  704012.4295866
 655524.5838108  716860.3798908  722315.70257411 699872.1858327
 679611.9454342  654788.2244401  690613.8706187  695402.80405
 689973.9018399 ]
Noised Result
[737319.05246001 805909.87190931 681825.48959733 701561.11369027
 657102.24831856 721712.6278585  636229.18449159 776980.75041203
 687571.47283991 740799.05596169 666701.58828715 717613.29136798
 706088.68493627 764716.92414222 631952.84956778 707699.67749493
 593671.25825171 754398.6022185  693441.14150677 674628.30278367
 705766.00400152 678029.47300953 667828.79172286 733595.05129046
 641789.64214508]

The result for the 12th execution is
Time
865.329790353775
Query Result
[673644.8548082  755865.8179196  710571.1556705  732951.3047048
 675363.7989975  715596.0604893  636246.9610214  652590.4343335
 718304.1935096  713230.7742954  677607.000841   730962.5451465
 721601.1065042  695965.2016275  679608.9604112  704012.4295866
 655524.5838108  716860.3798908  722315.70257411 699872.1858327
 679611.9454342  654788.2244401  690613.8706187  695402.80405
 689973.9018399 ]
Noised Result
[708900.55543445 797200.08615752 714552.96632549 687855.32821456
 734349.65030172 725164.60970681 626802.1715083  588843.3008353
 735786.61112582 772099.78813852 706908.54887901 741628.32820426
 744331.83797197 711412.97721022 701595.27565829 772246.60300287
 696597.31222983 717069.68731001 707813.36741864 704158.8037307
 727504.42308951 566653.13730521 617488.82433401 717828.29596016
 777401.51409625]

The result for the 13th execution is
Time
873.4993672370911
Query Result
[673644.8548082  755865.8179196  710571.1556705  732951.3047048
 675363.7989975  715596.0604893  636246.9610214  652590.4343335
 718304.1935096  713230.7742954  677607.000841   730962.5451465
 721601.1065042  695965.2016275  679608.9604112  704012.4295866
 655524.5838108  716860.3798908  722315.70257411 699872.1858327
 679611.9454342  654788.2244401  690613.8706187  695402.80405
 689973.9018399 ]
Noised Result
[659504.940457   727263.16069136 693271.18796779 714094.0503901
 680439.21028231 749493.79591727 656472.57346769 664608.43577775
 673410.00220511 728515.39595313 658847.57845468 723452.32481551
 690561.44633937 676616.25796443 791319.56511203 725110.53432268
 698608.25195603 749205.14454938 721880.30521406 735550.70302227
 666086.65073529 639230.28780133 613047.00145361 723860.42990941
 648631.270049  ]

The result for the 14th execution is
Time
874.0091767311096
Query Result
[673644.8548082  755865.8179196  710571.1556705  732951.3047048
 675363.7989975  715596.0604893  636246.9610214  652590.4343335
 718304.1935096  713230.7742954  677607.000841   730962.5451465
 721601.1065042  695965.2016275  679608.9604112  704012.4295866
 655524.5838108  716860.3798908  722315.70257411 699872.1858327
 679611.9454342  654788.2244401  690613.8706187  695402.80405
 689973.9018399 ]
Noised Result
[663758.06860043 751693.04682696 707323.4013165  837677.23916978
 686613.12391667 740916.38619917 587582.12088525 662374.88268233
 773581.48725981 675979.36072019 675677.39935145 686176.87645725
 630829.47938221 749139.00534047 666779.83884678 696143.49712066
 665393.60960723 712968.77238609 672074.9607643  657370.58056151
 708460.4337557  668818.69995911 692120.39279752 727564.76694073
 725265.08700166]

The result for the 15th execution is
Time
781.3342180252075
Query Result
[673644.8548082  755865.8179196  710571.1556705  732951.3047048
 675363.7989975  715596.0604893  636246.9610214  652590.4343335
 718304.1935096  713230.7742954  677607.000841   730962.5451465
 721601.1065042  695965.2016275  679608.9604112  704012.4295866
 655524.5838108  716860.3798908  722315.70257411 699872.1858327
 679611.9454342  654788.2244401  690613.8706187  695402.80405
 689973.9018399 ]
Noised Result
[704080.75821824 836879.0657171  701491.9036984  738586.89893138
 659221.97432539 717952.43243595 644036.12168422 649723.68939699
 726383.37287799 690142.56883173 664050.35255139 701050.22581012
 740202.83838239 678762.11486359 657152.53424213 643484.45185596
 650849.94875979 707134.87091483 714158.72871921 713810.09839787
 699528.02949709 635786.93258115 666462.45677623 749377.06415407
 703157.09202008]

The result for the 16th execution is
Time
869.9623341560364
Query Result
[673644.8548082  755865.8179196  710571.1556705  732951.3047048
 675363.7989975  715596.0604893  636246.9610214  652590.4343335
 718304.1935096  713230.7742954  677607.000841   730962.5451465
 721601.1065042  695965.2016275  679608.9604112  704012.4295866
 655524.5838108  716860.3798908  722315.70257411 699872.1858327
 679611.9454342  654788.2244401  690613.8706187  695402.80405
 689973.9018399 ]
Noised Result
[760472.44981144 796334.92476593 677745.03049528 735636.33416876
 658395.31607956 753526.00321785 625721.98059095 656875.9802828
 730758.19719619 762124.84496281 711952.13055673 665520.26096705
 736678.66036602 752302.56906841 641698.72964315 713895.18321044
 771858.18371377 698462.50798596 687293.47252819 691405.39769004
 664458.56392108 734429.92408813 685168.49703633 731474.6721192
 684097.81047429]

The result for the 17th execution is
Time
873.8224110603333
Query Result
[673644.8548082  755865.8179196  710571.1556705  732951.3047048
 675363.7989975  715596.0604893  636246.9610214  652590.4343335
 718304.1935096  713230.7742954  677607.000841   730962.5451465
 721601.1065042  695965.2016275  679608.9604112  704012.4295866
 655524.5838108  716860.3798908  722315.70257411 699872.1858327
 679611.9454342  654788.2244401  690613.8706187  695402.80405
 689973.9018399 ]
Noised Result
[691912.96715869 810028.76228953 721078.99303447 701169.38653749
 723151.31998018 628460.73805285 619804.13542059 648362.00267374
 699747.02615932 719961.5824663  708941.02163463 732287.86793725
 728041.85245975 721426.92213061 625932.23378433 710626.59551681
 651392.58097925 718792.7835391  763384.07654493 571036.0289298
 728098.99600649 601594.90678219 728594.55296953 741904.65003341
 763767.20555029]

The result for the 18th execution is
Time
870.3608796596527
Query Result
[673644.8548082  755865.8179196  710571.1556705  732951.3047048
 675363.7989975  715596.0604893  636246.9610214  652590.4343335
 718304.1935096  713230.7742954  677607.000841   730962.5451465
 721601.1065042  695965.2016275  679608.9604112  704012.4295866
 655524.5838108  716860.3798908  722315.70257411 699872.1858327
 679611.9454342  654788.2244401  690613.8706187  695402.80405
 689973.9018399 ]
Noised Result
[641836.43390881 806688.30533271 614527.02027819 782746.97570614
 725529.36137271 751074.16033114 663170.60678813 618507.98157165
 720987.55879704 667277.96656612 657067.869577   810821.29682256
 757541.37370449 661714.24794844 648275.74559277 683709.76449375
 609111.62589463 742795.77240786 724445.46905658 718817.08255297
 759416.25153034 656430.26563987 704951.76320507 603612.28372233
 631362.26586798]

The result for the 19th execution is
Time
857.1791090965271
Query Result
[673644.8548082  755865.8179196  710571.1556705  732951.3047048
 675363.7989975  715596.0604893  636246.9610214  652590.4343335
 718304.1935096  713230.7742954  677607.000841   730962.5451465
 721601.1065042  695965.2016275  679608.9604112  704012.4295866
 655524.5838108  716860.3798908  722315.70257411 699872.1858327
 679611.9454342  654788.2244401  690613.8706187  695402.80405
 689973.9018399 ]
Noised Result
[603769.58173695 713277.02367975 693091.88536318 733198.12278717
 644134.82646596 795988.87410325 594099.35819577 687316.20691667
 793773.51456676 670688.49600564 701743.92650239 686720.59976556
 675140.59082851 733284.6587223  611474.11650996 786091.65887916
 659393.91118244 785081.88514925 678767.09457051 674235.54093938
 647326.42220582 688798.01087254 717836.62875281 770463.83180653
 678474.7578462 ]

