The result for the 0th execution is
Time
54.068140506744385
Query Result
[12126. 12188. 12507. 12546. 12147. 12183. 12190. 12235. 12357. 12444.
 12359. 12468. 12625. 12376. 12578. 12752. 12775. 12270. 12535. 12143.
 12635. 12875. 12367. 12433. 12459. 12839. 12250. 12591. 12321. 12304.
 12376. 12318. 12395. 11879. 12293. 12324. 12317. 12130. 12369. 12258.
 12518. 12762. 12048. 12156. 12427. 12368. 12553. 12010. 12333. 12225.]
Noised Result
[12583.72677264 12043.14368992 13227.23063376 12966.70294518
 11609.65753853 11638.73475106 11937.51806388 11778.28352781
 12519.32903967 12461.55708013 12533.37884894 12811.34090675
 13386.11598008 12524.26317549 12281.82657848 13266.37668199
 13330.30124457 11774.39864288 13252.02672305 12077.22330432
 12306.6914409  13014.64763305 12615.27704249 12449.79794261
 12701.25454541 12777.43149646 12633.96791123 12641.2862621
 12510.43861167 12214.88234261 12406.92213614 12019.01504089
 12529.85061931 11714.42824611 12745.38035736 12361.83618065
 11738.3792059  12163.54784078 12562.21453718 12494.41375703
 12372.92142931 12398.93461675 12155.57989895 12231.43230204
 12570.59582919 12647.02624395 12923.53316065 11489.72762485
 11729.1545206  12585.60265815]

The result for the 1th execution is
Time
51.53731369972229
Query Result
[12126. 12188. 12507. 12546. 12147. 12183. 12190. 12235. 12357. 12444.
 12359. 12468. 12625. 12376. 12578. 12752. 12775. 12270. 12535. 12143.
 12635. 12875. 12367. 12433. 12459. 12839. 12250. 12591. 12321. 12304.
 12376. 12318. 12395. 11879. 12293. 12324. 12317. 12130. 12369. 12258.
 12518. 12762. 12048. 12156. 12427. 12368. 12553. 12010. 12333. 12225.]
Noised Result
[12071.2533532  12262.94408427 12260.03588351 12244.46182635
 12585.43867893 11858.96936449 12410.98588003 11862.17126606
 12258.88085934 12947.13993217 12480.04483256 12700.02651426
 12561.58951548 12466.25265127 13233.24478011 13004.33609253
 12626.25387375 12743.00460893 12607.54436797 11867.35315568
 13131.04706332 13039.74107645 12314.55567163 12769.23864548
 12435.1920771  13066.08469954 12509.37888064 13079.40968702
 11611.24600647 12066.5042202  12508.36421918 12016.61979171
 13201.62139795 12139.11385814 11848.37069146 12107.56380158
 12437.37959381 11391.24642131 12273.8963986  12855.31495681
 12342.91583418 12357.31671227 12219.26475317 12257.41369555
 12573.854429   12408.76007091 12730.68925161 12166.54363896
 12388.0311277  11970.68515934]

The result for the 2th execution is
Time
5.919267416000366
Query Result
[12126. 12188. 12507. 12546. 12147. 12183. 12190. 12235. 12357. 12444.
 12359. 12468. 12625. 12376. 12578. 12752. 12775. 12270. 12535. 12143.
 12635. 12875. 12367. 12433. 12459. 12839. 12250. 12591. 12321. 12304.
 12376. 12318. 12395. 11879. 12293. 12324. 12317. 12130. 12369. 12258.
 12518. 12762. 12048. 12156. 12427. 12368. 12553. 12010. 12333. 12225.]
Noised Result
[12801.57287693 11118.8231546  12599.78420211 13990.98145543
 11862.16058343 11958.21459545 13134.36447573 12156.38924242
 11757.01484742 13018.56261081 12899.44314651 11852.81011028
 13039.97623278 12167.46344191 12346.71676716 12336.18496944
 14121.97331331 12316.31122394 12132.05905007 12016.74501481
 11360.75809119 12964.55106176 12359.31385386 11543.7664165
 11146.26826418 11906.42751906 12213.76048587 12279.49047015
 12897.90101952 12936.74011664 13234.64252094 12324.60478952
 11541.6515187  11264.30863999 12417.53002701 12302.64220232
 11912.60691003 11393.59178577 12387.44614044 12065.78355779
 12666.0454768  12459.21951749 13707.75158857 11948.03495697
 12463.56742242 12521.76540808 12203.81919041 11393.62315991
 12771.77055471 11229.73054208]

The result for the 3th execution is
Time
51.98596978187561
Query Result
[12126. 12188. 12507. 12546. 12147. 12183. 12190. 12235. 12357. 12444.
 12359. 12468. 12625. 12376. 12578. 12752. 12775. 12270. 12535. 12143.
 12635. 12875. 12367. 12433. 12459. 12839. 12250. 12591. 12321. 12304.
 12376. 12318. 12395. 11879. 12293. 12324. 12317. 12130. 12369. 12258.
 12518. 12762. 12048. 12156. 12427. 12368. 12553. 12010. 12333. 12225.]
Noised Result
[12187.02126052 11673.34538042 12408.00680962 12091.39524731
 12404.62359021 11317.43003549 12176.29401886 11622.05278394
 12293.14277051 12917.91168445 12556.33124074 12467.11210037
 12227.95355445 12247.20704063 12420.08874391 12812.94321164
 12409.6230409  12180.56711187 12426.08707238 12494.58362543
 12556.90691494 12901.68065333 12242.10755545 12205.76305536
 12546.04708522 13083.18853924 12769.37240042 12792.78693321
 12805.83099057 12334.05052061 12099.43190187 12165.24677417
 12258.89942584 11647.45458839 12921.00333415 12085.4155674
 12503.0831539  12241.26132784 12587.70161777 12637.50175612
 12170.73970129 12794.78146599 12722.24402398 11665.46783213
 12255.90049191 12403.75116133 12724.29217209 11946.23385621
 12369.64411181 12502.59085676]

The result for the 4th execution is
Time
53.132654666900635
Query Result
[12126. 12188. 12507. 12546. 12147. 12183. 12190. 12235. 12357. 12444.
 12359. 12468. 12625. 12376. 12578. 12752. 12775. 12270. 12535. 12143.
 12635. 12875. 12367. 12433. 12459. 12839. 12250. 12591. 12321. 12304.
 12376. 12318. 12395. 11879. 12293. 12324. 12317. 12130. 12369. 12258.
 12518. 12762. 12048. 12156. 12427. 12368. 12553. 12010. 12333. 12225.]
Noised Result
[11538.93245487 11916.24021346 12626.58497776 12645.86508943
 12237.52202025 12292.18119069 12267.82374225 12645.54379332
 12144.69807014 11972.80373882 12526.70078213 13004.79715126
 12670.36056466 12525.6986956  12831.76168057 12771.13952959
 12825.91656412 11785.76959982 13347.71478666 12599.56235634
 12984.97779172 13263.96926793 12096.82163461 12446.32615571
 12232.8570119  12792.69176304 12457.79979759 12833.70466445
 12297.892983   12499.97024146 12601.31411594 12348.81861055
 12234.05924922 12375.77969006 12445.95093021 12582.8561058
 12709.67021116 12214.2728358  12715.13210856 12229.7263647
 12504.63122203 12933.27809894 12351.36991237 11843.01674069
 12818.16373659 12273.54742214 11932.21509512 12022.56686332
 11672.88508372 12573.69669918]

The result for the 5th execution is
Time
49.58782339096069
Query Result
[12126. 12188. 12507. 12546. 12147. 12183. 12190. 12235. 12357. 12444.
 12359. 12468. 12625. 12376. 12578. 12752. 12775. 12270. 12535. 12143.
 12635. 12875. 12367. 12433. 12459. 12839. 12250. 12591. 12321. 12304.
 12376. 12318. 12395. 11879. 12293. 12324. 12317. 12130. 12369. 12258.
 12518. 12762. 12048. 12156. 12427. 12368. 12553. 12010. 12333. 12225.]
Noised Result
[12299.05704002 11844.15250908 12401.92560682 12731.48762712
 11662.76765107 12492.68859995 12119.28052873 12245.1304328
 12423.18881742 12244.0667216  13314.38191274 12549.26328324
 12373.25300813 12196.34327136 12442.41839306 13110.18036976
 13124.41069407 11967.84350962 12075.06538542 12567.89393821
 12508.77878899 13261.37848417 12167.78891063 12787.91958921
 12942.20763668 12485.7259638  12386.45710694 12389.06636062
 11986.78805374 12968.49398498 12332.22198297 12523.64430698
 11816.89663854 11552.79443434 11998.11372626 12104.16809571
 12351.89691859 12416.2351754  12313.32953009 12415.88410601
 12483.32106309 12285.65018228 12150.34483767 11493.32009729
 12704.40001958 12723.11719384 11871.82754488 12002.67361926
 12476.8506243  11539.28151206]

The result for the 6th execution is
Time
78.94157361984253
Query Result
[12126. 12188. 12507. 12546. 12147. 12183. 12190. 12235. 12357. 12444.
 12359. 12468. 12625. 12376. 12578. 12752. 12775. 12270. 12535. 12143.
 12635. 12875. 12367. 12433. 12459. 12839. 12250. 12591. 12321. 12304.
 12376. 12318. 12395. 11879. 12293. 12324. 12317. 12130. 12369. 12258.
 12518. 12762. 12048. 12156. 12427. 12368. 12553. 12010. 12333. 12225.]
Noised Result
[12443.09312302 12328.18157633 10344.49963975 12572.03085378
 12416.83303512 11546.34641617 11931.93851457 11812.46356638
 12612.95800783 12680.81820835 14091.42261344 12278.90558291
 12625.10059283 12180.12917233 13154.40139437 12755.70948601
 12529.00115227 12046.14772376 12865.31561662 11080.35621036
 12852.00545242 14029.22261981 11669.38666751 12487.93855197
 12181.27484384 13524.44031654 11194.970296   11807.17428516
 11813.84732832 11921.57382338 13036.09126851 12540.08961434
 12046.21151805 12679.93584013 12048.00385473 12666.69137749
 12992.91798716 12334.59699193 13002.90389135 12762.0378811
 12789.710213   14117.5932352  12485.0033986  12352.57233537
 11490.74514251 12807.37681812 11356.88374509 12467.87922722
 12028.29600541 12520.86506223]

The result for the 7th execution is
Time
53.07497954368591
Query Result
[12126. 12188. 12507. 12546. 12147. 12183. 12190. 12235. 12357. 12444.
 12359. 12468. 12625. 12376. 12578. 12752. 12775. 12270. 12535. 12143.
 12635. 12875. 12367. 12433. 12459. 12839. 12250. 12591. 12321. 12304.
 12376. 12318. 12395. 11879. 12293. 12324. 12317. 12130. 12369. 12258.
 12518. 12762. 12048. 12156. 12427. 12368. 12553. 12010. 12333. 12225.]
Noised Result
[11957.22370386 12469.51866799 12906.38840175 12797.9937763
 12329.9982974  11756.80652848 12166.30540546 12132.78442344
 12152.81966146 12520.2739684  12363.2586679  12813.47225658
 12655.56803344 12293.73865428 12365.1045476  12261.61220359
 12639.89891806 12201.47543219 12619.47464835 12136.82328839
 12856.47936496 13035.85067445 12463.30335259 12457.64113522
 12095.06745164 12952.23719154 12190.66688145 12270.49489159
 12460.69812397 12538.80351818 12633.25785567 12228.68140064
 12459.96701426 11842.31120727 12348.91379072 12453.19451577
 12528.01885386 12185.55567642 12604.22600023 12277.02488904
 12779.40360595 13551.90479126 11944.65463571 11994.72303821
 12824.93604382 12506.3349993  12352.19687865 11774.17207108
 12928.46552583 12533.53237108]

The result for the 8th execution is
Time
51.434852600097656
Query Result
[12126. 12188. 12507. 12546. 12147. 12183. 12190. 12235. 12357. 12444.
 12359. 12468. 12625. 12376. 12578. 12752. 12775. 12270. 12535. 12143.
 12635. 12875. 12367. 12433. 12459. 12839. 12250. 12591. 12321. 12304.
 12376. 12318. 12395. 11879. 12293. 12324. 12317. 12130. 12369. 12258.
 12518. 12762. 12048. 12156. 12427. 12368. 12553. 12010. 12333. 12225.]
Noised Result
[12029.51903155 12067.70066119 12731.24210304 12654.09259509
 12408.10060654 12215.05158725 12190.23864475 12378.87799387
 11908.75400166 12580.91793441 11388.45397971 12816.18573241
 12511.40703826 12336.61223335 13056.63849421 12909.84311712
 12115.45307522 12100.30802811 12206.00508609 11828.37524962
 12203.17534357 12521.70323362 12004.11339338 12632.58856488
 12582.24773301 12679.25584042 12059.69393532 12309.12031427
 12387.692006   12381.99714919 12411.31711251 12456.90930413
 12451.05106736 12047.00669809 12643.94534586 12632.18420462
 12244.66250088 12398.06421481 12171.5223328  12474.04884485
 12723.54597965 12697.84424433 12105.81831569 11890.88345349
 12246.04736782 11835.99237412 12867.87204527 12233.78452249
 12225.16077143 11814.74679965]

The result for the 9th execution is
Time
52.40900731086731
Query Result
[12126. 12188. 12507. 12546. 12147. 12183. 12190. 12235. 12357. 12444.
 12359. 12468. 12625. 12376. 12578. 12752. 12775. 12270. 12535. 12143.
 12635. 12875. 12367. 12433. 12459. 12839. 12250. 12591. 12321. 12304.
 12376. 12318. 12395. 11879. 12293. 12324. 12317. 12130. 12369. 12258.
 12518. 12762. 12048. 12156. 12427. 12368. 12553. 12010. 12333. 12225.]
Noised Result
[12402.45529232 12469.62869825 12498.89592898 12091.18212689
 12187.23126362 12285.05526538 11720.99189357 12292.57938075
 12424.53102315 12540.36025979 12640.01207237 12447.47098379
 12727.11820913 12413.96043026 12779.40316744 12975.031787
 12439.9563112  12668.94266226 12237.34505716 12253.51097585
 12161.24693711 12691.19706121 12798.28236593 12420.20996381
 12585.70175027 12402.69602034 12313.04361226 12604.8406493
 12423.19511279 12106.5703252  12580.64326498 12051.95787181
 12974.4316632  11843.88809765 12224.3606034  12469.39151346
 12008.37339645 12580.56060761 11874.09555841 12404.45824058
 12310.05026599 12393.50909374 12322.39853209 11958.80255026
 11738.7974744  12304.3905569  12668.3323339  11750.04963538
 13103.20593837 11884.54812814]

The result for the 10th execution is
Time
49.93442416191101
Query Result
[12126. 12188. 12507. 12546. 12147. 12183. 12190. 12235. 12357. 12444.
 12359. 12468. 12625. 12376. 12578. 12752. 12775. 12270. 12535. 12143.
 12635. 12875. 12367. 12433. 12459. 12839. 12250. 12591. 12321. 12304.
 12376. 12318. 12395. 11879. 12293. 12324. 12317. 12130. 12369. 12258.
 12518. 12762. 12048. 12156. 12427. 12368. 12553. 12010. 12333. 12225.]
Noised Result
[11703.49158225 12299.85181244 12583.1163579  12247.45960743
 12431.43293215 11850.75513534 11796.22092997 11898.72125285
 12171.8112376  12647.96775573 11649.57906237 11637.13266272
 12265.96211889 12283.86841237 12865.82794731 13231.58133449
 12322.07981433 11663.4673625  12191.45670622 11977.16023129
 12198.07634778 13028.57102912 12301.09112255 12540.660891
 12099.59772429 12763.97440558 11790.62397311 12824.04909844
 12503.88520738 12095.61384215 12538.08112715 12021.5682284
 12751.85501476 12468.11266595 12459.94548428 12144.95168054
 11754.3247598  12186.07533687 11971.30880087 12353.9541128
 12846.30328511 12980.03038667 12269.61261297 12010.10635798
 12067.15478464 12363.73111958 12554.87391711 11912.00126863
 12544.60308587 12471.61262083]

The result for the 11th execution is
Time
53.621466398239136
Query Result
[12126. 12188. 12507. 12546. 12147. 12183. 12190. 12235. 12357. 12444.
 12359. 12468. 12625. 12376. 12578. 12752. 12775. 12270. 12535. 12143.
 12635. 12875. 12367. 12433. 12459. 12839. 12250. 12591. 12321. 12304.
 12376. 12318. 12395. 11879. 12293. 12324. 12317. 12130. 12369. 12258.
 12518. 12762. 12048. 12156. 12427. 12368. 12553. 12010. 12333. 12225.]
Noised Result
[11992.8366144  12270.68397233 11517.03351052 12887.61294816
 11891.71623411 11944.29334543 12635.71243229 11811.30942021
 11967.48270885 12586.77666414 12767.82924883 12063.60566253
 12744.6027655  12270.37108543 12589.2077494  12683.37656363
 12749.85791176 12350.91957445 13058.73145341 11842.9172064
 13200.01463598 12466.25254537 12715.66127442 11709.54776833
 12689.28505984 13002.43232911 12491.56139333 12878.51953972
 12456.09149736 12812.87253013 12496.45813238 12448.7813902
 12813.72199018 11582.37472197 11911.03996083 12100.46279706
 12517.7325428  11514.73805594 12233.66355555 12765.9434662
 12390.27478954 12639.3905578  11866.27651608 11842.24285188
 11320.77062723 12480.95196088 13099.42545762 12625.82023696
 12339.15359382 12283.46441076]

The result for the 12th execution is
Time
50.02221441268921
Query Result
[12126. 12188. 12507. 12546. 12147. 12183. 12190. 12235. 12357. 12444.
 12359. 12468. 12625. 12376. 12578. 12752. 12775. 12270. 12535. 12143.
 12635. 12875. 12367. 12433. 12459. 12839. 12250. 12591. 12321. 12304.
 12376. 12318. 12395. 11879. 12293. 12324. 12317. 12130. 12369. 12258.
 12518. 12762. 12048. 12156. 12427. 12368. 12553. 12010. 12333. 12225.]
Noised Result
[10472.85312251 12531.398795   11298.4941578  12985.29381953
 11683.9870461  11844.50241622 11225.67486661 11754.4329961
 11977.93741749 12976.97916729 13420.41344196 13240.58195195
 11691.96620197 12933.5254745  12162.22428758 12323.82484674
 13145.67366939 12460.33328647 12576.2342551  11489.75872037
 13616.36430659 13140.25340502 11589.36803712 11939.55276647
 12966.19536177 12851.58952367 12309.41893295 11745.57621738
 12500.51893851 12545.86102838 11753.3466024  13174.64063653
 11576.62438556 12283.5084803  12292.54479933 13247.61005249
 12124.35344716 11663.2471305  13213.18473072 13171.30595412
 13829.62226896 13121.62957007 13809.07283141 11811.43638091
 11296.0418268  11972.17009683 13715.9515817  12006.4277489
 12456.71958827 13002.75108645]

The result for the 13th execution is
Time
49.45251393318176
Query Result
[12126. 12188. 12507. 12546. 12147. 12183. 12190. 12235. 12357. 12444.
 12359. 12468. 12625. 12376. 12578. 12752. 12775. 12270. 12535. 12143.
 12635. 12875. 12367. 12433. 12459. 12839. 12250. 12591. 12321. 12304.
 12376. 12318. 12395. 11879. 12293. 12324. 12317. 12130. 12369. 12258.
 12518. 12762. 12048. 12156. 12427. 12368. 12553. 12010. 12333. 12225.]
Noised Result
[11619.04786553 12170.66938835 12780.82906457 12345.45861332
 11806.22976046 11741.75058003 11613.98148049 12576.25444061
 12721.17811312 12319.69308711 12471.77476381 12816.77202904
 12874.79486161 12819.46534499 12322.55434161 13142.86502093
 12206.29110657 11690.32435537 12624.88018509 12402.34861847
 12333.42536012 12140.11674491 11984.98838397 12629.94220559
 12112.84101759 13138.30681248 12527.92933428 12498.81423004
 12511.59785668 12526.02973016 12058.3893818  12602.52851474
 11480.40757188 11847.61716913 11915.11792764 12051.3127896
 12360.62776184 11782.75080954 12090.69438425 12785.67620135
 12237.20950446 13001.93336167 12212.05933816 12356.39805466
 12531.55991721 12633.37058568 11935.14198288 12680.78097919
 12200.27207612 12036.89625906]

The result for the 14th execution is
Time
49.79413890838623
Query Result
[12126. 12188. 12507. 12546. 12147. 12183. 12190. 12235. 12357. 12444.
 12359. 12468. 12625. 12376. 12578. 12752. 12775. 12270. 12535. 12143.
 12635. 12875. 12367. 12433. 12459. 12839. 12250. 12591. 12321. 12304.
 12376. 12318. 12395. 11879. 12293. 12324. 12317. 12130. 12369. 12258.
 12518. 12762. 12048. 12156. 12427. 12368. 12553. 12010. 12333. 12225.]
Noised Result
[12528.29914839 12354.15773866 12433.55183561 12414.55954473
 12018.54703825 11800.36329213 12036.06750445 12437.9811124
 12981.54579749 12713.51338523 11892.66085354 12939.44354424
 12664.54994436 12238.04133548 11902.13613342 12638.93881988
 12662.14150017 11805.47493667 11771.5973756  11933.70845701
 13191.45436882 12802.68941637 12687.77141662 12343.94057337
 12179.31130168 12967.12364743 12303.72022829 12743.25406213
 12276.91856716 12326.45737937 12123.66229083 12094.64306366
 11940.86939114 12089.74607711 12135.20342987 11660.55376249
 12302.32960806 11777.47698718 12768.85690958 13312.31387853
 12201.84413776 12885.5682916  11788.33220501 11962.92246757
 12965.39627528 12802.62457435 12460.841413   11992.55217995
 13040.92958164 12943.85383504]

The result for the 15th execution is
Time
51.350608587265015
Query Result
[12126. 12188. 12507. 12546. 12147. 12183. 12190. 12235. 12357. 12444.
 12359. 12468. 12625. 12376. 12578. 12752. 12775. 12270. 12535. 12143.
 12635. 12875. 12367. 12433. 12459. 12839. 12250. 12591. 12321. 12304.
 12376. 12318. 12395. 11879. 12293. 12324. 12317. 12130. 12369. 12258.
 12518. 12762. 12048. 12156. 12427. 12368. 12553. 12010. 12333. 12225.]
Noised Result
[12521.39743297 12289.66729048 12561.95414145 12725.49913946
 12216.282447   11939.16023465 12166.83463494 12713.66486298
 12326.07560815 12401.28689882 12457.05868215 12116.46180751
 12265.63356944 12662.3959259  12230.96096936 12992.94862019
 12894.10124908 12289.54157118 12844.56738778 12293.04150763
 13252.19909919 12683.96654882 12050.15285021 12642.5126764
 12030.34736703 12578.77820338 12019.8166221  12540.90999246
 12355.72693326 12321.04441899 12482.19867435 12328.96474302
 12464.52334895 11891.40010184 12333.03925048 12182.53741731
 12922.03831945 12117.76793896 11939.18559549 12809.79707165
 12257.19798088 12864.02870919 11803.11445755 12381.43041137
 12156.82035153 11742.769434   12659.36848008 12167.80745759
 12360.3913917  12318.93770528]

The result for the 16th execution is
Time
51.17897439002991
Query Result
[12126. 12188. 12507. 12546. 12147. 12183. 12190. 12235. 12357. 12444.
 12359. 12468. 12625. 12376. 12578. 12752. 12775. 12270. 12535. 12143.
 12635. 12875. 12367. 12433. 12459. 12839. 12250. 12591. 12321. 12304.
 12376. 12318. 12395. 11879. 12293. 12324. 12317. 12130. 12369. 12258.
 12518. 12762. 12048. 12156. 12427. 12368. 12553. 12010. 12333. 12225.]
Noised Result
[11698.0577423  12401.12431682 13132.84718297 12452.45685081
 12030.18501744 11806.31919774 12216.64886514 11342.85573196
 12039.82318587 12090.77575101 11924.84335006 11818.33457338
 12290.59219441 12389.1437867  12105.28414766 13108.92814434
 12123.22182847 11981.29761293 12393.11282156 12158.23311467
 12995.12081972 13201.24356977 11941.14796738 12261.71347666
 12702.63113284 12849.69340154 12400.90799731 12073.53983421
 11748.62551158 12451.17103373 11854.99680536 12403.2756212
 12792.04116611 11676.87100633 11903.4737065  11984.52282075
 12864.63583864 12386.48773476 12093.79110354 12221.20395553
 12714.79785532 13064.90463906 12066.99160043 12313.20760783
 12363.0048038  11971.78118986 12465.22894782 11606.75460682
 12692.56706104 11784.24150227]

The result for the 17th execution is
Time
51.689921855926514
Query Result
[12126. 12188. 12507. 12546. 12147. 12183. 12190. 12235. 12357. 12444.
 12359. 12468. 12625. 12376. 12578. 12752. 12775. 12270. 12535. 12143.
 12635. 12875. 12367. 12433. 12459. 12839. 12250. 12591. 12321. 12304.
 12376. 12318. 12395. 11879. 12293. 12324. 12317. 12130. 12369. 12258.
 12518. 12762. 12048. 12156. 12427. 12368. 12553. 12010. 12333. 12225.]
Noised Result
[11130.21541678 12021.82681813 12440.26742055 12117.78801433
 12649.28762404 12203.4613082  12341.70340999 12325.15043387
 12851.89993511 12583.32008412 12730.8304673  12759.37727102
 12413.08055249 12480.05727961 12317.28417834 12574.74857
 11977.72471019 12027.97298127 12843.14175243 11940.64750244
 13339.88107051 12824.0127796  12731.59341558 12509.26569433
 12111.92710666 13262.45059775 11933.67134989 12779.32909837
 12475.676724   11725.81065371 12361.51999088 12488.0290798
 12178.88490089 12146.6158678  11976.8884954  12839.39337846
 12233.65048458 12500.87513675 12645.0801945  12381.44850583
 13001.05903803 12893.88073376 12086.59966778 12163.90497365
 12728.15447225 12448.82607955 12262.40837063 11757.88945642
 11825.77206497 12260.84567036]

The result for the 18th execution is
Time
54.57598328590393
Query Result
[12126. 12188. 12507. 12546. 12147. 12183. 12190. 12235. 12357. 12444.
 12359. 12468. 12625. 12376. 12578. 12752. 12775. 12270. 12535. 12143.
 12635. 12875. 12367. 12433. 12459. 12839. 12250. 12591. 12321. 12304.
 12376. 12318. 12395. 11879. 12293. 12324. 12317. 12130. 12369. 12258.
 12518. 12762. 12048. 12156. 12427. 12368. 12553. 12010. 12333. 12225.]
Noised Result
[11272.70521983 12374.28644658 11761.3856425  12846.79815531
 12347.00748246 12385.06045245 12412.12449733 12021.73157438
 12084.50118148 13231.80050358 13007.02183011 13591.86715673
 12811.67985117 12729.67324345 12900.51388741 12740.68103079
 12835.92050462 11961.83475891 12852.32527635 13615.68117597
 11968.34231398 13548.28241721 11483.22664825 12814.06629573
 12775.90429104 11745.39387782 11594.70448188 13199.09517863
 11909.99342162 12031.28363972 10895.75089518 12614.62231655
 11278.45179922 12578.73698716 12624.45201456 12314.26288223
 11665.7960452  12409.98878548 13583.59665209 13137.51547147
 12502.62654847 12703.92602972 13369.31877438 12490.36249604
 12473.43778619 13728.39677438 12463.974775   13278.87025848
 11410.24103592 13009.60783776]

The result for the 19th execution is
Time
52.03753995895386
Query Result
[12126. 12188. 12507. 12546. 12147. 12183. 12190. 12235. 12357. 12444.
 12359. 12468. 12625. 12376. 12578. 12752. 12775. 12270. 12535. 12143.
 12635. 12875. 12367. 12433. 12459. 12839. 12250. 12591. 12321. 12304.
 12376. 12318. 12395. 11879. 12293. 12324. 12317. 12130. 12369. 12258.
 12518. 12762. 12048. 12156. 12427. 12368. 12553. 12010. 12333. 12225.]
Noised Result
[12173.42798784 12080.840747   12609.15109743 12603.65153444
 12136.93781157 11989.04639621 11829.03844355 11403.93382233
 12564.24343967 12463.11328802 11989.50374503 12419.88463251
 12304.98996243 12169.29882164 12020.70402514 13359.11337617
 13179.24949315 12085.21772734 12429.42531532 12020.73822797
 12366.10065216 12734.91515666 12427.35911592 12511.33918323
 12481.09584382 12817.85837887 11680.43383395 12535.5664806
 11994.43738937 12681.58778663 12677.21861707 12333.63392741
 12396.55735307 11893.11581307 11836.1874439  12157.37215685
 12333.54214833 11615.69167317 12690.73297785 12490.38167098
 12856.18094038 13167.26923251 12170.04133518 11470.41057702
 12342.32608611 11969.43336157 12976.37327632 11808.56713041
 12003.09666303 11971.46870383]

