The result for the 0th execution is
Time
4946.3712849617
Query Result
[1358439.0847184  1448378.25634029 1366916.5869667  1460640.22772451
 1391769.73571319 1360592.42087958 1343881.5992106  1388212.5081979
 1387556.1243629  1385024.00452818 1380678.63543309 1407556.99567011
 1420412.8906205  1410634.54040201 1413103.5836759  1401726.7055904
 1357956.85388559 1383169.94894629 1409753.83393691 1370998.5062496
 1407166.14149452 1377230.892193   1416075.48341331 1403969.33567851
 1429646.34169779]
Noised Result
[1497817.92803409  800861.88540585 1278179.21724898 1328565.98328378
 2057848.39659572 1304588.56589384 1148662.69675682  813846.98635637
 1557723.91771057 1947697.89812304 1662558.25099624 1355025.15440366
  948352.97504402 1232829.41463923  968407.51852906  987707.7853458
 1274816.29562499  890940.07276729  960948.0871929  1157657.73664683
 1575460.98520434  485290.97910282  730609.23396502 1697401.58200811
 2021425.22025064]

The result for the 1th execution is
Time
4934.712411165237
Query Result
[1358439.0847184  1448378.25634029 1366916.5869667  1460640.22772451
 1391769.73571319 1360592.42087958 1343881.5992106  1388212.5081979
 1387556.1243629  1385024.00452818 1380678.63543309 1407556.99567011
 1420412.8906205  1410634.54040201 1413103.5836759  1401726.7055904
 1357956.85388559 1383169.94894629 1409753.83393691 1370998.5062496
 1407166.14149452 1377230.892193   1416075.48341331 1403969.33567851
 1429646.34169779]
Noised Result
[1394539.51475753 1753387.87034248  671795.17267034 1087110.97994071
 1396824.44477469 1750908.41636068 1302132.24131328 1568084.67955417
  831505.27488287 1118281.56140626 1334613.77570578  735109.5162809
 2371420.50843972 1511150.23748122 1864289.29005614 1530406.87684983
 1105398.43739702 1844910.23006119 2597877.46903175 1677252.46914329
  922858.40115896 1718551.1019658   189557.84067896  889064.77710348
  630339.38595876]

The result for the 2th execution is
Time
4952.141175508499
Query Result
[1358439.0847184  1448378.25634029 1366916.5869667  1460640.22772451
 1391769.73571319 1360592.42087958 1343881.5992106  1388212.5081979
 1387556.1243629  1385024.00452818 1380678.63543309 1407556.99567011
 1420412.8906205  1410634.54040201 1413103.5836759  1401726.7055904
 1357956.85388559 1383169.94894629 1409753.83393691 1370998.5062496
 1407166.14149452 1377230.892193   1416075.48341331 1403969.33567851
 1429646.34169779]
Noised Result
[1622306.98031215 2226314.526599   1104780.72584907  913489.54588959
 1244668.02765464  784748.69386722  788563.00881179 1079258.47180095
 1044442.03011521 1925999.68403983  903293.91554369 1188019.40251867
 1455912.22962162 1838481.42133668 1054196.74903265 2145549.56426896
 1159961.88829009 1551291.08182914 1540829.71890052 1214568.98903644
 1448747.27525393 1344339.17134368 1671189.63172664  987988.15432415
 1610392.60302874]

The result for the 3th execution is
Time
3003.4285168647766
Query Result
[1358439.0847184  1448378.25634029 1366916.5869667  1460640.22772451
 1391769.73571319 1360592.42087958 1343881.5992106  1388212.5081979
 1387556.1243629  1385024.00452818 1380678.63543309 1407556.99567011
 1420412.8906205  1410634.54040201 1413103.5836759  1401726.7055904
 1357956.85388559 1383169.94894629 1409753.83393691 1370998.5062496
 1407166.14149452 1377230.892193   1416075.48341331 1403969.33567851
 1429646.34169779]
Noised Result
[ 1446885.65590931  1216846.77229143   887538.85792138  1285261.01997409
  1782418.27465108  1631337.0773501  -1109887.57353987   727974.79861737
  1952499.79091603  1467801.6915715   2983242.08662717  2111680.11092561
  2420126.86857308  1528245.19083377  2665670.67114516   415107.57144968
  2726444.5991722   1580236.441854    3614037.30270928  2262706.06674273
  1852127.98709701  1762246.44734832 -1049260.00352597  2650281.99374238
  2700518.85424947]

The result for the 4th execution is
Time
5253.37072467804
Query Result
[1358439.0847184  1448378.25634029 1366916.5869667  1460640.22772451
 1391769.73571319 1360592.42087958 1343881.5992106  1388212.5081979
 1387556.1243629  1385024.00452818 1380678.63543309 1407556.99567011
 1420412.8906205  1410634.54040201 1413103.5836759  1401726.7055904
 1357956.85388559 1383169.94894629 1409753.83393691 1370998.5062496
 1407166.14149452 1377230.892193   1416075.48341331 1403969.33567851
 1429646.34169779]
Noised Result
[1619667.1685511   911368.57730773 1864557.63899184 1732000.47811093
  538473.70668932 1570078.47343739 1067845.5489009  1459757.03723331
 2249805.83522679 1805636.20246331  473548.58108259   91563.71879028
 1106909.85560092 1591568.53934142 2284136.41946624 1106671.19278834
 1994614.95111326 1311804.75037642 1219572.28688041 1076311.19508043
 1543367.78137357  921922.20993482  943226.55661618 2320725.02610883
 2038641.51023821]

The result for the 5th execution is
Time
2544.4864690303802
Query Result
[1358439.0847184  1448378.25634029 1366916.5869667  1460640.22772451
 1391769.73571319 1360592.42087958 1343881.5992106  1388212.5081979
 1387556.1243629  1385024.00452818 1380678.63543309 1407556.99567011
 1420412.8906205  1410634.54040201 1413103.5836759  1401726.7055904
 1357956.85388559 1383169.94894629 1409753.83393691 1370998.5062496
 1407166.14149452 1377230.892193   1416075.48341331 1403969.33567851
 1429646.34169779]
Noised Result
[ -62230.91388446 2100537.70806245 1522993.592646   2307856.25538027
 1081088.86235008  440998.93614836 1351384.07603283 1750321.33746062
 1704545.90068483 2804508.58622263  919157.65821652 1257673.9919306
 1707674.45371642 1081288.36446671 2433091.77052488  715958.41366261
 1417838.2003904  2344384.30212631 1785633.47183936 1664309.48693008
  846860.99528963  472526.57588344 3412385.07975517 1216048.446766
  389928.36503556]

The result for the 6th execution is
Time
4688.152910232544
Query Result
[1358439.0847184  1448378.25634029 1366916.5869667  1460640.22772451
 1391769.73571319 1360592.42087958 1343881.5992106  1388212.5081979
 1387556.1243629  1385024.00452818 1380678.63543309 1407556.99567011
 1420412.8906205  1410634.54040201 1413103.5836759  1401726.7055904
 1357956.85388559 1383169.94894629 1409753.83393691 1370998.5062496
 1407166.14149452 1377230.892193   1416075.48341331 1403969.33567851
 1429646.34169779]
Noised Result
[1164560.78039884 2038747.33847696 2852572.05598682  296080.06839095
  528760.30448167 1396152.1888425  1812096.34806273 1220276.48602826
 1696737.311517   1205363.40015386 1466945.1773494  1948625.80534781
 2285018.40604398  723542.9105122   893457.53289939  941015.65784442
 1578420.76349867 1133416.32525143 1978393.34404126 1752588.34710877
 1201297.83323568 2068088.0153856  2252856.41241194 1401271.36314747
  393538.70669128]

The result for the 7th execution is
Time
2994.9821565151215
Query Result
[1358439.0847184  1448378.25634029 1366916.5869667  1460640.22772451
 1391769.73571319 1360592.42087958 1343881.5992106  1388212.5081979
 1387556.1243629  1385024.00452818 1380678.63543309 1407556.99567011
 1420412.8906205  1410634.54040201 1413103.5836759  1401726.7055904
 1357956.85388559 1383169.94894629 1409753.83393691 1370998.5062496
 1407166.14149452 1377230.892193   1416075.48341331 1403969.33567851
 1429646.34169779]
Noised Result
[ 164849.76711198 1476765.98273791 1870493.0674363  -510054.34989005
 1401598.58824335  840303.59435092 2293204.14773046 1851718.1508877
 1590646.05409803 2709437.45642975 1908076.52287558 2472373.51963408
  605052.22815207 1972413.65282283 1246101.91840923  319832.11000663
 1249127.62563223 1671118.96366543 2525384.88443385 2737131.73183271
 1805598.47750965 1673116.00523747 2193374.55613397  214253.09383024
 1907056.60904943]

The result for the 8th execution is
Time
4212.707262039185
Query Result
[1358439.0847184  1448378.25634029 1366916.5869667  1460640.22772451
 1391769.73571319 1360592.42087958 1343881.5992106  1388212.5081979
 1387556.1243629  1385024.00452818 1380678.63543309 1407556.99567011
 1420412.8906205  1410634.54040201 1413103.5836759  1401726.7055904
 1357956.85388559 1383169.94894629 1409753.83393691 1370998.5062496
 1407166.14149452 1377230.892193   1416075.48341331 1403969.33567851
 1429646.34169779]
Noised Result
[2329451.80563443 2684944.22712547 1688877.53190196 1480342.19282087
 2636015.2111125  1139528.41600437 2045045.4928484   344993.84501191
 1562252.36810174 1786947.32926128  826539.99222501 1599439.7864801
 1538597.6903961  2170438.97286487 1228578.38881612 1244045.40932626
  900821.82588784 1288487.32289383  872770.87756116 2209638.93461076
 1267339.00118502  524687.34673874 1901112.69136402 1178308.05094019
 1924015.33460264]

The result for the 9th execution is
Time
4791.659971237183
Query Result
[1358439.0847184  1448378.25634029 1366916.5869667  1460640.22772451
 1391769.73571319 1360592.42087958 1343881.5992106  1388212.5081979
 1387556.1243629  1385024.00452818 1380678.63543309 1407556.99567011
 1420412.8906205  1410634.54040201 1413103.5836759  1401726.7055904
 1357956.85388559 1383169.94894629 1409753.83393691 1370998.5062496
 1407166.14149452 1377230.892193   1416075.48341331 1403969.33567851
 1429646.34169779]
Noised Result
[ 777431.08417276 1600805.28207246 1106636.26427108 1299080.20905399
 1679795.82207631 2318334.27201602 1329461.13208547 1983334.81241206
 2574119.54916117 1917626.76739513 1951054.25406605  988537.19059187
 1456769.58853752 1111305.42342183 1087773.34935294 1171935.08413724
  701240.77600196 1051151.34246571  890890.0862339  2120249.28302864
 1682219.09839629 1416533.22573658 2200161.72304446 1859828.35965714
 1139522.55793533]

The result for the 10th execution is
Time
3027.7761816978455
Query Result
[1358439.0847184  1448378.25634029 1366916.5869667  1460640.22772451
 1391769.73571319 1360592.42087958 1343881.5992106  1388212.5081979
 1387556.1243629  1385024.00452818 1380678.63543309 1407556.99567011
 1420412.8906205  1410634.54040201 1413103.5836759  1401726.7055904
 1357956.85388559 1383169.94894629 1409753.83393691 1370998.5062496
 1407166.14149452 1377230.892193   1416075.48341331 1403969.33567851
 1429646.34169779]
Noised Result
[ 1405356.41462066  2143131.19254291   933073.02649559  2645933.86852524
  2790018.26668319  1994829.71581484  3034548.4379124    795098.87116809
  1418470.56716456  1194152.92843424  -594266.93539368  1230924.29652737
  -212013.78264432  -248779.10527434  2353828.97877503  1003103.1496819
  2801734.57876494  -128641.66046764  -121072.9302953   1126166.0965792
  2516690.87276704 -1030260.05900463  2244390.82816493  1299256.6260517
  1800872.02142525]

The result for the 11th execution is
Time
3164.578469276428
Query Result
[1358439.0847184  1448378.25634029 1366916.5869667  1460640.22772451
 1391769.73571319 1360592.42087958 1343881.5992106  1388212.5081979
 1387556.1243629  1385024.00452818 1380678.63543309 1407556.99567011
 1420412.8906205  1410634.54040201 1413103.5836759  1401726.7055904
 1357956.85388559 1383169.94894629 1409753.83393691 1370998.5062496
 1407166.14149452 1377230.892193   1416075.48341331 1403969.33567851
 1429646.34169779]
Noised Result
[1074304.86940609 1711594.35428223 1643910.09247555 2009566.9542952
  765854.23137614 1648608.05143999 2053767.78507592 1687470.72701167
 2272880.60542848 1154335.76782691 2208368.29739427 2342806.03840953
 2259961.32863348  966958.68511619 1885166.53694055 1567360.6756574
 1130538.2473448  1452419.61223418 2089704.34588582  846118.01696564
 2192147.15180974  983334.37008746 1067771.37348385 2314458.90838139
 1755384.51973494]

The result for the 12th execution is
Time
4985.198869943619
Query Result
[1358439.0847184  1448378.25634029 1366916.5869667  1460640.22772451
 1391769.73571319 1360592.42087958 1343881.5992106  1388212.5081979
 1387556.1243629  1385024.00452818 1380678.63543309 1407556.99567011
 1420412.8906205  1410634.54040201 1413103.5836759  1401726.7055904
 1357956.85388559 1383169.94894629 1409753.83393691 1370998.5062496
 1407166.14149452 1377230.892193   1416075.48341331 1403969.33567851
 1429646.34169779]
Noised Result
[1725244.84792553 1225578.25169639 1067974.94259916 1285564.29665862
  968917.13098102  550093.73091807 2566499.57820394 1734502.66227456
  905605.64924936  567881.19078486 1926879.79878584 1028840.44232155
 1110101.27547539 1658650.77112036  776170.69775756 1638595.62813945
 1805434.38923936 1907193.8133411  1287184.37946336 1086852.3641036
 1058833.25990178 1276764.39978696  614711.08042344 1733956.06405954
 1325152.19418921]

The result for the 13th execution is
Time
4904.804924726486
Query Result
[1358439.0847184  1448378.25634029 1366916.5869667  1460640.22772451
 1391769.73571319 1360592.42087958 1343881.5992106  1388212.5081979
 1387556.1243629  1385024.00452818 1380678.63543309 1407556.99567011
 1420412.8906205  1410634.54040201 1413103.5836759  1401726.7055904
 1357956.85388559 1383169.94894629 1409753.83393691 1370998.5062496
 1407166.14149452 1377230.892193   1416075.48341331 1403969.33567851
 1429646.34169779]
Noised Result
[2561670.58700069 1390925.22641767 1384872.90859158 1627489.12619504
 1591448.48694847 1378719.97785003 1726887.72347814 1757801.64850787
  -15655.32631546 1554713.59054361 1644913.3291508  1518710.43226342
 1806547.66615802 1028496.14102465 1249762.06800089  886874.48088448
 -322957.15564562 1314479.82515409  413905.81771481  787249.55150588
 1040458.0393892  1072794.86245885 1991425.42638676 1022543.56948342
 1357287.00657211]

The result for the 14th execution is
Time
2965.5799560546875
Query Result
[1358439.0847184  1448378.25634029 1366916.5869667  1460640.22772451
 1391769.73571319 1360592.42087958 1343881.5992106  1388212.5081979
 1387556.1243629  1385024.00452818 1380678.63543309 1407556.99567011
 1420412.8906205  1410634.54040201 1413103.5836759  1401726.7055904
 1357956.85388559 1383169.94894629 1409753.83393691 1370998.5062496
 1407166.14149452 1377230.892193   1416075.48341331 1403969.33567851
 1429646.34169779]
Noised Result
[  195397.66614062   245420.21386422  3575007.45244903  3955916.68937325
  1599601.26400833  1274411.60611196   624458.64795805  1204693.32667054
 -1853687.65143155  -572826.2252043   1368950.64223108  -389789.37852752
  1244405.73022222  1528189.0951169   1171786.79863619   219239.57406919
   223583.57637538   721058.81484025  1304978.12789406  1197448.20176641
  2044045.09741572  1145672.21834095  1714996.3371461    794594.72242758
  2650707.55978853]

The result for the 15th execution is
Time
4226.400156736374
Query Result
[1358439.0847184  1448378.25634029 1366916.5869667  1460640.22772451
 1391769.73571319 1360592.42087958 1343881.5992106  1388212.5081979
 1387556.1243629  1385024.00452818 1380678.63543309 1407556.99567011
 1420412.8906205  1410634.54040201 1413103.5836759  1401726.7055904
 1357956.85388559 1383169.94894629 1409753.83393691 1370998.5062496
 1407166.14149452 1377230.892193   1416075.48341331 1403969.33567851
 1429646.34169779]
Noised Result
[2152614.9949819  1298821.575736   1023099.40455436 1383301.05163994
 1283473.00720642 1250547.36273047 1117473.10016445 1602960.95063985
 2105692.70047768 1113527.20671001 1452780.66657474 1520816.41115501
 1256436.6453989   588521.50164453 1065778.23830009 1534110.81379758
 2272310.12264234 1434404.9908695  1017587.99446776 1410834.20810983
 1130063.32029907 1040709.48220124 1760304.68812595  741281.85121332
 1292663.28557416]

The result for the 16th execution is
Time
4929.112614631653
Query Result
[1358439.0847184  1448378.25634029 1366916.5869667  1460640.22772451
 1391769.73571319 1360592.42087958 1343881.5992106  1388212.5081979
 1387556.1243629  1385024.00452818 1380678.63543309 1407556.99567011
 1420412.8906205  1410634.54040201 1413103.5836759  1401726.7055904
 1357956.85388559 1383169.94894629 1409753.83393691 1370998.5062496
 1407166.14149452 1377230.892193   1416075.48341331 1403969.33567851
 1429646.34169779]
Noised Result
[1184376.54022257 1558685.8472507  1760663.89046599  845054.02710999
  915982.3742099  1390419.97181065 1382966.16103457 1888314.32372439
 1268761.99587646 1455935.75807803 1305582.33840367 1027540.27318594
 2586257.98918393 1929750.4939578  1806081.50684978 1997731.65260578
 1521606.62477021 1117790.77010945 1621028.80700344 2351075.54981162
 1128174.10594996 1275034.28590892 2058812.18709234 1805875.51722881
 1442613.26216451]

The result for the 17th execution is
Time
4972.850142478943
Query Result
[1358439.0847184  1448378.25634029 1366916.5869667  1460640.22772451
 1391769.73571319 1360592.42087958 1343881.5992106  1388212.5081979
 1387556.1243629  1385024.00452818 1380678.63543309 1407556.99567011
 1420412.8906205  1410634.54040201 1413103.5836759  1401726.7055904
 1357956.85388559 1383169.94894629 1409753.83393691 1370998.5062496
 1407166.14149452 1377230.892193   1416075.48341331 1403969.33567851
 1429646.34169779]
Noised Result
[1274027.4239063  1047298.24781622 2018988.66843599 1924638.34222917
 1777443.89891245 2075721.91660395 2160495.39189164  667974.37001577
  844016.60758839 1940420.23326249 1954023.37529997 1317618.96403943
  565701.67141195  541686.59646382 1479539.62215845  904477.0333149
 2614123.56875363 1819668.44487398 1703014.63418868 1631778.15107397
 1224095.36037829 3181298.99301562  907281.07568134 2061189.17754841
 1748419.5901975 ]

The result for the 18th execution is
Time
1643.9610571861267
Query Result
[1358439.0847184  1448378.25634029 1366916.5869667  1460640.22772451
 1391769.73571319 1360592.42087958 1343881.5992106  1388212.5081979
 1387556.1243629  1385024.00452818 1380678.63543309 1407556.99567011
 1420412.8906205  1410634.54040201 1413103.5836759  1401726.7055904
 1357956.85388559 1383169.94894629 1409753.83393691 1370998.5062496
 1407166.14149452 1377230.892193   1416075.48341331 1403969.33567851
 1429646.34169779]
Noised Result
[-4.57854051e+07  1.16969209e+08 -2.57542920e+08 -2.02779579e+08
  6.11059604e+06 -4.14280380e+07 -1.25744185e+08 -1.80148281e+08
  1.83702990e+07 -4.02938364e+07 -1.69477010e+08  1.25282199e+07
  1.44524934e+08  2.02536492e+08 -7.64087618e+07 -8.08419210e+07
  2.49020264e+07 -1.30906783e+08  1.70483816e+07 -1.11389478e+08
 -1.33939021e+08  4.38136308e+07 -1.11065237e+08  7.74743858e+07
  4.28309414e+07]

The result for the 19th execution is
Time
4916.5735239982605
Query Result
[1358439.0847184  1448378.25634029 1366916.5869667  1460640.22772451
 1391769.73571319 1360592.42087958 1343881.5992106  1388212.5081979
 1387556.1243629  1385024.00452818 1380678.63543309 1407556.99567011
 1420412.8906205  1410634.54040201 1413103.5836759  1401726.7055904
 1357956.85388559 1383169.94894629 1409753.83393691 1370998.5062496
 1407166.14149452 1377230.892193   1416075.48341331 1403969.33567851
 1429646.34169779]
Noised Result
[1642663.66687457 2091592.70128252  973609.84070082 1183408.62257859
 1046189.00661883 1034873.64007585  552074.80949456 1642350.96171742
 1462517.67842946 1187572.30880465 1470434.4949563   630392.44547775
  611001.95916193 2135612.92626639 1333838.96220548 1088322.02076614
 1312842.6574444  1239489.80867735  864916.04701972  -15512.25677626
 1556338.2587494   845865.84963333 2092278.17797691 1293642.8738531
 1411065.92659093]

