The result for the 0th execution is
Time
2611.4432187080383
Query Result
[179514.7321302 179903.5442181 185323.3542347 182080.5568045
 181191.7914028 178661.9536281 175402.6952876 181615.932841
 181259.4418837 180383.0513004 181499.8987455 181485.6985156
 180485.3162475 190027.9520145 179375.3110937 182482.8301462
 185202.4406432 181824.8396843 179893.5535609 178377.0516638
 183628.1510771 178377.7889876 184900.7447741 183885.1651846
 185692.5434801 184302.5247758 179079.3020967 182277.2065437
 183411.7839229 181410.3368812 182160.852952  182478.7085682
 181830.7363211 184113.8232099 184251.6299477 179665.9021423
 181986.6663441 184997.8556777 178887.1733148 178684.4621036
 182436.0809989 177593.3384583 184235.3389408 182896.3494742
 177850.8201559 182240.4690079 184608.9716396 180507.6229034
 180429.5975861 183017.085031  180848.212289  189745.563671
 181802.976288  183461.6109978 183589.2195811 176870.4097654
 185058.9532687 183606.0052811 178688.4267724 178742.3767876
 180565.7592855 182971.431649  182370.8147544 179249.5855047
 180594.7337285 180126.9842315 181605.0275021 180552.7902399
 181726.7055023 181221.6034447 183146.6208007 175857.7498892
 182991.8604737 182257.5310964 182601.824124  187929.8191091
 184948.4888579 184816.1657207 180368.0066174 188063.2375077
 183697.3563547 181645.5174868 185595.1024234 186605.3275839
 182257.9939015 183528.979026  186880.9918353 183283.9746083
 180564.1708114 179681.9566072 181381.3987102 183614.1240333
 179838.9818289 186639.5747071 185583.007707  182287.4693381
 181210.6602372 188791.7630145 187317.2051516 183601.3072582]
Noised Result
[174114.18722798 171707.69634927 134196.71504682 174056.28154648
 172063.68113228 148876.39286232 175532.1288312  218921.30966752
  93995.28542816 190501.30782357 166647.16628302 224447.99477854
 170558.57756603 180559.96717519 186588.59902298 208679.95330066
 139154.71324295 161948.11020103 125457.31499928 137684.07935031
 238562.71002449 204261.99483819 231052.30018375 235455.1461841
 175514.41437276 146382.07555033 196276.39799782 177221.83026931
 160391.59851091 154870.68001327 218189.87414714 236417.09684474
 239300.39570114 131556.37940033 164716.89075666 221237.51573753
 191054.61705737 128268.39394261 171265.74478018 260436.48536619
 184382.47828573 213103.47124829 180539.91379829 143605.30845147
 172106.89232649 166596.9354328  206382.38378007 249503.98494475
 227000.83310171 141791.61086899 175518.40851876 178370.0355494
 125111.72911475 166510.51014697 208860.02119565 111924.28611647
 139492.21847045 175844.49738357 236508.94629493 260932.48319183
 214041.86482248 222537.37953626 178312.40353317 166760.93576204
 186805.43804461 171204.45069022 194505.4273154  180188.80894873
 145894.67772637 157956.61133634 194797.09383675 192055.17711469
 141912.13008993 221934.84050945 236240.85688261 187139.05395842
 173761.23753624 246110.82466528 199819.98838422 200315.64416394
 233929.60919197 193240.20581316 130074.55128565 247476.42504126
 162130.69363583 152613.92773878 239696.38614413 161407.76411296
 273888.32635195 181859.38403924 177358.12249191 239409.67762755
 163919.22826166 217802.12995262 232490.47347822 120390.57553515
 191229.51054276 175931.7498668  231577.58323314 217583.79614156]

The result for the 1th execution is
Time
2633.257532119751
Query Result
[179514.7321302 179903.5442181 185323.3542347 182080.5568045
 181191.7914028 178661.9536281 175402.6952876 181615.932841
 181259.4418837 180383.0513004 181499.8987455 181485.6985156
 180485.3162475 190027.9520145 179375.3110937 182482.8301462
 185202.4406432 181824.8396843 179893.5535609 178377.0516638
 183628.1510771 178377.7889876 184900.7447741 183885.1651846
 185692.5434801 184302.5247758 179079.3020967 182277.2065437
 183411.7839229 181410.3368812 182160.852952  182478.7085682
 181830.7363211 184113.8232099 184251.6299477 179665.9021423
 181986.6663441 184997.8556777 178887.1733148 178684.4621036
 182436.0809989 177593.3384583 184235.3389408 182896.3494742
 177850.8201559 182240.4690079 184608.9716396 180507.6229034
 180429.5975861 183017.085031  180848.212289  189745.563671
 181802.976288  183461.6109978 183589.2195811 176870.4097654
 185058.9532687 183606.0052811 178688.4267724 178742.3767876
 180565.7592855 182971.431649  182370.8147544 179249.5855047
 180594.7337285 180126.9842315 181605.0275021 180552.7902399
 181726.7055023 181221.6034447 183146.6208007 175857.7498892
 182991.8604737 182257.5310964 182601.824124  187929.8191091
 184948.4888579 184816.1657207 180368.0066174 188063.2375077
 183697.3563547 181645.5174868 185595.1024234 186605.3275839
 182257.9939015 183528.979026  186880.9918353 183283.9746083
 180564.1708114 179681.9566072 181381.3987102 183614.1240333
 179838.9818289 186639.5747071 185583.007707  182287.4693381
 181210.6602372 188791.7630145 187317.2051516 183601.3072582]
Noised Result
[215419.40799144 154197.12318678 175230.94444913 221160.1601913
 194131.11900305 164067.59410314 158604.10605512 137012.66727061
 192657.54485777 256124.62655188 163600.73455854 196322.54831869
 202160.08687229 177284.97938302 176883.09275811 163458.56259759
 192646.73069115 219379.59646466 167374.31766846 165308.71987206
 136270.25105918 164178.04874803 121480.72459925 255140.68558331
 210915.54009942 214117.43363489 191554.38480853 162241.30443931
 247723.83021817 205544.50739807 198497.36701767 123335.01761599
 140873.02277682 208722.65453286 209496.37545736 147049.46023659
 138538.89704254 221100.90076855 195487.47430426 167296.44115861
 251499.76080738 166311.89152137 212445.69045644 173224.55493121
 190835.85339183 199116.85928087 114778.80266846 135432.6590528
 143254.93158929 158918.78409874 209255.99769965 135825.57707899
 163016.23644364 218345.72000212 176619.96607028 265879.06756492
 198435.52659066 231026.90686528 208421.01947381 212046.63342149
 178473.16641088 209880.786586   184830.39954325 212517.61655119
  88285.70481071 130660.59431113 174540.37808762 104714.08664392
 167960.36072663 199691.5800094  243019.65082482 192945.53924709
 195914.65119563 216984.27512628 162711.2723285  204394.91515187
 198949.9251793  178100.18255209 226299.433043   134192.76658329
 167254.71377349 176199.75539261 196255.40114395 192266.87595641
 237345.40951808 158604.60525636 138365.25682155 206888.36416019
 193706.91107277 176507.03485104 167661.78888493 255710.10082104
 151413.27432746 167875.21350843 208968.97885036 162784.90473551
 183060.20813089 265088.84469278 278131.91099937 201265.08546654]

The result for the 2th execution is
Time
3145.6264979839325
Query Result
[179514.7321302 179903.5442181 185323.3542347 182080.5568045
 181191.7914028 178661.9536281 175402.6952876 181615.932841
 181259.4418837 180383.0513004 181499.8987455 181485.6985156
 180485.3162475 190027.9520145 179375.3110937 182482.8301462
 185202.4406432 181824.8396843 179893.5535609 178377.0516638
 183628.1510771 178377.7889876 184900.7447741 183885.1651846
 185692.5434801 184302.5247758 179079.3020967 182277.2065437
 183411.7839229 181410.3368812 182160.852952  182478.7085682
 181830.7363211 184113.8232099 184251.6299477 179665.9021423
 181986.6663441 184997.8556777 178887.1733148 178684.4621036
 182436.0809989 177593.3384583 184235.3389408 182896.3494742
 177850.8201559 182240.4690079 184608.9716396 180507.6229034
 180429.5975861 183017.085031  180848.212289  189745.563671
 181802.976288  183461.6109978 183589.2195811 176870.4097654
 185058.9532687 183606.0052811 178688.4267724 178742.3767876
 180565.7592855 182971.431649  182370.8147544 179249.5855047
 180594.7337285 180126.9842315 181605.0275021 180552.7902399
 181726.7055023 181221.6034447 183146.6208007 175857.7498892
 182991.8604737 182257.5310964 182601.824124  187929.8191091
 184948.4888579 184816.1657207 180368.0066174 188063.2375077
 183697.3563547 181645.5174868 185595.1024234 186605.3275839
 182257.9939015 183528.979026  186880.9918353 183283.9746083
 180564.1708114 179681.9566072 181381.3987102 183614.1240333
 179838.9818289 186639.5747071 185583.007707  182287.4693381
 181210.6602372 188791.7630145 187317.2051516 183601.3072582]
Noised Result
[167606.92256724 190504.92740807 224086.53396354 241520.98306281
 176062.77773597 208460.93456655 195964.56330662 112471.72145022
 154360.94135675 234783.32800921 157350.7461031  164227.87501819
 135509.63228624 185020.92652156 185672.45844223 159069.72291212
 220638.26222485 170260.39033871 220284.25685053 173291.02941864
 178252.60081477 206185.39143422 239997.73256069 168102.80524732
 150365.13988103 155736.01465881 179445.23680755 214468.48465795
 132155.65726241  73927.17607368 149487.75338857 162678.95165656
 150931.41783    189120.24349794 166366.18191362 172417.05943503
 159221.76237007 230144.61188957 255090.49980475 200808.61232241
 169046.12437896 161763.98594585 227240.6144706  211555.74542887
 206667.62970688 232310.64519758 188196.20626975 186793.7816295
 223257.97649044 218853.3993785  162431.20430171 117062.52121715
 240179.20908885 217451.34690966 208189.59579623 186956.45981846
 181120.08838374 209619.03250542 223337.69094716 188923.334005
 134821.7906154  200367.92002918 140447.10016647 225928.42589051
 163432.27547947 107005.21054179 215704.08348094 142010.3908481
 160644.24056812 159867.57733062 190525.05001698 230092.5294863
 167301.70738625 179224.40066189 235203.04391967 160773.77669813
 185037.47713289 151916.36660882 127710.28860202 189274.66935356
 199620.48935847 139599.79322725 190855.4132952  241985.35812987
 145122.0594451  172231.75166011 191290.98971466 219020.73598124
 262142.71747637 134615.38545991 176455.62233227 198830.93428563
 185687.6098977  257741.06176734 208198.8215889  214068.3069869
 224430.38288931 112418.75048435 146216.51702364 177678.53935922]

The result for the 3th execution is
Time
3110.141146183014
Query Result
[179514.7321302 179903.5442181 185323.3542347 182080.5568045
 181191.7914028 178661.9536281 175402.6952876 181615.932841
 181259.4418837 180383.0513004 181499.8987455 181485.6985156
 180485.3162475 190027.9520145 179375.3110937 182482.8301462
 185202.4406432 181824.8396843 179893.5535609 178377.0516638
 183628.1510771 178377.7889876 184900.7447741 183885.1651846
 185692.5434801 184302.5247758 179079.3020967 182277.2065437
 183411.7839229 181410.3368812 182160.852952  182478.7085682
 181830.7363211 184113.8232099 184251.6299477 179665.9021423
 181986.6663441 184997.8556777 178887.1733148 178684.4621036
 182436.0809989 177593.3384583 184235.3389408 182896.3494742
 177850.8201559 182240.4690079 184608.9716396 180507.6229034
 180429.5975861 183017.085031  180848.212289  189745.563671
 181802.976288  183461.6109978 183589.2195811 176870.4097654
 185058.9532687 183606.0052811 178688.4267724 178742.3767876
 180565.7592855 182971.431649  182370.8147544 179249.5855047
 180594.7337285 180126.9842315 181605.0275021 180552.7902399
 181726.7055023 181221.6034447 183146.6208007 175857.7498892
 182991.8604737 182257.5310964 182601.824124  187929.8191091
 184948.4888579 184816.1657207 180368.0066174 188063.2375077
 183697.3563547 181645.5174868 185595.1024234 186605.3275839
 182257.9939015 183528.979026  186880.9918353 183283.9746083
 180564.1708114 179681.9566072 181381.3987102 183614.1240333
 179838.9818289 186639.5747071 185583.007707  182287.4693381
 181210.6602372 188791.7630145 187317.2051516 183601.3072582]
Noised Result
[148256.71535746 204015.88934361 198310.63883634 171728.0293354
 202232.3113793  154218.22036662 213228.28799992 185695.31514591
 165285.81239921 207666.89971832 202651.96632212 207418.92478707
 164393.20170273 179021.35405317 162471.10773724 172792.8720535
 182172.7200621  202191.53314626 213485.68979552 194976.65717087
 121052.09974118 187398.93893229 183353.9134726  191074.41968044
 215515.1925103  191151.50209066 195417.04688704 229098.22237233
 244123.64170561 185540.41372969 153745.06370468 245589.73636676
 193962.68513353 166958.24870031 204409.1725087  201603.97992384
 175595.40015857 186717.14803295 234807.43922073 251062.68438392
 245496.3783387  214260.18968957 170224.15017065 155618.94696417
 206257.08998245 128917.21804096 233483.17866661 195827.94496826
 181713.67414143 256040.46070377 185783.46532902 162532.74778044
 197094.34172286 172647.29147123  87023.78321829 172731.03918584
 206503.48992796 243393.56998977 172991.01387349 127392.57779588
 177835.36457815 201899.89627047 150056.40307809 212728.57471938
 235514.43923446 164239.63165968 175836.58975582 175195.99368466
 140626.93358362 176180.01621414 191002.43900242 183629.29889163
 205258.91220187 155716.34555382 153622.03606895 168383.96321383
 180901.89893071 141343.87871287 241693.39386655 190427.9582925
 201238.43877026 244681.40356702 202272.2158929  137112.37120817
 203487.68377037 219987.43111639 161673.73539942 174163.53809046
 179470.23374651 213383.94689021 200201.36258766 123042.72071738
 198188.22673082 212420.17637009 134100.5287957  223062.06668057
 175427.27013051 181643.61306276 162872.32932282 192191.25885315]

The result for the 4th execution is
Time
3102.5440781116486
Query Result
[179514.7321302 179903.5442181 185323.3542347 182080.5568045
 181191.7914028 178661.9536281 175402.6952876 181615.932841
 181259.4418837 180383.0513004 181499.8987455 181485.6985156
 180485.3162475 190027.9520145 179375.3110937 182482.8301462
 185202.4406432 181824.8396843 179893.5535609 178377.0516638
 183628.1510771 178377.7889876 184900.7447741 183885.1651846
 185692.5434801 184302.5247758 179079.3020967 182277.2065437
 183411.7839229 181410.3368812 182160.852952  182478.7085682
 181830.7363211 184113.8232099 184251.6299477 179665.9021423
 181986.6663441 184997.8556777 178887.1733148 178684.4621036
 182436.0809989 177593.3384583 184235.3389408 182896.3494742
 177850.8201559 182240.4690079 184608.9716396 180507.6229034
 180429.5975861 183017.085031  180848.212289  189745.563671
 181802.976288  183461.6109978 183589.2195811 176870.4097654
 185058.9532687 183606.0052811 178688.4267724 178742.3767876
 180565.7592855 182971.431649  182370.8147544 179249.5855047
 180594.7337285 180126.9842315 181605.0275021 180552.7902399
 181726.7055023 181221.6034447 183146.6208007 175857.7498892
 182991.8604737 182257.5310964 182601.824124  187929.8191091
 184948.4888579 184816.1657207 180368.0066174 188063.2375077
 183697.3563547 181645.5174868 185595.1024234 186605.3275839
 182257.9939015 183528.979026  186880.9918353 183283.9746083
 180564.1708114 179681.9566072 181381.3987102 183614.1240333
 179838.9818289 186639.5747071 185583.007707  182287.4693381
 181210.6602372 188791.7630145 187317.2051516 183601.3072582]
Noised Result
[200601.66999946 213856.82656148 211341.95534154 120604.5792602
 169989.21108663 165976.39389719 160529.66664025 194353.73086235
 198116.76981572 216515.14925493 159254.89546922 185321.11687486
 252485.3615967  153210.13776409 218112.98514552 141383.57043022
 139899.26291505 114490.38304635 153509.18407382 170098.35298644
 199509.75030857 232138.74833247 163284.11582634 196916.78676516
 233829.31276118 250220.82591526 175850.73407825 135331.64847311
 140725.81087496 170994.61902451 224418.87660357 206540.66957006
 133811.10979157 119893.46473635 175129.8721933  110908.99648621
 170013.6165422  166220.37329835 248071.50321973 167630.46665926
 153012.74728719 141412.77211992 177834.35209699 134440.13662612
 138571.20722002 180269.01994092 172915.22755643 175826.13019449
 123746.14784926 212165.34205659 171950.91428615 242084.0647278
 187402.60634027 213998.4727063  132946.97338952 163481.39601952
 193538.43968754 189984.95634809 225672.45956722 215667.23508621
 192064.63806813 211286.95543008 166449.62478355 198275.12312543
 218250.72118451 179764.70979839 173779.31833941 162022.90878442
 206788.12889247 105216.78210476 159211.17839816 123843.41535108
  58927.90926752 143307.19522701 228351.35811161 240670.70377138
 157888.31543109 239033.18051967 185804.43105659 248307.46831123
 178416.64730632 171494.132072   170852.77485322 140457.8407147
 235437.96603188 264868.71074258 164963.81428872 242985.40784484
 164964.84587456 168287.675015   180073.72598438 147982.90689175
 211035.85488022 134875.03939311 105329.3919475  163100.50151113
 193292.87776797 193198.04373322 205792.80316794 155746.20363963]

The result for the 5th execution is
Time
3142.929526567459
Query Result
[179514.7321302 179903.5442181 185323.3542347 182080.5568045
 181191.7914028 178661.9536281 175402.6952876 181615.932841
 181259.4418837 180383.0513004 181499.8987455 181485.6985156
 180485.3162475 190027.9520145 179375.3110937 182482.8301462
 185202.4406432 181824.8396843 179893.5535609 178377.0516638
 183628.1510771 178377.7889876 184900.7447741 183885.1651846
 185692.5434801 184302.5247758 179079.3020967 182277.2065437
 183411.7839229 181410.3368812 182160.852952  182478.7085682
 181830.7363211 184113.8232099 184251.6299477 179665.9021423
 181986.6663441 184997.8556777 178887.1733148 178684.4621036
 182436.0809989 177593.3384583 184235.3389408 182896.3494742
 177850.8201559 182240.4690079 184608.9716396 180507.6229034
 180429.5975861 183017.085031  180848.212289  189745.563671
 181802.976288  183461.6109978 183589.2195811 176870.4097654
 185058.9532687 183606.0052811 178688.4267724 178742.3767876
 180565.7592855 182971.431649  182370.8147544 179249.5855047
 180594.7337285 180126.9842315 181605.0275021 180552.7902399
 181726.7055023 181221.6034447 183146.6208007 175857.7498892
 182991.8604737 182257.5310964 182601.824124  187929.8191091
 184948.4888579 184816.1657207 180368.0066174 188063.2375077
 183697.3563547 181645.5174868 185595.1024234 186605.3275839
 182257.9939015 183528.979026  186880.9918353 183283.9746083
 180564.1708114 179681.9566072 181381.3987102 183614.1240333
 179838.9818289 186639.5747071 185583.007707  182287.4693381
 181210.6602372 188791.7630145 187317.2051516 183601.3072582]
Noised Result
[163518.88479608 166331.08275451 164775.62920633 152596.87743129
 181851.7699629  190523.16281564 233295.23845471 231265.2866758
 192773.95424799 151465.86865079 190063.22530911 188270.52932059
  99498.66746707 111948.37595052 124218.65938523 149638.32561254
 246956.44804642 185547.55803085 263317.7833324  222570.66382487
 216787.23004585 235445.1801464  153943.17760196 172158.60106823
 143735.01369457 168532.72187453 208852.25325771 184351.24441049
 190129.6799552  211070.60223108 158990.78421507 140694.39631519
 227506.2572242  167595.49352226 165012.84147564 260273.45008792
 109295.59191623 145942.27046287 143112.43345454 195098.77497436
 148685.54258318 197210.83645297 201728.76681576 244589.93621321
 188020.4862805  176115.7990869  159854.82019188 171211.48860264
 127711.02424575 137770.00719833 181279.31789937 186714.09625797
 164070.39264831 219542.01023032 181752.92562182 157822.47179745
 213228.98862631 197902.15800807 161355.05619408 123290.31172209
 202858.1531418  226218.52795132 219133.65018951 150268.04275776
 210229.58811542 111224.48278137 250919.09900085 233331.61635811
 248688.93126425 120279.74554975 154510.33200559 150115.02424174
 223875.88145452 251261.27438134 253859.44953707 197230.66594858
 229180.29656885 196364.82615815 184834.1833436  219140.32010528
 185265.2376252  211086.95293003 205738.90297335 158303.32109393
 214682.69476731 185774.57666096 154961.34390946 189017.57226597
 156020.49425707 142861.24768867 141370.55864054  92035.33998108
 146408.24536117 214527.52324704 210664.49231869 230101.60922555
 157876.60562927 192143.57873045 230053.32134272 157220.08958313]

The result for the 6th execution is
Time
3098.8816092014313
Query Result
[179514.7321302 179903.5442181 185323.3542347 182080.5568045
 181191.7914028 178661.9536281 175402.6952876 181615.932841
 181259.4418837 180383.0513004 181499.8987455 181485.6985156
 180485.3162475 190027.9520145 179375.3110937 182482.8301462
 185202.4406432 181824.8396843 179893.5535609 178377.0516638
 183628.1510771 178377.7889876 184900.7447741 183885.1651846
 185692.5434801 184302.5247758 179079.3020967 182277.2065437
 183411.7839229 181410.3368812 182160.852952  182478.7085682
 181830.7363211 184113.8232099 184251.6299477 179665.9021423
 181986.6663441 184997.8556777 178887.1733148 178684.4621036
 182436.0809989 177593.3384583 184235.3389408 182896.3494742
 177850.8201559 182240.4690079 184608.9716396 180507.6229034
 180429.5975861 183017.085031  180848.212289  189745.563671
 181802.976288  183461.6109978 183589.2195811 176870.4097654
 185058.9532687 183606.0052811 178688.4267724 178742.3767876
 180565.7592855 182971.431649  182370.8147544 179249.5855047
 180594.7337285 180126.9842315 181605.0275021 180552.7902399
 181726.7055023 181221.6034447 183146.6208007 175857.7498892
 182991.8604737 182257.5310964 182601.824124  187929.8191091
 184948.4888579 184816.1657207 180368.0066174 188063.2375077
 183697.3563547 181645.5174868 185595.1024234 186605.3275839
 182257.9939015 183528.979026  186880.9918353 183283.9746083
 180564.1708114 179681.9566072 181381.3987102 183614.1240333
 179838.9818289 186639.5747071 185583.007707  182287.4693381
 181210.6602372 188791.7630145 187317.2051516 183601.3072582]
Noised Result
[158780.89323428 166044.25308181 195672.58614651 130564.6834333
 254025.31134626 237301.92416295 280119.7699029  207670.45490231
 187315.47106656 151788.01056173 237423.35263049 211552.04082701
 208481.77156708 204861.40762309 211765.54315939 189610.3560829
 138800.54650489 204554.0686954  197268.35444562 118612.08057201
 221911.94070415 200467.87011712 157277.79096888 166664.47014535
 166265.61909258 251486.68480644 159608.60444979 163759.31951471
 218747.34607246 268799.67392802 251989.58559122 215745.4680114
 228654.11235235 214567.9104703  129179.99700194 232338.95994104
 144167.29525809 174882.11128729 162738.44758105 182333.28634271
 220101.93745943 188108.72872731 183125.59320606 202250.35225159
 145511.61771599 210563.35577813 171365.15727685 229332.88119726
 190868.34681881 154302.9583209  209785.30504181 157445.66626129
 215683.57230942 155194.30840524 153042.23938762 213679.693991
 156451.20187325 206872.098266   222614.69831014  89788.14485392
 147532.75144913 187604.62663348 101434.57721978 164850.18954371
 232682.15631414 185883.313371   155705.3062763  171518.55061774
 249222.6987587  126167.14629027 193650.96191058 248361.09846829
 207354.40989388 155776.24396061 193847.751956   155930.97146488
 177907.94773489 200040.60705366 189140.15672533 230423.03733239
 180620.60571388 219048.64103829 129800.3962554  158465.04121514
 165372.53341684 176083.04129093 186351.15462549 160299.15087466
 168326.08680004 220451.4463697  210344.299609   228332.16497723
 168146.95109842 205954.38832837 179334.45987095 199754.16317281
 183001.32001727 174734.15358476 150799.08026897 213314.83545365]

The result for the 7th execution is
Time
3103.635822534561
Query Result
[179514.7321302 179903.5442181 185323.3542347 182080.5568045
 181191.7914028 178661.9536281 175402.6952876 181615.932841
 181259.4418837 180383.0513004 181499.8987455 181485.6985156
 180485.3162475 190027.9520145 179375.3110937 182482.8301462
 185202.4406432 181824.8396843 179893.5535609 178377.0516638
 183628.1510771 178377.7889876 184900.7447741 183885.1651846
 185692.5434801 184302.5247758 179079.3020967 182277.2065437
 183411.7839229 181410.3368812 182160.852952  182478.7085682
 181830.7363211 184113.8232099 184251.6299477 179665.9021423
 181986.6663441 184997.8556777 178887.1733148 178684.4621036
 182436.0809989 177593.3384583 184235.3389408 182896.3494742
 177850.8201559 182240.4690079 184608.9716396 180507.6229034
 180429.5975861 183017.085031  180848.212289  189745.563671
 181802.976288  183461.6109978 183589.2195811 176870.4097654
 185058.9532687 183606.0052811 178688.4267724 178742.3767876
 180565.7592855 182971.431649  182370.8147544 179249.5855047
 180594.7337285 180126.9842315 181605.0275021 180552.7902399
 181726.7055023 181221.6034447 183146.6208007 175857.7498892
 182991.8604737 182257.5310964 182601.824124  187929.8191091
 184948.4888579 184816.1657207 180368.0066174 188063.2375077
 183697.3563547 181645.5174868 185595.1024234 186605.3275839
 182257.9939015 183528.979026  186880.9918353 183283.9746083
 180564.1708114 179681.9566072 181381.3987102 183614.1240333
 179838.9818289 186639.5747071 185583.007707  182287.4693381
 181210.6602372 188791.7630145 187317.2051516 183601.3072582]
Noised Result
[175087.51276693 164755.24982129 257955.38749811 154752.80160623
 160428.41465709 204790.46708652 194230.5490298  193151.51787381
 217841.2483539  227795.08943755 191853.8001021  174421.39645062
 187429.09701176 182791.95671419 115358.12940894 212234.85057627
 178229.940268   153277.52881701 157577.45720507 183643.22791947
 176760.76683421 174817.64453914 189016.53397317 197784.29507335
 157539.02852303 184246.08597138 266702.39330824 160540.30311948
 146092.24568879 160234.96325989 221806.21988831 184258.84836412
 217324.95134901 187070.98776955 221313.13741069 108638.56337787
 181071.50430523 223726.08214261 144692.53130991 180838.10675974
 246078.03137047 107115.95525353 181277.96716569 173441.52833014
 149669.4308581  147571.7661566  211959.6098569  234355.27628938
 178889.49529677 190275.83980371 182106.73539482 230743.15099176
 215114.3987691  166030.79943125 241650.39273393 192455.37467128
 283094.49207716 172550.09960278 245969.66502036 163417.16827124
 231605.40177837 163452.79771884 144321.59029807 111117.77049194
 102077.43874215 138334.0495795  146855.96181028 194622.85051873
 214555.14452347 180561.28133576 112036.97990716 191519.3451951
 138981.42340855 178533.58638684 119964.84404166 231214.80293595
 200374.56688308 242417.41079217 175312.20481531 206512.00650935
 186014.80458009 228824.23499805 170926.85956882 196336.49939898
 224484.63921065 171393.93195656 211634.13159689 125974.76524707
 175977.17379599 256293.15009529 164939.5362254  201964.41459216
 198564.73260598 141319.61490685 117621.11370773 157502.88176815
 141145.36896156 194281.46183894 183546.55911084 170772.62330213]

The result for the 8th execution is
Time
3099.433540582657
Query Result
[179514.7321302 179903.5442181 185323.3542347 182080.5568045
 181191.7914028 178661.9536281 175402.6952876 181615.932841
 181259.4418837 180383.0513004 181499.8987455 181485.6985156
 180485.3162475 190027.9520145 179375.3110937 182482.8301462
 185202.4406432 181824.8396843 179893.5535609 178377.0516638
 183628.1510771 178377.7889876 184900.7447741 183885.1651846
 185692.5434801 184302.5247758 179079.3020967 182277.2065437
 183411.7839229 181410.3368812 182160.852952  182478.7085682
 181830.7363211 184113.8232099 184251.6299477 179665.9021423
 181986.6663441 184997.8556777 178887.1733148 178684.4621036
 182436.0809989 177593.3384583 184235.3389408 182896.3494742
 177850.8201559 182240.4690079 184608.9716396 180507.6229034
 180429.5975861 183017.085031  180848.212289  189745.563671
 181802.976288  183461.6109978 183589.2195811 176870.4097654
 185058.9532687 183606.0052811 178688.4267724 178742.3767876
 180565.7592855 182971.431649  182370.8147544 179249.5855047
 180594.7337285 180126.9842315 181605.0275021 180552.7902399
 181726.7055023 181221.6034447 183146.6208007 175857.7498892
 182991.8604737 182257.5310964 182601.824124  187929.8191091
 184948.4888579 184816.1657207 180368.0066174 188063.2375077
 183697.3563547 181645.5174868 185595.1024234 186605.3275839
 182257.9939015 183528.979026  186880.9918353 183283.9746083
 180564.1708114 179681.9566072 181381.3987102 183614.1240333
 179838.9818289 186639.5747071 185583.007707  182287.4693381
 181210.6602372 188791.7630145 187317.2051516 183601.3072582]
Noised Result
[160066.38034004 140660.78838864 144824.91138055 157124.94237941
 179354.09420323 166249.06584614 160958.75418323 172096.52395781
 147394.46516823 193719.81506133 137441.92411798 178855.04667218
 160439.39725161 175228.61856408 169185.15490896 189665.22245557
 244337.667998   154370.31504255 172996.5310886  201712.86072564
 222727.69657945 182289.08075566 190658.35896528 173371.75149759
 240429.97415318 227376.8010533  154412.35349232 224357.45999746
 220833.19844216 154960.53859374 207629.28151229 189421.92175167
 183937.30338437 159476.81519843 128254.92413968 115361.93897396
 144775.1383201  166417.28900173 149825.65877197 153683.18508733
 157596.53752201 198581.94360447 175695.14363634 227269.15294174
  95890.73686016 237029.11466725 140975.07141709 245788.10487274
 137757.89755327 242391.22587215 185844.96899186 170697.82505007
 188818.25422701 146672.29291927 262764.91068923 171574.29208273
 199356.57167939 175887.63115969 196760.77934014 184701.26036726
 206118.85856948 183019.003717   136589.17539892 228615.51703053
 241721.95224027 196494.06741375 212558.87130171 238284.96191701
 132898.5857828  164520.20301879 214815.25920283 173251.26116769
 223201.38935847 168924.59852312 200383.66856883 207369.96359143
 178442.31140072 155785.54567379 181616.74527933 150331.36194811
 192465.00356672 197789.53286269 209867.93977536 169943.58838263
 263582.85525586 252526.66313792 227193.79569414 148608.34767188
 137786.81322861 185303.33156839 188151.03119093 170058.26381307
  86609.03097764 168474.58091027 184852.44005161 178382.3385416
 109641.96874805 163380.7342722  205659.9482774  128378.46602864]

The result for the 9th execution is
Time
3139.869080066681
Query Result
[179514.7321302 179903.5442181 185323.3542347 182080.5568045
 181191.7914028 178661.9536281 175402.6952876 181615.932841
 181259.4418837 180383.0513004 181499.8987455 181485.6985156
 180485.3162475 190027.9520145 179375.3110937 182482.8301462
 185202.4406432 181824.8396843 179893.5535609 178377.0516638
 183628.1510771 178377.7889876 184900.7447741 183885.1651846
 185692.5434801 184302.5247758 179079.3020967 182277.2065437
 183411.7839229 181410.3368812 182160.852952  182478.7085682
 181830.7363211 184113.8232099 184251.6299477 179665.9021423
 181986.6663441 184997.8556777 178887.1733148 178684.4621036
 182436.0809989 177593.3384583 184235.3389408 182896.3494742
 177850.8201559 182240.4690079 184608.9716396 180507.6229034
 180429.5975861 183017.085031  180848.212289  189745.563671
 181802.976288  183461.6109978 183589.2195811 176870.4097654
 185058.9532687 183606.0052811 178688.4267724 178742.3767876
 180565.7592855 182971.431649  182370.8147544 179249.5855047
 180594.7337285 180126.9842315 181605.0275021 180552.7902399
 181726.7055023 181221.6034447 183146.6208007 175857.7498892
 182991.8604737 182257.5310964 182601.824124  187929.8191091
 184948.4888579 184816.1657207 180368.0066174 188063.2375077
 183697.3563547 181645.5174868 185595.1024234 186605.3275839
 182257.9939015 183528.979026  186880.9918353 183283.9746083
 180564.1708114 179681.9566072 181381.3987102 183614.1240333
 179838.9818289 186639.5747071 185583.007707  182287.4693381
 181210.6602372 188791.7630145 187317.2051516 183601.3072582]
Noised Result
[278380.36469056 130546.52387415 243074.14406768 184553.2175873
 185445.42589939 140807.87808129 189486.26657927 189335.42891921
 154611.31921227 142921.84165209 193851.00874534 198273.63158651
 174850.92075893 175007.5750889  156029.44441337 169023.63482424
 184906.77314218 145299.60784332 168093.63733439 162510.69474141
 148273.64549037 143770.2049335  194893.46859803 235143.69281553
 206905.15998612 138370.08594636 152125.27229437 149638.03948461
 176776.34464087 184336.93939106 215948.01087659 139047.42383406
 262529.17396529 187061.11070312 233256.7266115  135534.57977522
 124388.3071829  161457.63102756  81444.36478712 203774.05179191
 124038.23606704 220842.62442063 203626.76159953 114951.10849001
 142187.3497488  194183.99011636  81627.39240182 236147.24485689
 202484.75279102 207366.15185944 186766.92275496 176512.9331738
 175752.94581031 182095.10962901 182989.50374135 190587.50198036
 212011.852407   192073.30264992 198884.0875954  139501.68065549
 209645.4823531  164811.90809081 168435.34852692 188204.8829605
 206446.97530767 201928.35002013 198600.26449907 111067.31671559
 201344.36344558 147282.21572355 158004.71287385 179908.84190958
 143902.06599995 219393.77315443 180579.78350364 227500.72993453
 203437.12414169 145802.27180127 150093.09965827 237206.6210611
 156743.01264413 140227.3124372  216788.99726925 152055.51424983
 199244.9995517  142502.18854452 155582.3998377  167825.90756919
 191453.2656028  174043.86946512 178589.04399966 205946.65270239
 215317.66571544 228953.1454847  227853.68487388 164662.00410124
 232018.14936545 208245.91299306 231326.20980017 113523.19125858]

The result for the 10th execution is
Time
3098.9995613098145
Query Result
[179514.7321302 179903.5442181 185323.3542347 182080.5568045
 181191.7914028 178661.9536281 175402.6952876 181615.932841
 181259.4418837 180383.0513004 181499.8987455 181485.6985156
 180485.3162475 190027.9520145 179375.3110937 182482.8301462
 185202.4406432 181824.8396843 179893.5535609 178377.0516638
 183628.1510771 178377.7889876 184900.7447741 183885.1651846
 185692.5434801 184302.5247758 179079.3020967 182277.2065437
 183411.7839229 181410.3368812 182160.852952  182478.7085682
 181830.7363211 184113.8232099 184251.6299477 179665.9021423
 181986.6663441 184997.8556777 178887.1733148 178684.4621036
 182436.0809989 177593.3384583 184235.3389408 182896.3494742
 177850.8201559 182240.4690079 184608.9716396 180507.6229034
 180429.5975861 183017.085031  180848.212289  189745.563671
 181802.976288  183461.6109978 183589.2195811 176870.4097654
 185058.9532687 183606.0052811 178688.4267724 178742.3767876
 180565.7592855 182971.431649  182370.8147544 179249.5855047
 180594.7337285 180126.9842315 181605.0275021 180552.7902399
 181726.7055023 181221.6034447 183146.6208007 175857.7498892
 182991.8604737 182257.5310964 182601.824124  187929.8191091
 184948.4888579 184816.1657207 180368.0066174 188063.2375077
 183697.3563547 181645.5174868 185595.1024234 186605.3275839
 182257.9939015 183528.979026  186880.9918353 183283.9746083
 180564.1708114 179681.9566072 181381.3987102 183614.1240333
 179838.9818289 186639.5747071 185583.007707  182287.4693381
 181210.6602372 188791.7630145 187317.2051516 183601.3072582]
Noised Result
[192580.45168397 210982.70525221 232959.80387561 160342.08945237
 175051.26258184 158369.69375159 203775.64063392 198352.38153971
 200958.94688756 144825.96888084 203135.88370497 170717.61600057
 236702.08406921 214413.24301803 180547.95976348 190191.68963867
 231431.60948831 213068.16245766 125329.51491571 135737.91720036
 215008.89332314 192504.86384799 211955.79760923 179451.31530755
 147753.87706017 278428.8422824  166662.59584764 141788.1930691
 194287.21786159 186603.7446255  202146.68702371 143918.34789984
 182093.72474428 196549.25529089 199756.81552225 187018.45071867
 141065.61021585 157022.78392642 192778.63222042 107324.75855703
 247037.48301936 172971.26354573 277002.35875633 242235.09618696
 157525.85557999 218924.44423728 210983.89837203 189690.64989081
 178106.41745418 236661.04736818 167276.86386841 208974.71539537
 186450.54592819 203543.99296307 205650.02126019 204226.25600345
 232564.96062617 208542.25533598 168963.08287188 126232.30584093
 128730.19246271 197184.86601352 181690.64501127 153583.83306442
 146394.71839921 196572.18991891 216056.53157847 191766.30576828
 189993.48882174 119613.58482894 203409.56171282 134745.33775416
 203301.32126625 127859.56222544 207809.92157657 207627.05092344
 180645.15319173 140447.78003648  81254.63853998 166217.62305267
 168060.29428699 170513.61671755 204488.51646136 170203.51270519
 161458.50565722 171866.80583277 167538.08822113 237941.9271333
 212344.44614466 225404.40737028 164852.57108158 213010.31290348
 158653.30832439 203034.12338634 210763.18748859 137684.07901724
 155430.57056213 166077.47500321 123286.20310489 165455.51721089]

The result for the 11th execution is
Time
3099.501731157303
Query Result
[179514.7321302 179903.5442181 185323.3542347 182080.5568045
 181191.7914028 178661.9536281 175402.6952876 181615.932841
 181259.4418837 180383.0513004 181499.8987455 181485.6985156
 180485.3162475 190027.9520145 179375.3110937 182482.8301462
 185202.4406432 181824.8396843 179893.5535609 178377.0516638
 183628.1510771 178377.7889876 184900.7447741 183885.1651846
 185692.5434801 184302.5247758 179079.3020967 182277.2065437
 183411.7839229 181410.3368812 182160.852952  182478.7085682
 181830.7363211 184113.8232099 184251.6299477 179665.9021423
 181986.6663441 184997.8556777 178887.1733148 178684.4621036
 182436.0809989 177593.3384583 184235.3389408 182896.3494742
 177850.8201559 182240.4690079 184608.9716396 180507.6229034
 180429.5975861 183017.085031  180848.212289  189745.563671
 181802.976288  183461.6109978 183589.2195811 176870.4097654
 185058.9532687 183606.0052811 178688.4267724 178742.3767876
 180565.7592855 182971.431649  182370.8147544 179249.5855047
 180594.7337285 180126.9842315 181605.0275021 180552.7902399
 181726.7055023 181221.6034447 183146.6208007 175857.7498892
 182991.8604737 182257.5310964 182601.824124  187929.8191091
 184948.4888579 184816.1657207 180368.0066174 188063.2375077
 183697.3563547 181645.5174868 185595.1024234 186605.3275839
 182257.9939015 183528.979026  186880.9918353 183283.9746083
 180564.1708114 179681.9566072 181381.3987102 183614.1240333
 179838.9818289 186639.5747071 185583.007707  182287.4693381
 181210.6602372 188791.7630145 187317.2051516 183601.3072582]
Noised Result
[174415.1276597  177010.28560052 165203.37436629 128973.45027475
 201165.02576749 184461.14009923 197403.35416055 129589.68645687
 181749.50806285 177273.06455311 211871.7453733  104682.42006086
 188572.94615357  94368.23151576 205044.28229906 137584.92531054
 221103.11356286 159813.89752724 167258.37025022 149363.52822457
 225454.36828774 264671.90027546 222534.35991514 184982.34878071
 259841.85373057 205674.10413865 141522.46175308 164648.36090812
 111435.09206587 184025.56706337 174416.89144246 177901.48433541
 229808.9457613  231279.51790093 184118.20568919 139381.95784568
  88553.83590615 219922.4791911  181319.84128566 154411.26123041
 158409.04040958 163490.26993625 228888.24142294 226891.92665877
 168970.8951938  165617.13846546 182900.56754884 162817.99167519
 193872.42072367 234426.76607988 225690.45323914 157772.72454165
 158423.45556428 162376.9775986  170980.37725072 201196.37998055
 149574.02998152 223332.32025231 219759.86346826 153878.57993354
 183028.96992713 267771.75910354 194658.3904394  176239.41168325
 276773.89482621 154368.88454049 122278.21082469  79627.96976433
  98612.11934978 215365.37037285 212558.26166697 165692.05230307
 153439.56937768 155975.80352295 102949.40600982 180497.92395823
 141823.97850318 207489.61296166 153459.93822503 114533.84517817
 215213.96856155 193473.05863644 224095.45137371 119196.29627334
 178487.53932718 222015.24162475 158468.05262595 171431.39188914
 117178.23248375 180591.52609453 133867.71623735 162802.93430397
 202086.14524909 220365.99149859 190654.0340029  173274.8048616
 174840.82404058 147937.21437453 162269.92083321 154512.83361583]

The result for the 12th execution is
Time
3147.3497495651245
Query Result
[179514.7321302 179903.5442181 185323.3542347 182080.5568045
 181191.7914028 178661.9536281 175402.6952876 181615.932841
 181259.4418837 180383.0513004 181499.8987455 181485.6985156
 180485.3162475 190027.9520145 179375.3110937 182482.8301462
 185202.4406432 181824.8396843 179893.5535609 178377.0516638
 183628.1510771 178377.7889876 184900.7447741 183885.1651846
 185692.5434801 184302.5247758 179079.3020967 182277.2065437
 183411.7839229 181410.3368812 182160.852952  182478.7085682
 181830.7363211 184113.8232099 184251.6299477 179665.9021423
 181986.6663441 184997.8556777 178887.1733148 178684.4621036
 182436.0809989 177593.3384583 184235.3389408 182896.3494742
 177850.8201559 182240.4690079 184608.9716396 180507.6229034
 180429.5975861 183017.085031  180848.212289  189745.563671
 181802.976288  183461.6109978 183589.2195811 176870.4097654
 185058.9532687 183606.0052811 178688.4267724 178742.3767876
 180565.7592855 182971.431649  182370.8147544 179249.5855047
 180594.7337285 180126.9842315 181605.0275021 180552.7902399
 181726.7055023 181221.6034447 183146.6208007 175857.7498892
 182991.8604737 182257.5310964 182601.824124  187929.8191091
 184948.4888579 184816.1657207 180368.0066174 188063.2375077
 183697.3563547 181645.5174868 185595.1024234 186605.3275839
 182257.9939015 183528.979026  186880.9918353 183283.9746083
 180564.1708114 179681.9566072 181381.3987102 183614.1240333
 179838.9818289 186639.5747071 185583.007707  182287.4693381
 181210.6602372 188791.7630145 187317.2051516 183601.3072582]
Noised Result
[216030.0187372  176266.95567709 172249.74413113 215727.89341816
 156051.88788127 151442.67090215 175999.58142219 156138.35761812
 143108.78235369 216277.13336925 179625.29251192 200431.4009176
 110737.21315087 175455.19837468 198378.10591048 172361.61560843
 189339.97898666 128365.87516601 168210.8527072  146763.10008733
 181242.89349919 237308.26944277 186351.31080749 152073.61048906
 192358.25615134 140107.88768001 199135.36883965 171661.06602741
 215656.43858134 164545.15121217 231314.566792   104179.42915812
 229680.4832439  200623.94417476 130618.8403977  205608.76960359
 179192.13112679 240318.67971754 243470.79324991 179907.29090722
 197268.30266919 145777.05304631 288116.37011051 210746.84629468
 182755.48646313 171984.92135937 126112.86148549 174119.83677256
 226767.8175376  196313.98978019 209935.89697941 243974.60476252
 121159.20615582 109390.60525604 142619.34269697 199482.75918918
 201834.65777154 218345.33735032 171714.46203105 138172.04549219
 182898.78419406 180695.33662561 149312.79451903 223310.85224061
 155015.73993452 171463.67636417 176744.25522038 187937.30602089
  96574.94847662 200261.98583841 192778.91841925 191230.01787207
 167176.90521949 104088.27450089 185468.85596299 258872.81745389
 176031.44114564 203971.84057473 270761.92613    146872.68968457
 107022.19609422 193788.0893808  132234.15875221 229838.27507987
 185437.03449878 152884.63650414 172345.26334521 124842.64622293
 228775.60001527 209522.168392   214270.2506147  184194.00756
 212373.90245352 190907.96933321 149059.03646217 163807.2472771
 204122.86168456 217958.64034689 249857.86972597 167248.01988097]

The result for the 13th execution is
Time
3116.7696285247803
Query Result
[179514.7321302 179903.5442181 185323.3542347 182080.5568045
 181191.7914028 178661.9536281 175402.6952876 181615.932841
 181259.4418837 180383.0513004 181499.8987455 181485.6985156
 180485.3162475 190027.9520145 179375.3110937 182482.8301462
 185202.4406432 181824.8396843 179893.5535609 178377.0516638
 183628.1510771 178377.7889876 184900.7447741 183885.1651846
 185692.5434801 184302.5247758 179079.3020967 182277.2065437
 183411.7839229 181410.3368812 182160.852952  182478.7085682
 181830.7363211 184113.8232099 184251.6299477 179665.9021423
 181986.6663441 184997.8556777 178887.1733148 178684.4621036
 182436.0809989 177593.3384583 184235.3389408 182896.3494742
 177850.8201559 182240.4690079 184608.9716396 180507.6229034
 180429.5975861 183017.085031  180848.212289  189745.563671
 181802.976288  183461.6109978 183589.2195811 176870.4097654
 185058.9532687 183606.0052811 178688.4267724 178742.3767876
 180565.7592855 182971.431649  182370.8147544 179249.5855047
 180594.7337285 180126.9842315 181605.0275021 180552.7902399
 181726.7055023 181221.6034447 183146.6208007 175857.7498892
 182991.8604737 182257.5310964 182601.824124  187929.8191091
 184948.4888579 184816.1657207 180368.0066174 188063.2375077
 183697.3563547 181645.5174868 185595.1024234 186605.3275839
 182257.9939015 183528.979026  186880.9918353 183283.9746083
 180564.1708114 179681.9566072 181381.3987102 183614.1240333
 179838.9818289 186639.5747071 185583.007707  182287.4693381
 181210.6602372 188791.7630145 187317.2051516 183601.3072582]
Noised Result
[214076.26300331 152041.47879843 136986.15804806 109061.94697767
 181051.04989946 201345.81066193 226145.64834834 100046.61833283
 201713.37942786 163947.99582218 228053.19981237 140186.17528686
 180330.02748962 159479.91491491 188744.09665398 157374.92907897
 225489.58765265 204678.28323194 207684.14755213 152402.18605426
 206066.41929025 153361.12595219 176607.0441175  158390.09873592
 197611.0522886  157603.5189997  164479.97738028 197838.43433521
 155030.44884291 162409.64342826 198252.84005661 134010.90695296
 186888.91499762 199948.71007823 166606.58150549 123514.065052
 160281.47688468 132175.28632583 181174.63651733 226733.04813087
 202085.56860748 190166.91833378 201563.31051533 167174.28195596
 160653.19007696 177883.26410152 162056.31819782 189288.53086954
 131888.6476168  178635.85543756 170934.34986263 166935.22846322
 123932.12310082 162535.47251164 178399.00019252 188282.07400039
 194553.10300988 216816.00300311 215803.07829987 133283.94911751
 181576.52040005 193730.67386429 163250.17025084 154786.86332043
 135063.51450629 219727.39081303 190644.76340967 195820.74766535
 182370.53579728 169523.16110126 197946.35675015 167682.80948569
 200531.24463852 129367.93129595 173128.16056185 254084.53128025
 184914.79773452 168978.55049322 156609.13527616 164804.49858022
 187062.115426   171847.82202636 145812.13068079 131806.35363825
 121518.65786069 151782.75458336 200579.26915708 179402.17465116
 195942.22298509 175246.84093515 241753.8144309  171165.24384887
 163450.60416652 130264.97241527 143305.6872736  160862.50710624
 128923.29469862 188377.21594211 164042.24636372 167158.32991508]

The result for the 14th execution is
Time
2646.157719373703
Query Result
[179514.7321302 179903.5442181 185323.3542347 182080.5568045
 181191.7914028 178661.9536281 175402.6952876 181615.932841
 181259.4418837 180383.0513004 181499.8987455 181485.6985156
 180485.3162475 190027.9520145 179375.3110937 182482.8301462
 185202.4406432 181824.8396843 179893.5535609 178377.0516638
 183628.1510771 178377.7889876 184900.7447741 183885.1651846
 185692.5434801 184302.5247758 179079.3020967 182277.2065437
 183411.7839229 181410.3368812 182160.852952  182478.7085682
 181830.7363211 184113.8232099 184251.6299477 179665.9021423
 181986.6663441 184997.8556777 178887.1733148 178684.4621036
 182436.0809989 177593.3384583 184235.3389408 182896.3494742
 177850.8201559 182240.4690079 184608.9716396 180507.6229034
 180429.5975861 183017.085031  180848.212289  189745.563671
 181802.976288  183461.6109978 183589.2195811 176870.4097654
 185058.9532687 183606.0052811 178688.4267724 178742.3767876
 180565.7592855 182971.431649  182370.8147544 179249.5855047
 180594.7337285 180126.9842315 181605.0275021 180552.7902399
 181726.7055023 181221.6034447 183146.6208007 175857.7498892
 182991.8604737 182257.5310964 182601.824124  187929.8191091
 184948.4888579 184816.1657207 180368.0066174 188063.2375077
 183697.3563547 181645.5174868 185595.1024234 186605.3275839
 182257.9939015 183528.979026  186880.9918353 183283.9746083
 180564.1708114 179681.9566072 181381.3987102 183614.1240333
 179838.9818289 186639.5747071 185583.007707  182287.4693381
 181210.6602372 188791.7630145 187317.2051516 183601.3072582]
Noised Result
[243814.35687604 133526.78988611 180308.37254845 132031.16796961
 148766.69258859 172716.17774402 135473.62417051 108578.57328161
 215513.74305107 162391.06427844 211774.5492792  187113.96056487
 183461.39651979 174983.50654758 138074.0434304  159925.92007913
 246725.80547292 121620.54770092 172728.05408891 171057.44160819
 150889.14644248 181155.87995185 168508.42847845 198427.68183176
 141670.06752161 185001.38610785 138609.05304521 209781.772585
 282543.37946009 116803.67417972 199123.36121935 179259.74776405
 108554.76824751 177386.00679182 189199.60357698 182209.23865224
 201840.36764336 149483.85517392 143003.35640709 202115.31651458
 139143.06133352 156164.28277581 260851.29117545 219821.53226914
 217671.39205372 158423.06657669 173256.39408388 179613.2237232
 171208.02772476 202081.71013488 182941.82258802 200859.27808457
 190123.52626311 127231.94487425 175734.63215517 237096.37841372
 168778.86769577 188087.41953539 193517.70028459 185665.56287208
 225557.05543881 182551.64441583 211552.66478383 149831.51950082
 179962.61938504 187982.38344627 199361.17963194 236015.89728011
 159201.35953327 178114.58157787 211465.85099461 169893.433226
 148043.67214669 188041.52771817 205652.3157901  146595.48096489
 150097.59573126 217921.33944879 167666.50692624 220395.25017224
 196982.87648832 135891.40356619 196283.82266524 192863.85933979
 241821.23556329 151840.72216894 147559.10153654 191730.93017131
 216155.12862734 175975.52572048 202896.53110658 221527.10383514
 164813.44620181 169732.17799544 204586.31205431 191529.39121011
 179076.10153687 193682.60589273 204260.30117432 199257.94664938]

The result for the 15th execution is
Time
3134.781294107437
Query Result
[179514.7321302 179903.5442181 185323.3542347 182080.5568045
 181191.7914028 178661.9536281 175402.6952876 181615.932841
 181259.4418837 180383.0513004 181499.8987455 181485.6985156
 180485.3162475 190027.9520145 179375.3110937 182482.8301462
 185202.4406432 181824.8396843 179893.5535609 178377.0516638
 183628.1510771 178377.7889876 184900.7447741 183885.1651846
 185692.5434801 184302.5247758 179079.3020967 182277.2065437
 183411.7839229 181410.3368812 182160.852952  182478.7085682
 181830.7363211 184113.8232099 184251.6299477 179665.9021423
 181986.6663441 184997.8556777 178887.1733148 178684.4621036
 182436.0809989 177593.3384583 184235.3389408 182896.3494742
 177850.8201559 182240.4690079 184608.9716396 180507.6229034
 180429.5975861 183017.085031  180848.212289  189745.563671
 181802.976288  183461.6109978 183589.2195811 176870.4097654
 185058.9532687 183606.0052811 178688.4267724 178742.3767876
 180565.7592855 182971.431649  182370.8147544 179249.5855047
 180594.7337285 180126.9842315 181605.0275021 180552.7902399
 181726.7055023 181221.6034447 183146.6208007 175857.7498892
 182991.8604737 182257.5310964 182601.824124  187929.8191091
 184948.4888579 184816.1657207 180368.0066174 188063.2375077
 183697.3563547 181645.5174868 185595.1024234 186605.3275839
 182257.9939015 183528.979026  186880.9918353 183283.9746083
 180564.1708114 179681.9566072 181381.3987102 183614.1240333
 179838.9818289 186639.5747071 185583.007707  182287.4693381
 181210.6602372 188791.7630145 187317.2051516 183601.3072582]
Noised Result
[181041.45116721 231390.70715156 184037.52191327 151487.137484
 182554.12760571 193703.56126419 132101.94475296 191004.48926775
 241976.74706375 181930.08126544 214136.81456195 204248.08253744
 196428.24784391 208945.87290408 176942.82462464 121092.3191423
 148501.48688012 112872.15491084 171976.61730027 141617.04645544
 124037.98215945 198375.07840138 103705.84213521 169301.19024735
 155924.85861347 237822.26059135 192371.17567078 177167.21407127
 110997.53848176 168522.54347792 218193.7292925  198547.88184201
 124451.96302996 219184.48443482 190114.01257474 151729.58572343
 160688.51267843 243591.07001038 116166.94257032 204520.65133418
 162804.35222275 222814.36205267 206136.13314728 209502.52737545
 186787.81684786 125023.352003   189941.99612909 218942.63511121
 163257.01745927 174439.63907661 197611.57411342 179434.31532719
 236277.80673542 182124.20725198 162914.71001735 198833.17825022
 208842.21110456 178966.93425646 136015.98438274 197980.38943936
 267918.02814499 161971.19261035 194665.35015066 153578.91148468
 154687.37408146 174414.49429909 206265.3031009  201917.12776303
 197798.67444758 162572.45125192 158183.21165001 166949.39536902
 220051.32974565 165651.97486199 137172.67050581 221779.22647529
 183696.97034239 137073.34100108 207254.696153   193176.72008625
 227995.79843988 213804.64560598 229750.93633796 163931.18308938
 267086.21001321 196671.01816729 188953.4592192  159826.89872848
 142259.5022034  176810.09020808 109082.23048673 232616.57210003
 179162.11154731 239748.36140582 149717.2434073  131951.75839991
 164305.94378624 200315.98354408 139241.18774124 232384.22201616]

The result for the 16th execution is
Time
3115.130611896515
Query Result
[179514.7321302 179903.5442181 185323.3542347 182080.5568045
 181191.7914028 178661.9536281 175402.6952876 181615.932841
 181259.4418837 180383.0513004 181499.8987455 181485.6985156
 180485.3162475 190027.9520145 179375.3110937 182482.8301462
 185202.4406432 181824.8396843 179893.5535609 178377.0516638
 183628.1510771 178377.7889876 184900.7447741 183885.1651846
 185692.5434801 184302.5247758 179079.3020967 182277.2065437
 183411.7839229 181410.3368812 182160.852952  182478.7085682
 181830.7363211 184113.8232099 184251.6299477 179665.9021423
 181986.6663441 184997.8556777 178887.1733148 178684.4621036
 182436.0809989 177593.3384583 184235.3389408 182896.3494742
 177850.8201559 182240.4690079 184608.9716396 180507.6229034
 180429.5975861 183017.085031  180848.212289  189745.563671
 181802.976288  183461.6109978 183589.2195811 176870.4097654
 185058.9532687 183606.0052811 178688.4267724 178742.3767876
 180565.7592855 182971.431649  182370.8147544 179249.5855047
 180594.7337285 180126.9842315 181605.0275021 180552.7902399
 181726.7055023 181221.6034447 183146.6208007 175857.7498892
 182991.8604737 182257.5310964 182601.824124  187929.8191091
 184948.4888579 184816.1657207 180368.0066174 188063.2375077
 183697.3563547 181645.5174868 185595.1024234 186605.3275839
 182257.9939015 183528.979026  186880.9918353 183283.9746083
 180564.1708114 179681.9566072 181381.3987102 183614.1240333
 179838.9818289 186639.5747071 185583.007707  182287.4693381
 181210.6602372 188791.7630145 187317.2051516 183601.3072582]
Noised Result
[199475.50737101 154881.2136591  187705.32721159 177450.01697667
 168080.55725349 143473.16465267 152026.59739253 160426.41206258
 149448.9270881  167605.60018724 164724.70771908 160313.08812665
 204699.36595015 175588.90571635 203939.68507041 157486.91348523
 188965.39673411 125181.77986673  72361.60150117 141072.03498709
 183287.89616484 263205.50788483 207440.00792329 138030.55288873
 184990.80692306 177408.22872901 203473.23062118 171203.76310304
 192846.26857371 234178.88063281 141778.28691461 213393.49548889
 159704.62575798 218754.28337657  97609.44096558 122843.65103103
 153685.13781809 148117.47027209 165667.31859405 271644.08647957
 216797.42591293 197511.03499529 189272.0272396  230599.27605417
 167843.51371031 103195.10235885 227865.23405555 144047.78413156
 191004.69013977 196936.15233065 203023.18971485 202951.18394745
 194947.6587566  196137.2904031  165133.49536432 202164.42658938
 137470.82446868 212660.63219775 142370.58056523 165851.9740894
 127356.50878428 175317.22852485 203840.93755353 122081.45735182
 144797.79369163 154308.45632302 211357.9158818  177459.95664642
 166293.48042577 128145.34553623 138638.74857473 160281.2221056
 177715.83153627 195751.44617267 203567.35564001 180759.11084496
 198596.01676228 202650.32123333 186175.19802957 219798.62263353
 224487.88785689 194682.68333238 169747.8423915  197203.73642118
 183183.26912816 168359.07998464 197014.38795631 160239.49290121
 101993.32240675 123538.45321116 145579.65733445 172562.04692828
 131922.45173795 139417.89113932 147684.90513775 205952.51540291
 138460.81816886 171192.26202143 203075.09006219 114555.65072078]

The result for the 17th execution is
Time
3193.1616744995117
Query Result
[179514.7321302 179903.5442181 185323.3542347 182080.5568045
 181191.7914028 178661.9536281 175402.6952876 181615.932841
 181259.4418837 180383.0513004 181499.8987455 181485.6985156
 180485.3162475 190027.9520145 179375.3110937 182482.8301462
 185202.4406432 181824.8396843 179893.5535609 178377.0516638
 183628.1510771 178377.7889876 184900.7447741 183885.1651846
 185692.5434801 184302.5247758 179079.3020967 182277.2065437
 183411.7839229 181410.3368812 182160.852952  182478.7085682
 181830.7363211 184113.8232099 184251.6299477 179665.9021423
 181986.6663441 184997.8556777 178887.1733148 178684.4621036
 182436.0809989 177593.3384583 184235.3389408 182896.3494742
 177850.8201559 182240.4690079 184608.9716396 180507.6229034
 180429.5975861 183017.085031  180848.212289  189745.563671
 181802.976288  183461.6109978 183589.2195811 176870.4097654
 185058.9532687 183606.0052811 178688.4267724 178742.3767876
 180565.7592855 182971.431649  182370.8147544 179249.5855047
 180594.7337285 180126.9842315 181605.0275021 180552.7902399
 181726.7055023 181221.6034447 183146.6208007 175857.7498892
 182991.8604737 182257.5310964 182601.824124  187929.8191091
 184948.4888579 184816.1657207 180368.0066174 188063.2375077
 183697.3563547 181645.5174868 185595.1024234 186605.3275839
 182257.9939015 183528.979026  186880.9918353 183283.9746083
 180564.1708114 179681.9566072 181381.3987102 183614.1240333
 179838.9818289 186639.5747071 185583.007707  182287.4693381
 181210.6602372 188791.7630145 187317.2051516 183601.3072582]
Noised Result
[  26471.01513675  179282.0091402    24988.486641    263001.35176968
  236477.62160002  407567.41842984  113675.26426586   50462.086573
  371214.06024093 -121457.05036249   11889.35490755  287931.21057191
  405008.48967628 -101059.37332243  198533.83392227  211996.24436496
   97454.37479442  331268.33130309  370053.05475458   91683.50523258
  300022.42114313  191483.34235757  175440.30696892  272683.42181045
  391537.45611103  224352.7201252   408306.24637578  351578.67351341
   64497.44880745  -55978.59363009  -13177.86021721  355461.21898076
  141305.34582402  226370.26454975  110510.9283857   226579.52931504
  219613.407737    297926.03567606   22021.70738801   18459.86072106
  175021.58829425  113209.08914501  158261.22033379    8754.13533846
  137768.89650894  203270.24958228   50646.10518787  143710.82393748
    4018.93644059  117837.06030639  208313.23610158  206067.15078429
  449861.80995136  408192.84570755  124430.57036092  150674.95569829
  304190.09284991  301309.21113835   51880.48244368  217203.35434087
  170861.50766335  123035.87651034  183887.72987774   59824.41788652
  101810.04851564  155522.3533649   142472.44641071   75035.66191306
  -17125.67501991 -120671.78951176   98844.75594347  138489.84470493
 -152977.15493423 -110078.39456184  114179.89573179   14032.25437528
  175671.27714996  -91931.00972038  314676.87247725   33016.62435936
   53517.26512422  447736.19546375  115640.8548369   117205.28079647
  168354.42097151   61869.38771085  279853.37982336  -75093.04535636
  149876.42037332  156879.86359811  -22030.27723201  227811.73181959
  -46729.29318744  170291.53383289  186913.58305976  189522.18479738
   64790.55955431  232848.68155145  279320.89433318  285431.78902436]

The result for the 18th execution is
Time
3128.0454688072205
Query Result
[179514.7321302 179903.5442181 185323.3542347 182080.5568045
 181191.7914028 178661.9536281 175402.6952876 181615.932841
 181259.4418837 180383.0513004 181499.8987455 181485.6985156
 180485.3162475 190027.9520145 179375.3110937 182482.8301462
 185202.4406432 181824.8396843 179893.5535609 178377.0516638
 183628.1510771 178377.7889876 184900.7447741 183885.1651846
 185692.5434801 184302.5247758 179079.3020967 182277.2065437
 183411.7839229 181410.3368812 182160.852952  182478.7085682
 181830.7363211 184113.8232099 184251.6299477 179665.9021423
 181986.6663441 184997.8556777 178887.1733148 178684.4621036
 182436.0809989 177593.3384583 184235.3389408 182896.3494742
 177850.8201559 182240.4690079 184608.9716396 180507.6229034
 180429.5975861 183017.085031  180848.212289  189745.563671
 181802.976288  183461.6109978 183589.2195811 176870.4097654
 185058.9532687 183606.0052811 178688.4267724 178742.3767876
 180565.7592855 182971.431649  182370.8147544 179249.5855047
 180594.7337285 180126.9842315 181605.0275021 180552.7902399
 181726.7055023 181221.6034447 183146.6208007 175857.7498892
 182991.8604737 182257.5310964 182601.824124  187929.8191091
 184948.4888579 184816.1657207 180368.0066174 188063.2375077
 183697.3563547 181645.5174868 185595.1024234 186605.3275839
 182257.9939015 183528.979026  186880.9918353 183283.9746083
 180564.1708114 179681.9566072 181381.3987102 183614.1240333
 179838.9818289 186639.5747071 185583.007707  182287.4693381
 181210.6602372 188791.7630145 187317.2051516 183601.3072582]
Noised Result
[228122.24609421 139672.67024361 212251.21842896 137865.80702078
 183142.21197804 162935.72253293 174934.27977929 201912.74247469
 207853.73399284 188394.92531182 224718.19462897 221859.03493884
 193687.50069818 200859.12392915 309691.33144737 184710.13656345
 204703.58043449 157511.64256412 184599.86633789 168929.95483197
 191067.46474403 135760.02357529 180332.86887111 136896.74942281
 147263.2777691   71786.67297251 128314.87294267 170933.82895722
 218417.99458392 158057.68185902 118826.38685211 202994.71163765
 205747.98910073 190528.50822544 167608.81003053 215003.57848681
 176007.6183179  182411.82110617 139835.75129148 166778.78321015
 162436.22848454 138679.63794408 234912.70840535 130015.46300892
 174221.10786595 129571.65675519 127888.82654593 127744.72392773
 164111.71030971 161972.05162359 216248.07979008 216939.7902045
 183362.31843183 216251.44145539 223543.14567739 160352.51587602
 165988.40368387 191656.26292982 169982.33104369 213246.62359622
 179605.75770452 204109.9620186  213292.45027207 220755.05797937
 203327.21325272 177211.42853116 173989.41883947 249530.03971434
 209910.25773378 171509.47534338 183849.329342   168657.16832841
 247813.86047466 156633.7529179  203324.13361597 189196.40942233
 146807.49950277 159994.0050467  165398.49840943 201131.72416464
 238214.36288301 155506.92642572 205614.24919729 220371.70398659
 166470.89919053 181410.85162173 179822.95238137 143786.03406471
 175738.2708231  188738.94629802 191482.88487356 139929.57471857
 188440.56955962 186968.68603289 218459.4274125  146657.71065189
 212672.23321699 198338.87931355 196619.28436103 250668.63069093]

The result for the 19th execution is
Time
3163.9086439609528
Query Result
[179514.7321302 179903.5442181 185323.3542347 182080.5568045
 181191.7914028 178661.9536281 175402.6952876 181615.932841
 181259.4418837 180383.0513004 181499.8987455 181485.6985156
 180485.3162475 190027.9520145 179375.3110937 182482.8301462
 185202.4406432 181824.8396843 179893.5535609 178377.0516638
 183628.1510771 178377.7889876 184900.7447741 183885.1651846
 185692.5434801 184302.5247758 179079.3020967 182277.2065437
 183411.7839229 181410.3368812 182160.852952  182478.7085682
 181830.7363211 184113.8232099 184251.6299477 179665.9021423
 181986.6663441 184997.8556777 178887.1733148 178684.4621036
 182436.0809989 177593.3384583 184235.3389408 182896.3494742
 177850.8201559 182240.4690079 184608.9716396 180507.6229034
 180429.5975861 183017.085031  180848.212289  189745.563671
 181802.976288  183461.6109978 183589.2195811 176870.4097654
 185058.9532687 183606.0052811 178688.4267724 178742.3767876
 180565.7592855 182971.431649  182370.8147544 179249.5855047
 180594.7337285 180126.9842315 181605.0275021 180552.7902399
 181726.7055023 181221.6034447 183146.6208007 175857.7498892
 182991.8604737 182257.5310964 182601.824124  187929.8191091
 184948.4888579 184816.1657207 180368.0066174 188063.2375077
 183697.3563547 181645.5174868 185595.1024234 186605.3275839
 182257.9939015 183528.979026  186880.9918353 183283.9746083
 180564.1708114 179681.9566072 181381.3987102 183614.1240333
 179838.9818289 186639.5747071 185583.007707  182287.4693381
 181210.6602372 188791.7630145 187317.2051516 183601.3072582]
Noised Result
[157123.80312071 192648.61815898 270710.08448154 192927.5938865
 206121.37783194 175484.54820855 151649.52492013 141768.32322972
 193859.47853172 168935.74695172 201995.14310718 242654.19123256
 207321.335813   141742.92794175 185450.40951088 200599.60142498
 163122.88434079 145502.74260345 163181.98656277 208607.57639364
 209761.92697687 163709.07162091 174254.77897885 196716.93135491
 197492.14772224 169708.89275376 150222.68407442 126105.02541273
 207265.13638475 201766.36931096 204088.01712355 184954.25605487
 163343.36815643 129376.20933543 186592.93920172 190172.03334412
 208693.88759765 185253.14068283 193178.68035166 191146.20084527
 193413.32628036 225284.44041078 186224.87343243 181695.91082474
 193819.46374084 183352.69594401 264988.62559241 171108.75318986
 196350.4473959  178798.32020982 169927.21279237 201486.38013298
 172871.22338817 168799.53897735 205442.29727194 146519.37246803
 163751.57230046 210960.13785297 193009.76245152 188243.94651702
 162780.9504097  224708.52143655 199259.24116671 156141.01411869
 190292.19670111 166360.36367789 126657.35495303 179486.17569198
 237758.78010122 205883.06497989 236132.39205268 144478.59322037
 188690.68601579 182956.47561632 190367.04014841 163368.06683295
 192775.01826553 192013.19620422 175680.77238646 173486.31749093
 190847.721744   191449.75749292 132709.67520901 191169.13088729
 204289.70947956 194711.44885684 201730.28288951 182066.12144147
 162698.38830834 222331.24043984 204702.93377987 131325.10744447
 209560.14593602 181982.14838893 228252.40584771 124530.83957835
 231498.98746759 168280.41446117 176675.22173913 155503.50116165]

