The result for the 0th execution is
Query Result
[179548.47876879922, 173692.8307689999, 181162.7211505001, 177537.91148940026, 182672.73217350012, 184050.43179989958, 192221.1742263999, 180161.0127170001, 184595.89418089992, 181886.43176260023, 177403.79400239963, 179485.97567020013, 197435.0393124005, 183850.48039949947, 186234.2655901006, 179933.7018455003, 189701.71062629984, 185778.58261840016, 177707.66206859963, 176223.97706790085, 176641.2527401004, 182960.04339840036, 188862.00150829973, 178515.2381655003, 181540.0469697997, 190997.6970017003, 171503.72613650037, 184034.5683685001, 176566.02306689988, 187458.05803490005, 188663.5340712994, 182608.22268719954, 177795.18865330002, 185309.0627528991, 175203.4685537003, 186429.80305989954, 177190.1644188998, 188963.8573485006, 188029.23378039995, 185375.24086110044, 183624.06691090038, 185324.20804499937, 177971.02309670014, 180421.90912949966, 187017.9379382004, 170931.81259019996, 180407.65511779953, 182866.2016724, 184290.51150879986, 181026.1546174995, 173382.3571484999, 179785.5541863005, 183905.21310760005, 175777.0736791994, 188578.39182040052, 183006.54526469955, 180534.26159659997, 181259.0015332001, 178345.25707520026, 170087.7865875006, 183008.2385305998, 181883.4357223998, 177271.99627190043, 185611.46819809964, 178356.81558230013, 182738.09946429962, 178043.8845748, 175680.19806329886, 187381.6287294003, 183743.34603529953, 182058.56508479943, 179409.84429689992, 188017.31704920036, 172824.55936440016, 181322.53435760044, 183990.2356191001, 188796.7299496997, 180366.0924417001, 181271.53253130006, 183010.63369200053, 182606.41761909993, 180970.11354800043, 173766.48001929963, 173505.49121750036, 194376.79710489968, 174048.59932100042, 182198.64795829944, 175378.8404447003, 166812.16193930016, 186312.68381350022, 187006.50278989965, 181211.94613949987, 197797.6367100006, 175284.44437850022, 182965.5447918999, 184280.6068097998, 188016.46477740043, 187823.94820229945, 181266.92740719998, 187760.43040810036]
Noised Result
[178845.97994806 174325.74241143 182169.28014841 177379.55048073
 183019.42135919 184947.7312351  192244.35195089 180745.86476654
 184687.70691781 181319.61947108 177298.65106282 177730.93632311
 197708.21574955 183067.1677987  186782.69526341 180249.00610237
 188755.42185399 184599.7668515  178365.91928829 175629.32675034
 175571.25512375 180422.96994656 188944.99814275 178750.22204643
 181279.01192326 193029.54503158 170991.8940515  185157.66534496
 177362.99532708 186762.3789349  189315.0851713  183663.33682392
 177409.28087897 184479.05670455 176740.07886282 186320.77635994
 176556.87190409 188595.85903316 186207.1279929  184265.5576562
 184600.60470612 185837.85690762 177661.38474917 180456.3594916
 186762.75949554 170829.68735217 182344.43403401 184438.7440786
 184247.95948515 182705.30091181 172241.54232832 179527.9127357
 184398.41091349 175866.62126459 187311.27384858 182667.9678595
 180806.41521882 180969.11782087 177635.11363122 171507.40392051
 181681.09582246 182058.93151815 178537.25843671 185616.03138659
 179935.88452306 182882.30414022 176137.35021827 176346.8804196
 185611.85477911 184280.72837392 180528.23546301 180878.87100567
 190428.14516097 171898.00418647 181233.97822997 184075.054345
 188169.03226178 180769.66613655 180976.71978243 183366.31250365
 181416.06714546 181880.32940267 174182.73848895 174323.14566404
 193648.02029926 172607.6505629  181086.3811581  176722.56566571
 168068.50766765 184444.97877553 185348.40821314 181286.34563075
 196445.32657346 176489.00858635 182106.13702209 185331.43818914
 188413.73694749 187833.90790191 180816.03113478 187243.27906562]

Time
8.184048414230347
The result for the 1th execution is
Query Result
[179548.47876879922, 173692.8307689999, 181162.7211505001, 177537.91148940026, 182672.73217350012, 184050.43179989958, 192221.1742263999, 180161.0127170001, 184595.89418089992, 181886.43176260023, 177403.79400239963, 179485.97567020013, 197435.0393124005, 183850.48039949947, 186234.2655901006, 179933.7018455003, 189701.71062629984, 185778.58261840016, 177707.66206859963, 176223.97706790085, 176641.2527401004, 182960.04339840036, 188862.00150829973, 178515.2381655003, 181540.0469697997, 190997.6970017003, 171503.72613650037, 184034.5683685001, 176566.02306689988, 187458.05803490005, 188663.5340712994, 182608.22268719954, 177795.18865330002, 185309.0627528991, 175203.4685537003, 186429.80305989954, 177190.1644188998, 188963.8573485006, 188029.23378039995, 185375.24086110044, 183624.06691090038, 185324.20804499937, 177971.02309670014, 180421.90912949966, 187017.9379382004, 170931.81259019996, 180407.65511779953, 182866.2016724, 184290.51150879986, 181026.1546174995, 173382.3571484999, 179785.5541863005, 183905.21310760005, 175777.0736791994, 188578.39182040052, 183006.54526469955, 180534.26159659997, 181259.0015332001, 178345.25707520026, 170087.7865875006, 183008.2385305998, 181883.4357223998, 177271.99627190043, 185611.46819809964, 178356.81558230013, 182738.09946429962, 178043.8845748, 175680.19806329886, 187381.6287294003, 183743.34603529953, 182058.56508479943, 179409.84429689992, 188017.31704920036, 172824.55936440016, 181322.53435760044, 183990.2356191001, 188796.7299496997, 180366.0924417001, 181271.53253130006, 183010.63369200053, 182606.41761909993, 180970.11354800043, 173766.48001929963, 173505.49121750036, 194376.79710489968, 174048.59932100042, 182198.64795829944, 175378.8404447003, 166812.16193930016, 186312.68381350022, 187006.50278989965, 181211.94613949987, 197797.6367100006, 175284.44437850022, 182965.5447918999, 184280.6068097998, 188016.46477740043, 187823.94820229945, 181266.92740719998, 187760.43040810036]
Noised Result
[179192.79433634 175148.32329778 180300.14217557 177701.47003257
 182630.96935956 184874.62599517 191049.05846002 179623.84993147
 184016.59422137 181339.76604135 178488.93091768 180016.49141908
 197055.52449744 182459.43272305 186951.53267675 180443.36965152
 189869.020721   187251.62224946 179315.38807086 176804.79029772
 177242.86673485 182397.25967616 188825.81977215 179006.23186882
 182284.89813945 191506.82574643 171766.73675893 184416.23405312
 178090.86121607 185866.58257886 188030.54814112 183784.64838674
 177194.08986794 183244.47379127 175298.96065338 186136.3036224
 177022.79563859 187866.58266591 187904.76184809 185032.2007481
 183250.136485   186337.07935631 178582.79420914 182461.33001218
 187966.41494656 170701.06968355 180910.62361412 182528.03387116
 184716.50762523 181569.19422282 172245.50462788 179779.47560391
 182837.22642402 174317.14652692 189562.79380996 183097.64755321
 180813.0926623  181354.27414563 176716.78693003 168271.42770949
 183156.74636043 181439.61805834 175980.9587621  186461.10050609
 178866.99492583 182325.94563313 178800.20752444 174890.37792755
 187066.0224341  184229.35245459 181694.24431165 179089.73643815
 189948.63873592 173318.01390345 180948.53471368 185367.76772065
 189337.37604949 180681.80871885 179594.31407635 182708.77089234
 182656.99275748 182633.55975399 173210.83785013 172612.24401319
 195523.11499462 174569.29004846 181505.52712967 173223.03887018
 167757.08445553 187065.65664302 189188.64047671 181736.91554846
 197611.80269991 174896.6205643  180436.11025386 183529.28214909
 188196.24165792 187821.19722545 181418.59972596 188461.71594518]

Time
8.71104907989502
The result for the 2th execution is
Query Result
[179548.47876879922, 173692.8307689999, 181162.7211505001, 177537.91148940026, 182672.73217350012, 184050.43179989958, 192221.1742263999, 180161.0127170001, 184595.89418089992, 181886.43176260023, 177403.79400239963, 179485.97567020013, 197435.0393124005, 183850.48039949947, 186234.2655901006, 179933.7018455003, 189701.71062629984, 185778.58261840016, 177707.66206859963, 176223.97706790085, 176641.2527401004, 182960.04339840036, 188862.00150829973, 178515.2381655003, 181540.0469697997, 190997.6970017003, 171503.72613650037, 184034.5683685001, 176566.02306689988, 187458.05803490005, 188663.5340712994, 182608.22268719954, 177795.18865330002, 185309.0627528991, 175203.4685537003, 186429.80305989954, 177190.1644188998, 188963.8573485006, 188029.23378039995, 185375.24086110044, 183624.06691090038, 185324.20804499937, 177971.02309670014, 180421.90912949966, 187017.9379382004, 170931.81259019996, 180407.65511779953, 182866.2016724, 184290.51150879986, 181026.1546174995, 173382.3571484999, 179785.5541863005, 183905.21310760005, 175777.0736791994, 188578.39182040052, 183006.54526469955, 180534.26159659997, 181259.0015332001, 178345.25707520026, 170087.7865875006, 183008.2385305998, 181883.4357223998, 177271.99627190043, 185611.46819809964, 178356.81558230013, 182738.09946429962, 178043.8845748, 175680.19806329886, 187381.6287294003, 183743.34603529953, 182058.56508479943, 179409.84429689992, 188017.31704920036, 172824.55936440016, 181322.53435760044, 183990.2356191001, 188796.7299496997, 180366.0924417001, 181271.53253130006, 183010.63369200053, 182606.41761909993, 180970.11354800043, 173766.48001929963, 173505.49121750036, 194376.79710489968, 174048.59932100042, 182198.64795829944, 175378.8404447003, 166812.16193930016, 186312.68381350022, 187006.50278989965, 181211.94613949987, 197797.6367100006, 175284.44437850022, 182965.5447918999, 184280.6068097998, 188016.46477740043, 187823.94820229945, 181266.92740719998, 187760.43040810036]
Noised Result
[179033.99503359 174702.23537763 180737.86627664 177704.64618522
 181827.32968641 184534.09629289 192058.72446709 179727.36175681
 184924.29725195 182037.74521886 178295.07997387 178844.18668873
 195595.07445386 182544.80388383 186625.6995313  181550.21657184
 189490.45889184 185203.71522016 177601.32634101 174355.07833668
 177528.0548791  183152.65976476 188506.68600149 178165.9605777
 182550.37268107 191921.40032752 171305.84548294 184628.75974311
 176108.8156489  188093.85588015 188987.20039669 181601.47082665
 178653.06600827 185040.18338109 175676.05186982 187073.66842221
 177289.53662599 188470.61472505 188388.36592433 185228.93070952
 184000.87093704 185094.38076615 176464.36412292 180792.7273738
 185245.19213709 171861.74989439 180222.6616746  183957.03548341
 182118.38467904 181475.92773052 172982.17629311 179476.2207558
 184024.78937209 175125.10720601 188598.24749414 182385.2422474
 180506.08248527 181298.22683563 177995.67834713 170697.28578515
 184552.35542701 180516.90022126 175639.44977741 184917.23522323
 176288.09859393 184768.2491885  177951.75039242 175696.61212504
 188278.61484532 183215.85997047 183761.4292984  180233.66807585
 188828.07794027 172332.55919931 182244.42617253 182404.79752094
 189331.87249166 181157.04509356 181481.95781787 181269.11001011
 184493.24117487 182357.80145805 172696.76521368 172704.1694297
 194723.77541611 173621.64556673 182306.00356803 174813.23984044
 167715.07098198 184851.46581173 187913.9539996  181613.24177718
 197026.1166019  175755.48772691 183525.86153694 183370.57539285
 187204.6584746  187284.45488771 182745.15273647 188282.75268576]

Time
7.895893096923828
The result for the 3th execution is
Query Result
[179548.47876879922, 173692.8307689999, 181162.7211505001, 177537.91148940026, 182672.73217350012, 184050.43179989958, 192221.1742263999, 180161.0127170001, 184595.89418089992, 181886.43176260023, 177403.79400239963, 179485.97567020013, 197435.0393124005, 183850.48039949947, 186234.2655901006, 179933.7018455003, 189701.71062629984, 185778.58261840016, 177707.66206859963, 176223.97706790085, 176641.2527401004, 182960.04339840036, 188862.00150829973, 178515.2381655003, 181540.0469697997, 190997.6970017003, 171503.72613650037, 184034.5683685001, 176566.02306689988, 187458.05803490005, 188663.5340712994, 182608.22268719954, 177795.18865330002, 185309.0627528991, 175203.4685537003, 186429.80305989954, 177190.1644188998, 188963.8573485006, 188029.23378039995, 185375.24086110044, 183624.06691090038, 185324.20804499937, 177971.02309670014, 180421.90912949966, 187017.9379382004, 170931.81259019996, 180407.65511779953, 182866.2016724, 184290.51150879986, 181026.1546174995, 173382.3571484999, 179785.5541863005, 183905.21310760005, 175777.0736791994, 188578.39182040052, 183006.54526469955, 180534.26159659997, 181259.0015332001, 178345.25707520026, 170087.7865875006, 183008.2385305998, 181883.4357223998, 177271.99627190043, 185611.46819809964, 178356.81558230013, 182738.09946429962, 178043.8845748, 175680.19806329886, 187381.6287294003, 183743.34603529953, 182058.56508479943, 179409.84429689992, 188017.31704920036, 172824.55936440016, 181322.53435760044, 183990.2356191001, 188796.7299496997, 180366.0924417001, 181271.53253130006, 183010.63369200053, 182606.41761909993, 180970.11354800043, 173766.48001929963, 173505.49121750036, 194376.79710489968, 174048.59932100042, 182198.64795829944, 175378.8404447003, 166812.16193930016, 186312.68381350022, 187006.50278989965, 181211.94613949987, 197797.6367100006, 175284.44437850022, 182965.5447918999, 184280.6068097998, 188016.46477740043, 187823.94820229945, 181266.92740719998, 187760.43040810036]
Noised Result
[179286.81056581 173270.52514214 181810.9659201  177067.90000646
 184564.45785075 182421.68615768 193095.30771941 180507.77958838
 182887.29724198 182089.43091022 178342.1372504  178948.95267817
 196283.47519958 185700.11111549 185706.72578481 179279.07548917
 190449.7655502  183789.73521714 177189.18943447 176948.12775742
 176847.446934   182161.56974248 189443.92244024 177833.30318957
 181748.51866294 192073.10402059 170331.87606222 184790.54227339
 176965.43979289 187028.3573817  186669.6582299  182547.65404168
 178361.31398574 186747.27615347 172652.14997019 185494.93280792
 176944.45067069 189869.40773299 186145.20913677 186855.31587893
 183774.39592379 185538.43070109 177992.32370546 179987.8500061
 187666.55724739 171347.79873171 179567.51226017 182107.16519186
 183364.77114849 181047.24196175 174715.24617734 179417.72448723
 183613.50536316 175331.48535639 188810.08772575 182763.96367518
 180810.05595562 181847.36535801 177338.91378976 171063.23426891
 183218.16480901 182694.72917122 178076.93892409 186753.25520036
 177143.07153234 182261.02612318 178778.44270873 174863.24616483
 187127.44205192 183219.97025295 180991.32617436 179642.42690254
 187779.6261613  174282.75592592 181864.74735553 183247.76953677
 187301.70231265 180335.77953189 182807.27559842 181921.35962271
 181494.86105406 179011.82880531 172611.37523853 174584.2307329
 196291.95991349 173740.99730221 182359.62664755 175408.63466192
 166750.74972489 186022.23114139 186927.52856163 182349.20712336
 198933.77919355 174499.56987755 182124.88892525 184696.80987756
 188136.23843344 187832.98446224 181235.801998   188382.91573633]

Time
8.928225755691528
The result for the 4th execution is
Query Result
[179548.47876879922, 173692.8307689999, 181162.7211505001, 177537.91148940026, 182672.73217350012, 184050.43179989958, 192221.1742263999, 180161.0127170001, 184595.89418089992, 181886.43176260023, 177403.79400239963, 179485.97567020013, 197435.0393124005, 183850.48039949947, 186234.2655901006, 179933.7018455003, 189701.71062629984, 185778.58261840016, 177707.66206859963, 176223.97706790085, 176641.2527401004, 182960.04339840036, 188862.00150829973, 178515.2381655003, 181540.0469697997, 190997.6970017003, 171503.72613650037, 184034.5683685001, 176566.02306689988, 187458.05803490005, 188663.5340712994, 182608.22268719954, 177795.18865330002, 185309.0627528991, 175203.4685537003, 186429.80305989954, 177190.1644188998, 188963.8573485006, 188029.23378039995, 185375.24086110044, 183624.06691090038, 185324.20804499937, 177971.02309670014, 180421.90912949966, 187017.9379382004, 170931.81259019996, 180407.65511779953, 182866.2016724, 184290.51150879986, 181026.1546174995, 173382.3571484999, 179785.5541863005, 183905.21310760005, 175777.0736791994, 188578.39182040052, 183006.54526469955, 180534.26159659997, 181259.0015332001, 178345.25707520026, 170087.7865875006, 183008.2385305998, 181883.4357223998, 177271.99627190043, 185611.46819809964, 178356.81558230013, 182738.09946429962, 178043.8845748, 175680.19806329886, 187381.6287294003, 183743.34603529953, 182058.56508479943, 179409.84429689992, 188017.31704920036, 172824.55936440016, 181322.53435760044, 183990.2356191001, 188796.7299496997, 180366.0924417001, 181271.53253130006, 183010.63369200053, 182606.41761909993, 180970.11354800043, 173766.48001929963, 173505.49121750036, 194376.79710489968, 174048.59932100042, 182198.64795829944, 175378.8404447003, 166812.16193930016, 186312.68381350022, 187006.50278989965, 181211.94613949987, 197797.6367100006, 175284.44437850022, 182965.5447918999, 184280.6068097998, 188016.46477740043, 187823.94820229945, 181266.92740719998, 187760.43040810036]
Noised Result
[180144.3233638  173392.45302328 180645.28346443 178522.39218886
 184130.38197246 183859.22472693 192500.27886327 180222.41602179
 185122.27700364 181443.80631762 177541.5158302  179698.4744039
 197600.62773034 184544.38937007 185676.17680241 179336.79388604
 190173.05649746 185263.89117898 176650.97683187 177150.38936783
 176062.22868486 183437.2836204  188217.75846464 179193.44039103
 180913.64358754 190719.26149531 170412.74145628 184197.60517018
 176861.54443949 186643.18662831 188625.23132091 181699.36350416
 178959.10547485 183999.98242745 174996.30387802 187234.99722481
 177484.29930601 190632.03097675 187364.13140289 183673.30772967
 182718.00491839 184399.6240272  178730.45026284 180160.0027658
 187810.90003689 171274.53488668 180391.32584665 182663.9065805
 184854.43906021 180301.07367629 174018.86536    179822.46711111
 184635.88754227 176684.62567552 189939.90537631 183594.72541969
 179938.09015173 180876.3988823  180205.16742032 171343.06745266
 181948.83621305 181574.91882556 177480.37071188 185674.27119356
 177624.05966447 183225.19995862 177271.05299628 176623.83144198
 187311.29180611 183168.45389135 181758.25929193 179468.04038516
 188344.77974838 172251.26911626 180720.16234002 184792.16362968
 186543.6965155  179952.71137308 181277.63966434 182071.42427204
 183283.51417791 180417.18209425 173180.1029269  172202.860664
 193803.14489695 175986.1418576  181527.50278272 175224.66731834
 166529.0473399  186615.1477542  187573.88629003 179889.15185994
 197399.48454607 174697.38820884 182873.77459866 185046.96542846
 186546.03832009 186551.21781249 181379.11046468 188301.00453008]

Time
8.391700744628906
The result for the 5th execution is
Query Result
[179548.47876879922, 173692.8307689999, 181162.7211505001, 177537.91148940026, 182672.73217350012, 184050.43179989958, 192221.1742263999, 180161.0127170001, 184595.89418089992, 181886.43176260023, 177403.79400239963, 179485.97567020013, 197435.0393124005, 183850.48039949947, 186234.2655901006, 179933.7018455003, 189701.71062629984, 185778.58261840016, 177707.66206859963, 176223.97706790085, 176641.2527401004, 182960.04339840036, 188862.00150829973, 178515.2381655003, 181540.0469697997, 190997.6970017003, 171503.72613650037, 184034.5683685001, 176566.02306689988, 187458.05803490005, 188663.5340712994, 182608.22268719954, 177795.18865330002, 185309.0627528991, 175203.4685537003, 186429.80305989954, 177190.1644188998, 188963.8573485006, 188029.23378039995, 185375.24086110044, 183624.06691090038, 185324.20804499937, 177971.02309670014, 180421.90912949966, 187017.9379382004, 170931.81259019996, 180407.65511779953, 182866.2016724, 184290.51150879986, 181026.1546174995, 173382.3571484999, 179785.5541863005, 183905.21310760005, 175777.0736791994, 188578.39182040052, 183006.54526469955, 180534.26159659997, 181259.0015332001, 178345.25707520026, 170087.7865875006, 183008.2385305998, 181883.4357223998, 177271.99627190043, 185611.46819809964, 178356.81558230013, 182738.09946429962, 178043.8845748, 175680.19806329886, 187381.6287294003, 183743.34603529953, 182058.56508479943, 179409.84429689992, 188017.31704920036, 172824.55936440016, 181322.53435760044, 183990.2356191001, 188796.7299496997, 180366.0924417001, 181271.53253130006, 183010.63369200053, 182606.41761909993, 180970.11354800043, 173766.48001929963, 173505.49121750036, 194376.79710489968, 174048.59932100042, 182198.64795829944, 175378.8404447003, 166812.16193930016, 186312.68381350022, 187006.50278989965, 181211.94613949987, 197797.6367100006, 175284.44437850022, 182965.5447918999, 184280.6068097998, 188016.46477740043, 187823.94820229945, 181266.92740719998, 187760.43040810036]
Noised Result
[179597.54838684 174288.29801993 180579.43045453 177885.66317374
 183297.70341165 182832.9077659  192395.62838625 178699.88280229
 186111.75068801 180370.91095664 177614.4145478  179280.4881701
 198113.19162882 184477.07949555 184777.61322861 180646.73841937
 189619.19934343 186172.40640368 177377.83454458 176436.24210801
 175297.93376178 182188.81801578 189786.77572175 176560.34387823
 182539.19136715 190415.74794358 171905.33052571 184295.55779949
 178220.19413331 186401.21339355 187534.39351563 181858.91401344
 177153.53312886 186216.31902507 175795.31615577 185654.4607972
 176888.4904075  188903.18842442 189015.67293683 184440.54378036
 182595.57463601 185941.75669901 177565.74526861 179724.47154808
 188231.87765916 170458.59486    179913.35815256 182578.41295589
 184021.47670582 180890.22699698 173584.03072996 179734.98150824
 184780.91355261 175823.79085281 188275.59021572 183232.33088174
 181330.02929835 182324.63971826 179071.2755011  170724.26310598
 180767.99544783 183522.33817619 177999.53723909 184654.83001288
 179250.95512678 181887.91703967 177648.7084148  176243.01195791
 186387.24145861 185151.37322248 183664.42532309 179499.7823299
 188328.57160296 173767.2216971  182696.7922336  184959.73711387
 189852.04734795 181734.36743752 181193.76235953 184393.44162164
 184710.35334063 181306.39361834 175784.64117876 174119.6228703
 194609.29103277 172202.19126394 182416.0435089  174768.78334745
 166590.83974234 187183.24582997 188099.18590834 180420.46171816
 198476.58944336 174108.55573669 182801.44156382 184686.4819058
 187166.21416587 187629.06670934 180039.27257479 188348.94744833]

Time
9.759809017181396
The result for the 6th execution is
Query Result
[179548.47876879922, 173692.8307689999, 181162.7211505001, 177537.91148940026, 182672.73217350012, 184050.43179989958, 192221.1742263999, 180161.0127170001, 184595.89418089992, 181886.43176260023, 177403.79400239963, 179485.97567020013, 197435.0393124005, 183850.48039949947, 186234.2655901006, 179933.7018455003, 189701.71062629984, 185778.58261840016, 177707.66206859963, 176223.97706790085, 176641.2527401004, 182960.04339840036, 188862.00150829973, 178515.2381655003, 181540.0469697997, 190997.6970017003, 171503.72613650037, 184034.5683685001, 176566.02306689988, 187458.05803490005, 188663.5340712994, 182608.22268719954, 177795.18865330002, 185309.0627528991, 175203.4685537003, 186429.80305989954, 177190.1644188998, 188963.8573485006, 188029.23378039995, 185375.24086110044, 183624.06691090038, 185324.20804499937, 177971.02309670014, 180421.90912949966, 187017.9379382004, 170931.81259019996, 180407.65511779953, 182866.2016724, 184290.51150879986, 181026.1546174995, 173382.3571484999, 179785.5541863005, 183905.21310760005, 175777.0736791994, 188578.39182040052, 183006.54526469955, 180534.26159659997, 181259.0015332001, 178345.25707520026, 170087.7865875006, 183008.2385305998, 181883.4357223998, 177271.99627190043, 185611.46819809964, 178356.81558230013, 182738.09946429962, 178043.8845748, 175680.19806329886, 187381.6287294003, 183743.34603529953, 182058.56508479943, 179409.84429689992, 188017.31704920036, 172824.55936440016, 181322.53435760044, 183990.2356191001, 188796.7299496997, 180366.0924417001, 181271.53253130006, 183010.63369200053, 182606.41761909993, 180970.11354800043, 173766.48001929963, 173505.49121750036, 194376.79710489968, 174048.59932100042, 182198.64795829944, 175378.8404447003, 166812.16193930016, 186312.68381350022, 187006.50278989965, 181211.94613949987, 197797.6367100006, 175284.44437850022, 182965.5447918999, 184280.6068097998, 188016.46477740043, 187823.94820229945, 181266.92740719998, 187760.43040810036]
Noised Result
[178532.16110691 172638.31931574 183062.09857148 179235.04210266
 183127.17525973 183604.26255766 191735.31037877 181122.97113973
 185406.93096342 182700.62454562 177718.73153616 179092.11959252
 196057.78713654 183283.90953715 187193.88340736 179335.95585841
 190399.8188072  184076.01920848 179273.75040902 176445.88226785
 175612.13352684 182470.85480199 188149.15987911 180384.74779903
 182093.74313387 191472.6532005  170766.99588374 184313.11375054
 177940.00766426 186946.87816387 188625.31881373 183732.41548256
 176399.94605327 184801.44475092 175216.33250935 186539.20220924
 176121.85907909 189911.38031069 188016.95049505 185754.23149302
 183989.92932669 184402.39697131 177188.6206486  179458.45689543
 186238.33643804 171304.46627182 179695.23318464 182236.12483713
 183885.78028175 181430.37104078 173378.6930095  178901.02435394
 182707.50854486 175385.77985114 188854.05378584 181948.95499296
 179822.40428751 180444.51079954 178295.85630673 171269.51297106
 181866.62096574 183741.82911107 178839.63824013 185086.47827191
 178474.6290782  183808.1945901  177985.09131114 176375.28452905
 188035.22294372 182848.47727383 182585.34005297 179028.38060302
 187178.06440382 172832.2500182  181056.85899446 184123.75771069
 188462.00943974 179525.09942486 180514.52604265 182337.34324263
 182178.56351386 179992.97085697 173436.55140225 172883.12046753
 193901.26624717 174370.97689529 184087.0867543  175237.22025774
 168119.09075862 186932.64864274 187425.6816699  182449.34302238
 194633.47769787 175712.15179459 183962.00714168 183052.15147487
 188459.69315566 188323.29686954 180880.12380172 188458.72277885]

Time
8.093963384628296
The result for the 7th execution is
Query Result
[179548.47876879922, 173692.8307689999, 181162.7211505001, 177537.91148940026, 182672.73217350012, 184050.43179989958, 192221.1742263999, 180161.0127170001, 184595.89418089992, 181886.43176260023, 177403.79400239963, 179485.97567020013, 197435.0393124005, 183850.48039949947, 186234.2655901006, 179933.7018455003, 189701.71062629984, 185778.58261840016, 177707.66206859963, 176223.97706790085, 176641.2527401004, 182960.04339840036, 188862.00150829973, 178515.2381655003, 181540.0469697997, 190997.6970017003, 171503.72613650037, 184034.5683685001, 176566.02306689988, 187458.05803490005, 188663.5340712994, 182608.22268719954, 177795.18865330002, 185309.0627528991, 175203.4685537003, 186429.80305989954, 177190.1644188998, 188963.8573485006, 188029.23378039995, 185375.24086110044, 183624.06691090038, 185324.20804499937, 177971.02309670014, 180421.90912949966, 187017.9379382004, 170931.81259019996, 180407.65511779953, 182866.2016724, 184290.51150879986, 181026.1546174995, 173382.3571484999, 179785.5541863005, 183905.21310760005, 175777.0736791994, 188578.39182040052, 183006.54526469955, 180534.26159659997, 181259.0015332001, 178345.25707520026, 170087.7865875006, 183008.2385305998, 181883.4357223998, 177271.99627190043, 185611.46819809964, 178356.81558230013, 182738.09946429962, 178043.8845748, 175680.19806329886, 187381.6287294003, 183743.34603529953, 182058.56508479943, 179409.84429689992, 188017.31704920036, 172824.55936440016, 181322.53435760044, 183990.2356191001, 188796.7299496997, 180366.0924417001, 181271.53253130006, 183010.63369200053, 182606.41761909993, 180970.11354800043, 173766.48001929963, 173505.49121750036, 194376.79710489968, 174048.59932100042, 182198.64795829944, 175378.8404447003, 166812.16193930016, 186312.68381350022, 187006.50278989965, 181211.94613949987, 197797.6367100006, 175284.44437850022, 182965.5447918999, 184280.6068097998, 188016.46477740043, 187823.94820229945, 181266.92740719998, 187760.43040810036]
Noised Result
[177548.92391993 175202.73505155 180922.80279832 176516.99516122
 182096.63612995 184187.09310582 191742.56573386 180508.91563157
 184569.59777134 182093.93272318 174863.72074053 179148.22827039
 198500.86979142 183238.87126389 185477.88534905 179237.02770801
 190219.78679496 185233.61510647 176007.7100164  176574.74184571
 176832.82730119 183253.57373299 188135.16152693 179449.87552466
 182706.40905871 190791.49478331 170058.85310822 184821.03075929
 176032.51183335 187903.28073614 188484.70973043 182559.01381729
 179335.22319951 185019.12013475 176312.80239813 189041.13406716
 177918.99244652 187639.72104805 187558.4132712  185536.62045656
 183905.4987141  185651.39679267 177682.44358176 180526.94904745
 187517.87039485 171477.86822067 181388.05293297 182851.72664075
 185196.5398813  182322.11920005 171444.56765006 180188.35905309
 184213.68181183 173770.98710253 188741.83407092 183022.92612068
 180763.37747711 179640.9080558  178092.27991985 169785.58357531
 181108.04528314 183228.45774254 178836.37491156 185046.81924732
 177961.60511427 182638.43369874 177576.90664187 176266.96272301
 187866.17321748 183713.94395589 180937.26123416 177958.32948468
 189535.7424099  172624.98662374 181989.02297279 183268.83327318
 188371.94407968 180901.39665128 180560.97799385 182756.25000226
 180024.4589714  180860.22340923 172381.1450265  172410.63196024
 194402.75728538 174925.31549537 182543.13964851 174423.89899796
 166281.75363295 186996.41416558 186364.80254894 180372.22534275
 196876.03527574 175534.92761415 182784.01167592 183476.15655343
 187854.4530206  188180.95093347 181372.21797409 188364.54658483]

Time
8.236847639083862
The result for the 8th execution is
Query Result
[179548.47876879922, 173692.8307689999, 181162.7211505001, 177537.91148940026, 182672.73217350012, 184050.43179989958, 192221.1742263999, 180161.0127170001, 184595.89418089992, 181886.43176260023, 177403.79400239963, 179485.97567020013, 197435.0393124005, 183850.48039949947, 186234.2655901006, 179933.7018455003, 189701.71062629984, 185778.58261840016, 177707.66206859963, 176223.97706790085, 176641.2527401004, 182960.04339840036, 188862.00150829973, 178515.2381655003, 181540.0469697997, 190997.6970017003, 171503.72613650037, 184034.5683685001, 176566.02306689988, 187458.05803490005, 188663.5340712994, 182608.22268719954, 177795.18865330002, 185309.0627528991, 175203.4685537003, 186429.80305989954, 177190.1644188998, 188963.8573485006, 188029.23378039995, 185375.24086110044, 183624.06691090038, 185324.20804499937, 177971.02309670014, 180421.90912949966, 187017.9379382004, 170931.81259019996, 180407.65511779953, 182866.2016724, 184290.51150879986, 181026.1546174995, 173382.3571484999, 179785.5541863005, 183905.21310760005, 175777.0736791994, 188578.39182040052, 183006.54526469955, 180534.26159659997, 181259.0015332001, 178345.25707520026, 170087.7865875006, 183008.2385305998, 181883.4357223998, 177271.99627190043, 185611.46819809964, 178356.81558230013, 182738.09946429962, 178043.8845748, 175680.19806329886, 187381.6287294003, 183743.34603529953, 182058.56508479943, 179409.84429689992, 188017.31704920036, 172824.55936440016, 181322.53435760044, 183990.2356191001, 188796.7299496997, 180366.0924417001, 181271.53253130006, 183010.63369200053, 182606.41761909993, 180970.11354800043, 173766.48001929963, 173505.49121750036, 194376.79710489968, 174048.59932100042, 182198.64795829944, 175378.8404447003, 166812.16193930016, 186312.68381350022, 187006.50278989965, 181211.94613949987, 197797.6367100006, 175284.44437850022, 182965.5447918999, 184280.6068097998, 188016.46477740043, 187823.94820229945, 181266.92740719998, 187760.43040810036]
Noised Result
[180684.23811061 174111.21558001 182401.43468232 177387.61847422
 182323.80909072 183407.66073273 191463.08656546 180240.60106015
 185042.89950209 181463.98708338 177630.54197572 179371.99556528
 197563.01693095 183854.85129857 185775.2412596  179785.05295853
 190233.418266   185263.5670697  177142.61942258 176336.06472105
 176449.29784571 182913.04025754 189848.49024586 177470.12343364
 181372.70452725 192371.24258427 170871.65498713 184071.97899844
 176159.01482071 186492.74674257 190484.50597146 183015.67540765
 178641.16258887 184518.34546098 177558.15606227 185033.51116837
 177798.88933248 189175.94982494 187821.98288059 186188.06279412
 183704.64789372 183354.99002477 177386.83276248 181194.38675139
 186646.16967387 170236.37618998 180392.04801323 183332.99435759
 184416.85680289 181846.38334758 173444.52945147 180019.69059415
 184771.20336395 175273.17415174 188052.75055346 183847.56527158
 181767.33760546 180340.15826354 177567.25737459 171218.83204875
 184666.05867637 181187.15104697 177616.05899533 184076.80381788
 179392.97095169 182911.89006053 177459.14245284 175353.136396
 187688.0739492  183372.7903363  181840.41169768 178473.0403637
 189702.05155091 172510.8110812  181150.52922101 182376.35969885
 188605.16925029 180818.74060004 182138.00541685 181832.69294941
 180546.49718687 180263.86839505 174400.35292981 173382.68912683
 195419.65768816 173705.04745792 181908.4585535  176074.05850979
 166742.55084992 185842.21980356 185636.20303063 181886.89087671
 198075.75463625 174747.3231903  183052.96862198 183208.08009909
 187905.94092826 187425.09297185 182633.49457089 187884.20072989]

Time
7.677578926086426
The result for the 9th execution is
Query Result
[179548.47876879922, 173692.8307689999, 181162.7211505001, 177537.91148940026, 182672.73217350012, 184050.43179989958, 192221.1742263999, 180161.0127170001, 184595.89418089992, 181886.43176260023, 177403.79400239963, 179485.97567020013, 197435.0393124005, 183850.48039949947, 186234.2655901006, 179933.7018455003, 189701.71062629984, 185778.58261840016, 177707.66206859963, 176223.97706790085, 176641.2527401004, 182960.04339840036, 188862.00150829973, 178515.2381655003, 181540.0469697997, 190997.6970017003, 171503.72613650037, 184034.5683685001, 176566.02306689988, 187458.05803490005, 188663.5340712994, 182608.22268719954, 177795.18865330002, 185309.0627528991, 175203.4685537003, 186429.80305989954, 177190.1644188998, 188963.8573485006, 188029.23378039995, 185375.24086110044, 183624.06691090038, 185324.20804499937, 177971.02309670014, 180421.90912949966, 187017.9379382004, 170931.81259019996, 180407.65511779953, 182866.2016724, 184290.51150879986, 181026.1546174995, 173382.3571484999, 179785.5541863005, 183905.21310760005, 175777.0736791994, 188578.39182040052, 183006.54526469955, 180534.26159659997, 181259.0015332001, 178345.25707520026, 170087.7865875006, 183008.2385305998, 181883.4357223998, 177271.99627190043, 185611.46819809964, 178356.81558230013, 182738.09946429962, 178043.8845748, 175680.19806329886, 187381.6287294003, 183743.34603529953, 182058.56508479943, 179409.84429689992, 188017.31704920036, 172824.55936440016, 181322.53435760044, 183990.2356191001, 188796.7299496997, 180366.0924417001, 181271.53253130006, 183010.63369200053, 182606.41761909993, 180970.11354800043, 173766.48001929963, 173505.49121750036, 194376.79710489968, 174048.59932100042, 182198.64795829944, 175378.8404447003, 166812.16193930016, 186312.68381350022, 187006.50278989965, 181211.94613949987, 197797.6367100006, 175284.44437850022, 182965.5447918999, 184280.6068097998, 188016.46477740043, 187823.94820229945, 181266.92740719998, 187760.43040810036]
Noised Result
[180078.64449365 174533.46885878 183268.59760106 176507.19264885
 182190.15162005 184475.74902144 191239.84848057 179695.53564284
 184303.93279702 181926.85262911 175275.31237075 179560.40096092
 197529.41695666 182346.70837411 187575.30794203 180155.76083011
 189836.79432651 185567.29047374 178594.81872236 176081.89518067
 175862.67162903 183706.38060384 187992.11104042 177511.42314264
 182569.02191601 191158.44567253 171925.57793483 183829.9211733
 174374.47475467 185405.81335568 188785.4643764  182885.6018038
 177485.46314564 185027.57216052 174929.56678755 185857.66773933
 177687.81435458 190438.95740413 186839.26864472 186992.73487152
 184527.46286649 184170.82568807 178623.34456242 180598.6744319
 186905.88141592 169880.53692389 180487.0907025  181591.52484138
 184204.76141782 180738.65178542 173821.16375645 180063.26782158
 184196.97991756 176643.35560719 189949.07845702 183155.91939224
 179197.15760894 180467.45215829 179234.26376294 169247.8403403
 183435.84222954 182243.10092878 177671.38269679 186159.38728314
 178829.73823006 182893.71718944 176819.13165068 175339.9063949
 187010.93168566 183369.86388768 181784.0034249  180068.03338592
 188625.44784781 172289.2615833  181934.26731089 184117.53202331
 189580.76170775 179549.8835235  181997.77271877 182753.98555558
 183244.63643707 181637.5202414  173948.80499122 173408.47832606
 193081.28223125 173105.71929588 181204.99871931 175112.42811926
 166373.32760425 186574.49919375 187525.49006652 182983.44764715
 199884.11443899 173661.9258377  182429.12487696 185703.64229744
 186851.2307552  186712.89816618 181553.87605945 188291.89419071]

Time
7.8498029708862305
The result for the 10th execution is
Query Result
[179548.47876879922, 173692.8307689999, 181162.7211505001, 177537.91148940026, 182672.73217350012, 184050.43179989958, 192221.1742263999, 180161.0127170001, 184595.89418089992, 181886.43176260023, 177403.79400239963, 179485.97567020013, 197435.0393124005, 183850.48039949947, 186234.2655901006, 179933.7018455003, 189701.71062629984, 185778.58261840016, 177707.66206859963, 176223.97706790085, 176641.2527401004, 182960.04339840036, 188862.00150829973, 178515.2381655003, 181540.0469697997, 190997.6970017003, 171503.72613650037, 184034.5683685001, 176566.02306689988, 187458.05803490005, 188663.5340712994, 182608.22268719954, 177795.18865330002, 185309.0627528991, 175203.4685537003, 186429.80305989954, 177190.1644188998, 188963.8573485006, 188029.23378039995, 185375.24086110044, 183624.06691090038, 185324.20804499937, 177971.02309670014, 180421.90912949966, 187017.9379382004, 170931.81259019996, 180407.65511779953, 182866.2016724, 184290.51150879986, 181026.1546174995, 173382.3571484999, 179785.5541863005, 183905.21310760005, 175777.0736791994, 188578.39182040052, 183006.54526469955, 180534.26159659997, 181259.0015332001, 178345.25707520026, 170087.7865875006, 183008.2385305998, 181883.4357223998, 177271.99627190043, 185611.46819809964, 178356.81558230013, 182738.09946429962, 178043.8845748, 175680.19806329886, 187381.6287294003, 183743.34603529953, 182058.56508479943, 179409.84429689992, 188017.31704920036, 172824.55936440016, 181322.53435760044, 183990.2356191001, 188796.7299496997, 180366.0924417001, 181271.53253130006, 183010.63369200053, 182606.41761909993, 180970.11354800043, 173766.48001929963, 173505.49121750036, 194376.79710489968, 174048.59932100042, 182198.64795829944, 175378.8404447003, 166812.16193930016, 186312.68381350022, 187006.50278989965, 181211.94613949987, 197797.6367100006, 175284.44437850022, 182965.5447918999, 184280.6068097998, 188016.46477740043, 187823.94820229945, 181266.92740719998, 187760.43040810036]
Noised Result
[179260.84059589 174557.08069652 180754.28166736 179783.79426246
 183578.46171702 184604.65801507 193168.01401747 181894.30620865
 185725.05214302 181770.84251903 178160.36545168 179240.1318932
 197471.64961983 184693.1808308  186623.40265139 179331.62028149
 187879.62240919 185349.48341779 178890.58500007 177028.00598417
 176512.1749206  183265.58897704 187622.05958892 178344.53370192
 183246.88465209 190505.35271043 172349.4410523  182163.39619644
 177580.36571505 186192.29988044 190266.9319113  182969.65268225
 180122.8883178  184466.20423415 175356.62681717 185797.08337492
 177400.74541017 187478.87177101 187967.77007186 185918.21837138
 183354.04740159 185492.12918427 177636.78899826 181329.84507883
 188791.26990439 171323.44626179 180415.19700479 180942.54264454
 184127.79507375 180238.8161458  173246.77872684 180442.67394816
 184183.26474162 176189.80417762 188378.93557275 182493.04560447
 180844.33761661 181740.25627671 178320.52534639 171470.37691938
 182483.82239083 182168.67567812 177042.96333618 186174.07886945
 178417.7590043  183415.20511377 178962.23143249 174783.10172172
 187742.82238147 183350.17819877 181416.68308187 177569.83503056
 188742.77658613 172759.53262873 183993.1933278  181960.54516603
 189595.31754254 180206.17078625 180846.04433944 184286.17605567
 182495.46663405 181131.88479933 175043.31803243 174594.92615403
 195685.85046416 174311.72647528 182233.04341433 175962.37239999
 167482.05240614 185816.7745252  186980.12071769 182132.52075181
 196902.11549416 177540.29728038 183648.12892231 184626.05855555
 187886.40447193 188030.79969125 182439.48336892 188577.72242136]

Time
8.286244630813599
The result for the 11th execution is
Query Result
[179548.47876879922, 173692.8307689999, 181162.7211505001, 177537.91148940026, 182672.73217350012, 184050.43179989958, 192221.1742263999, 180161.0127170001, 184595.89418089992, 181886.43176260023, 177403.79400239963, 179485.97567020013, 197435.0393124005, 183850.48039949947, 186234.2655901006, 179933.7018455003, 189701.71062629984, 185778.58261840016, 177707.66206859963, 176223.97706790085, 176641.2527401004, 182960.04339840036, 188862.00150829973, 178515.2381655003, 181540.0469697997, 190997.6970017003, 171503.72613650037, 184034.5683685001, 176566.02306689988, 187458.05803490005, 188663.5340712994, 182608.22268719954, 177795.18865330002, 185309.0627528991, 175203.4685537003, 186429.80305989954, 177190.1644188998, 188963.8573485006, 188029.23378039995, 185375.24086110044, 183624.06691090038, 185324.20804499937, 177971.02309670014, 180421.90912949966, 187017.9379382004, 170931.81259019996, 180407.65511779953, 182866.2016724, 184290.51150879986, 181026.1546174995, 173382.3571484999, 179785.5541863005, 183905.21310760005, 175777.0736791994, 188578.39182040052, 183006.54526469955, 180534.26159659997, 181259.0015332001, 178345.25707520026, 170087.7865875006, 183008.2385305998, 181883.4357223998, 177271.99627190043, 185611.46819809964, 178356.81558230013, 182738.09946429962, 178043.8845748, 175680.19806329886, 187381.6287294003, 183743.34603529953, 182058.56508479943, 179409.84429689992, 188017.31704920036, 172824.55936440016, 181322.53435760044, 183990.2356191001, 188796.7299496997, 180366.0924417001, 181271.53253130006, 183010.63369200053, 182606.41761909993, 180970.11354800043, 173766.48001929963, 173505.49121750036, 194376.79710489968, 174048.59932100042, 182198.64795829944, 175378.8404447003, 166812.16193930016, 186312.68381350022, 187006.50278989965, 181211.94613949987, 197797.6367100006, 175284.44437850022, 182965.5447918999, 184280.6068097998, 188016.46477740043, 187823.94820229945, 181266.92740719998, 187760.43040810036]
Noised Result
[180410.52354216 172533.51470258 182594.09988278 177050.9861556
 181437.30206013 183496.47299684 192658.66258982 179657.89416608
 185421.34383729 179968.90979835 177564.63113422 178949.30818724
 197405.80331297 183448.26074171 186635.00541606 180968.82605381
 189993.68548753 186349.67374188 177306.64048085 177574.44842332
 176774.78582246 183520.50619497 187751.13845887 178831.53505356
 182268.02617879 190967.78943577 173193.64490215 184431.73400167
 177169.69237033 185936.10266728 187611.10379566 182613.71009406
 179264.16967193 183619.88977151 174541.16585541 187482.11039466
 176195.32232023 189279.46113746 187678.58336975 185804.13007332
 183642.53492703 183022.64144063 177586.87850048 181417.97614801
 188011.63750095 169631.58750952 181443.71837935 183408.5183993
 183753.3485     179754.05414882 172948.51751521 180902.98757529
 183743.31800322 175878.77519836 190679.50132155 182898.86661879
 182065.73991053 182589.24607939 177382.55080859 168864.07971388
 182375.07960739 180198.45015005 178782.10609269 184567.84427318
 177959.14908657 182692.85978529 179847.9344789  176213.50264134
 187106.98583767 184867.54108933 183562.93013348 179581.07599815
 188966.9906278  173745.18922334 181097.84026806 182631.21377467
 189376.6626884  179778.26037982 182348.47012138 182576.32022792
 182013.28636908 179936.06377146 172893.36511332 172631.63528318
 196120.93884645 173826.07345924 182442.89358119 174507.07630897
 166446.28427583 186098.08280667 187094.04471543 181110.55416455
 197686.9503327  175153.34840796 184994.46642448 184830.69353617
 187801.03291677 187835.74284496 180189.29688022 186648.75126211]

Time
8.162254810333252
The result for the 12th execution is
Query Result
[179548.47876879922, 173692.8307689999, 181162.7211505001, 177537.91148940026, 182672.73217350012, 184050.43179989958, 192221.1742263999, 180161.0127170001, 184595.89418089992, 181886.43176260023, 177403.79400239963, 179485.97567020013, 197435.0393124005, 183850.48039949947, 186234.2655901006, 179933.7018455003, 189701.71062629984, 185778.58261840016, 177707.66206859963, 176223.97706790085, 176641.2527401004, 182960.04339840036, 188862.00150829973, 178515.2381655003, 181540.0469697997, 190997.6970017003, 171503.72613650037, 184034.5683685001, 176566.02306689988, 187458.05803490005, 188663.5340712994, 182608.22268719954, 177795.18865330002, 185309.0627528991, 175203.4685537003, 186429.80305989954, 177190.1644188998, 188963.8573485006, 188029.23378039995, 185375.24086110044, 183624.06691090038, 185324.20804499937, 177971.02309670014, 180421.90912949966, 187017.9379382004, 170931.81259019996, 180407.65511779953, 182866.2016724, 184290.51150879986, 181026.1546174995, 173382.3571484999, 179785.5541863005, 183905.21310760005, 175777.0736791994, 188578.39182040052, 183006.54526469955, 180534.26159659997, 181259.0015332001, 178345.25707520026, 170087.7865875006, 183008.2385305998, 181883.4357223998, 177271.99627190043, 185611.46819809964, 178356.81558230013, 182738.09946429962, 178043.8845748, 175680.19806329886, 187381.6287294003, 183743.34603529953, 182058.56508479943, 179409.84429689992, 188017.31704920036, 172824.55936440016, 181322.53435760044, 183990.2356191001, 188796.7299496997, 180366.0924417001, 181271.53253130006, 183010.63369200053, 182606.41761909993, 180970.11354800043, 173766.48001929963, 173505.49121750036, 194376.79710489968, 174048.59932100042, 182198.64795829944, 175378.8404447003, 166812.16193930016, 186312.68381350022, 187006.50278989965, 181211.94613949987, 197797.6367100006, 175284.44437850022, 182965.5447918999, 184280.6068097998, 188016.46477740043, 187823.94820229945, 181266.92740719998, 187760.43040810036]
Noised Result
[179243.14694112 174968.72640321 181096.1738633  180050.290585
 182189.57957368 186034.72318445 194462.27103084 181276.3981852
 183906.26121533 181705.71975884 175087.75721786 179008.29915789
 197289.05856771 183177.97618623 184452.3684761  178701.48563366
 188251.49569353 184539.44323956 175905.10069923 174116.04565312
 178113.99423413 182413.39365743 189812.82984211 179332.05077733
 181045.27202516 192711.19882878 170779.07721629 183325.92758052
 177681.26773551 188731.80392091 185919.58977725 180489.47919124
 179527.14917647 185020.00077782 175105.89953151 189038.191148
 179393.57347542 190158.57646109 189126.1386682  184440.18279792
 184160.32485283 186502.61323969 178693.48635759 179008.07799598
 185316.49964188 169042.76390349 182077.25709581 182337.20688041
 187113.0277652  180547.71644767 175237.47428165 181112.22039262
 181524.60425462 177019.85772168 189296.79235631 184080.22669179
 180554.64664624 181626.93921372 177311.8689099  168588.70248894
 183611.05531151 181998.41579636 177611.8598135  185468.21579973
 178522.19915646 182326.28615506 179194.09257605 175773.46114996
 186337.77348287 183455.25993513 180021.9847076  180021.27175343
 188995.61552848 174383.86131278 181789.31483787 185588.05208216
 187987.56761391 182685.17400724 181960.01711514 181354.46500081
 183731.78241334 181652.08314592 173706.62498056 171887.64238733
 194025.02937117 175464.28941459 180818.36418863 173686.85687614
 166505.19661381 185740.53990647 186102.37041014 180868.22097584
 198229.78406498 174853.25763447 179978.57519409 182661.28347794
 188982.58927856 188403.64620526 182550.17864027 187826.34949247]

Time
7.600233793258667
The result for the 13th execution is
Query Result
[179548.47876879922, 173692.8307689999, 181162.7211505001, 177537.91148940026, 182672.73217350012, 184050.43179989958, 192221.1742263999, 180161.0127170001, 184595.89418089992, 181886.43176260023, 177403.79400239963, 179485.97567020013, 197435.0393124005, 183850.48039949947, 186234.2655901006, 179933.7018455003, 189701.71062629984, 185778.58261840016, 177707.66206859963, 176223.97706790085, 176641.2527401004, 182960.04339840036, 188862.00150829973, 178515.2381655003, 181540.0469697997, 190997.6970017003, 171503.72613650037, 184034.5683685001, 176566.02306689988, 187458.05803490005, 188663.5340712994, 182608.22268719954, 177795.18865330002, 185309.0627528991, 175203.4685537003, 186429.80305989954, 177190.1644188998, 188963.8573485006, 188029.23378039995, 185375.24086110044, 183624.06691090038, 185324.20804499937, 177971.02309670014, 180421.90912949966, 187017.9379382004, 170931.81259019996, 180407.65511779953, 182866.2016724, 184290.51150879986, 181026.1546174995, 173382.3571484999, 179785.5541863005, 183905.21310760005, 175777.0736791994, 188578.39182040052, 183006.54526469955, 180534.26159659997, 181259.0015332001, 178345.25707520026, 170087.7865875006, 183008.2385305998, 181883.4357223998, 177271.99627190043, 185611.46819809964, 178356.81558230013, 182738.09946429962, 178043.8845748, 175680.19806329886, 187381.6287294003, 183743.34603529953, 182058.56508479943, 179409.84429689992, 188017.31704920036, 172824.55936440016, 181322.53435760044, 183990.2356191001, 188796.7299496997, 180366.0924417001, 181271.53253130006, 183010.63369200053, 182606.41761909993, 180970.11354800043, 173766.48001929963, 173505.49121750036, 194376.79710489968, 174048.59932100042, 182198.64795829944, 175378.8404447003, 166812.16193930016, 186312.68381350022, 187006.50278989965, 181211.94613949987, 197797.6367100006, 175284.44437850022, 182965.5447918999, 184280.6068097998, 188016.46477740043, 187823.94820229945, 181266.92740719998, 187760.43040810036]
Noised Result
[179446.08208014 173715.4248191  181335.48228484 177857.01633324
 183877.48863299 184384.83157577 191973.74821178 178795.98337389
 185086.0105013  183430.39164361 178989.82295026 177863.10180871
 197363.30757229 184104.27771287 186598.33802282 180756.80613094
 190917.15528641 185410.98286959 178093.71686336 176581.60608225
 176221.05006434 183130.08414944 186988.53444199 178483.91203857
 183959.68450926 191301.20527802 172418.02041587 182806.05429957
 174730.30011133 188730.57968232 188191.28528585 182710.35833538
 177096.67963629 185691.37106289 174810.3038173  188707.03715797
 174717.69242746 189440.3975931  187903.91674474 185720.69855392
 184292.8072333  186790.67846666 178117.00701061 180182.34053665
 187264.56956861 169115.57523532 181054.6468765  182522.69543663
 182307.29659986 181609.64811126 172821.67988177 180355.9655928
 185261.09307825 175815.53734585 190108.80974817 184297.63687801
 179794.80018803 180817.74030209 178095.63594254 170294.75784813
 182302.23057859 180870.95348542 177312.64070581 184419.48078939
 178159.35290973 184160.99760538 177905.44744345 175129.71734942
 188222.58100886 185087.00340502 181811.11547982 179734.19619193
 188629.63113327 173278.26020977 179795.08549911 183073.8768196
 190015.31176058 179904.01802792 179838.35880519 183446.78517946
 183696.83037289 181780.64384449 174073.75477189 174277.47831454
 195309.61268645 174875.67181362 181151.396603   173697.60637529
 165335.3289636  186840.14822782 186124.06330095 180280.66608893
 196865.56278361 174976.92636073 183876.43397621 185464.35400292
 188335.46524061 187483.46954303 181766.19473099 187468.12553018]

Time
9.841484308242798
The result for the 14th execution is
Query Result
[179548.47876879922, 173692.8307689999, 181162.7211505001, 177537.91148940026, 182672.73217350012, 184050.43179989958, 192221.1742263999, 180161.0127170001, 184595.89418089992, 181886.43176260023, 177403.79400239963, 179485.97567020013, 197435.0393124005, 183850.48039949947, 186234.2655901006, 179933.7018455003, 189701.71062629984, 185778.58261840016, 177707.66206859963, 176223.97706790085, 176641.2527401004, 182960.04339840036, 188862.00150829973, 178515.2381655003, 181540.0469697997, 190997.6970017003, 171503.72613650037, 184034.5683685001, 176566.02306689988, 187458.05803490005, 188663.5340712994, 182608.22268719954, 177795.18865330002, 185309.0627528991, 175203.4685537003, 186429.80305989954, 177190.1644188998, 188963.8573485006, 188029.23378039995, 185375.24086110044, 183624.06691090038, 185324.20804499937, 177971.02309670014, 180421.90912949966, 187017.9379382004, 170931.81259019996, 180407.65511779953, 182866.2016724, 184290.51150879986, 181026.1546174995, 173382.3571484999, 179785.5541863005, 183905.21310760005, 175777.0736791994, 188578.39182040052, 183006.54526469955, 180534.26159659997, 181259.0015332001, 178345.25707520026, 170087.7865875006, 183008.2385305998, 181883.4357223998, 177271.99627190043, 185611.46819809964, 178356.81558230013, 182738.09946429962, 178043.8845748, 175680.19806329886, 187381.6287294003, 183743.34603529953, 182058.56508479943, 179409.84429689992, 188017.31704920036, 172824.55936440016, 181322.53435760044, 183990.2356191001, 188796.7299496997, 180366.0924417001, 181271.53253130006, 183010.63369200053, 182606.41761909993, 180970.11354800043, 173766.48001929963, 173505.49121750036, 194376.79710489968, 174048.59932100042, 182198.64795829944, 175378.8404447003, 166812.16193930016, 186312.68381350022, 187006.50278989965, 181211.94613949987, 197797.6367100006, 175284.44437850022, 182965.5447918999, 184280.6068097998, 188016.46477740043, 187823.94820229945, 181266.92740719998, 187760.43040810036]
Noised Result
[179819.61875641 172659.69642936 181505.65973652 178470.32270678
 182182.28539905 183048.57054442 192527.04163457 180746.68427557
 183721.37474774 181663.70081184 177074.95292983 178187.99136363
 197236.13324487 184355.16064858 186415.22218663 180882.78557137
 189516.30044351 184493.20590747 177625.80360176 176293.70791562
 178264.77927424 181905.51771234 189147.02675214 178339.67962135
 180478.66844834 191119.21957798 171431.53365282 184995.67095761
 177138.42755123 188293.65955782 188421.00243576 182535.70350316
 177076.54292895 186523.76104421 173139.72823768 186594.58346184
 177536.53005907 188617.66839768 187650.578801   185372.28970452
 183808.86427378 184109.81682741 177278.19813922 181740.146809
 186335.71965313 170742.51987273 178791.9695716  183673.32823219
 183258.00727276 181476.32338846 172007.50008073 180430.84235584
 183727.99723701 176149.42699009 189343.82119468 182834.82828725
 180486.89948467 179920.25021733 179210.96323637 170092.83783676
 182121.51829847 180280.93885568 177061.43556207 185264.07660698
 177991.11562779 183238.37175796 178661.08157258 177424.84307983
 187238.09016804 183574.94736734 180557.6374878  180046.3092592
 187821.78172558 173621.09821235 180758.05044563 181223.69043558
 188260.42779284 180545.30833018 179994.04031335 185163.53334095
 181977.60755538 181317.83607227 173781.84385341 173137.54263731
 195207.53434179 174880.83710452 182893.46141108 174961.85802638
 167929.23415983 184729.4622818  186303.20887544 179412.59210869
 198463.98717075 174877.11350239 182968.73966146 184827.72971341
 187037.19830748 187037.15347216 180348.5631024  186785.07339284]

Time
9.191451787948608
The result for the 15th execution is
Query Result
[179548.47876879922, 173692.8307689999, 181162.7211505001, 177537.91148940026, 182672.73217350012, 184050.43179989958, 192221.1742263999, 180161.0127170001, 184595.89418089992, 181886.43176260023, 177403.79400239963, 179485.97567020013, 197435.0393124005, 183850.48039949947, 186234.2655901006, 179933.7018455003, 189701.71062629984, 185778.58261840016, 177707.66206859963, 176223.97706790085, 176641.2527401004, 182960.04339840036, 188862.00150829973, 178515.2381655003, 181540.0469697997, 190997.6970017003, 171503.72613650037, 184034.5683685001, 176566.02306689988, 187458.05803490005, 188663.5340712994, 182608.22268719954, 177795.18865330002, 185309.0627528991, 175203.4685537003, 186429.80305989954, 177190.1644188998, 188963.8573485006, 188029.23378039995, 185375.24086110044, 183624.06691090038, 185324.20804499937, 177971.02309670014, 180421.90912949966, 187017.9379382004, 170931.81259019996, 180407.65511779953, 182866.2016724, 184290.51150879986, 181026.1546174995, 173382.3571484999, 179785.5541863005, 183905.21310760005, 175777.0736791994, 188578.39182040052, 183006.54526469955, 180534.26159659997, 181259.0015332001, 178345.25707520026, 170087.7865875006, 183008.2385305998, 181883.4357223998, 177271.99627190043, 185611.46819809964, 178356.81558230013, 182738.09946429962, 178043.8845748, 175680.19806329886, 187381.6287294003, 183743.34603529953, 182058.56508479943, 179409.84429689992, 188017.31704920036, 172824.55936440016, 181322.53435760044, 183990.2356191001, 188796.7299496997, 180366.0924417001, 181271.53253130006, 183010.63369200053, 182606.41761909993, 180970.11354800043, 173766.48001929963, 173505.49121750036, 194376.79710489968, 174048.59932100042, 182198.64795829944, 175378.8404447003, 166812.16193930016, 186312.68381350022, 187006.50278989965, 181211.94613949987, 197797.6367100006, 175284.44437850022, 182965.5447918999, 184280.6068097998, 188016.46477740043, 187823.94820229945, 181266.92740719998, 187760.43040810036]
Noised Result
[180139.68682448 173435.61251715 180843.22323189 176908.32558055
 181965.74105898 184074.5550056  192835.31989773 179691.1665034
 185348.75742086 182303.50265076 177230.49632775 179493.04460784
 196715.43019767 183213.49049207 187697.36785605 181660.48766529
 188083.25016247 187625.08069676 179394.13519451 177282.16269365
 176120.34930037 182002.42461204 188977.56904192 177382.05788297
 181570.95053039 189552.93511054 172469.70995344 185420.74858906
 176912.63015559 188456.4484754  190332.53918107 182672.6619017
 177924.71056155 185424.52844974 174995.52252289 185913.01830055
 178022.75413578 187765.81535534 188473.20060531 185400.94494239
 182667.80481345 186406.52289287 177925.21274793 181401.99342533
 186236.42481443 171867.65377969 179461.36608419 183135.20537682
 183939.48287316 181690.79199351 173377.00589386 179177.05788652
 184860.90962384 175350.58469796 188251.25065889 182075.16051522
 181234.13050877 182327.61087382 178074.14946359 169484.45123562
 181505.13020849 181731.70472432 176256.71980212 185683.13031147
 180798.07235484 181281.28012046 178498.33407859 176270.9377436
 186695.33612887 183827.94664332 182679.31370738 180265.21340938
 187472.2873594  173621.63978194 182070.15339949 182622.06534816
 189446.6944722  179729.00000329 182838.563511   182903.43667686
 181563.18553316 180747.86010691 174036.95342084 173316.10932257
 193666.63730576 173212.5273428  184007.10736872 176454.16663467
 167960.22187181 186526.94325927 187123.72316677 181027.23706215
 196750.88277415 176369.84798799 181322.87406611 185953.82596923
 186822.9613937  187744.49225283 181407.85083197 187205.17445624]

Time
10.149369478225708
The result for the 16th execution is
Query Result
[179548.47876879922, 173692.8307689999, 181162.7211505001, 177537.91148940026, 182672.73217350012, 184050.43179989958, 192221.1742263999, 180161.0127170001, 184595.89418089992, 181886.43176260023, 177403.79400239963, 179485.97567020013, 197435.0393124005, 183850.48039949947, 186234.2655901006, 179933.7018455003, 189701.71062629984, 185778.58261840016, 177707.66206859963, 176223.97706790085, 176641.2527401004, 182960.04339840036, 188862.00150829973, 178515.2381655003, 181540.0469697997, 190997.6970017003, 171503.72613650037, 184034.5683685001, 176566.02306689988, 187458.05803490005, 188663.5340712994, 182608.22268719954, 177795.18865330002, 185309.0627528991, 175203.4685537003, 186429.80305989954, 177190.1644188998, 188963.8573485006, 188029.23378039995, 185375.24086110044, 183624.06691090038, 185324.20804499937, 177971.02309670014, 180421.90912949966, 187017.9379382004, 170931.81259019996, 180407.65511779953, 182866.2016724, 184290.51150879986, 181026.1546174995, 173382.3571484999, 179785.5541863005, 183905.21310760005, 175777.0736791994, 188578.39182040052, 183006.54526469955, 180534.26159659997, 181259.0015332001, 178345.25707520026, 170087.7865875006, 183008.2385305998, 181883.4357223998, 177271.99627190043, 185611.46819809964, 178356.81558230013, 182738.09946429962, 178043.8845748, 175680.19806329886, 187381.6287294003, 183743.34603529953, 182058.56508479943, 179409.84429689992, 188017.31704920036, 172824.55936440016, 181322.53435760044, 183990.2356191001, 188796.7299496997, 180366.0924417001, 181271.53253130006, 183010.63369200053, 182606.41761909993, 180970.11354800043, 173766.48001929963, 173505.49121750036, 194376.79710489968, 174048.59932100042, 182198.64795829944, 175378.8404447003, 166812.16193930016, 186312.68381350022, 187006.50278989965, 181211.94613949987, 197797.6367100006, 175284.44437850022, 182965.5447918999, 184280.6068097998, 188016.46477740043, 187823.94820229945, 181266.92740719998, 187760.43040810036]
Noised Result
[180232.78051695 173182.24581869 179813.44030175 174793.73553565
 181135.1172017  181992.00612702 192536.01259112 180210.4246989
 185349.03627168 182299.59939235 177446.81258864 178789.99047132
 196065.14496045 183480.24730063 184750.73478651 179211.90972014
 189895.69209774 186148.99876577 177118.06681822 176523.58816788
 177034.63985255 181524.97381304 189554.07860463 177455.04374014
 179360.50698144 192313.46189902 172715.47310226 184454.66771628
 177766.18514172 187324.85982515 188532.93390755 182912.08346117
 176845.3203335  184359.06675087 175027.84001642 186918.03049283
 177218.56974649 189992.00008847 187837.01223353 183724.37336475
 183508.87317708 185208.49375997 178665.55296764 181962.08228609
 186392.37647755 169848.96778807 180446.59767717 182312.89009635
 185854.90863861 180651.77342273 173991.52592908 178347.18145295
 183775.53985436 176640.85798571 187969.54366882 182370.41949052
 179619.57163485 180360.12815353 179308.35831176 169274.62327459
 182377.50068791 183065.15002161 177430.3963929  186341.10388178
 179418.17168583 182010.99741874 178891.35475596 176405.56796302
 186399.9506438  184391.61612374 182409.26718202 181704.05505538
 186965.95768664 172334.63807035 181977.61722497 184060.29297615
 190975.61247925 180073.06779406 180692.93699484 182518.36877202
 183332.03524311 182335.83296341 173542.77974708 175576.23503572
 192833.53470482 174792.59816204 181471.46783587 175212.67269795
 167682.35403234 186639.61634189 185357.63285317 181399.95666625
 196832.9558689  176209.17390224 182987.94398157 184656.88584084
 187059.97862079 186739.5726213  181857.90977823 188338.57262161]

Time
9.185986042022705
The result for the 17th execution is
Query Result
[179548.47876879922, 173692.8307689999, 181162.7211505001, 177537.91148940026, 182672.73217350012, 184050.43179989958, 192221.1742263999, 180161.0127170001, 184595.89418089992, 181886.43176260023, 177403.79400239963, 179485.97567020013, 197435.0393124005, 183850.48039949947, 186234.2655901006, 179933.7018455003, 189701.71062629984, 185778.58261840016, 177707.66206859963, 176223.97706790085, 176641.2527401004, 182960.04339840036, 188862.00150829973, 178515.2381655003, 181540.0469697997, 190997.6970017003, 171503.72613650037, 184034.5683685001, 176566.02306689988, 187458.05803490005, 188663.5340712994, 182608.22268719954, 177795.18865330002, 185309.0627528991, 175203.4685537003, 186429.80305989954, 177190.1644188998, 188963.8573485006, 188029.23378039995, 185375.24086110044, 183624.06691090038, 185324.20804499937, 177971.02309670014, 180421.90912949966, 187017.9379382004, 170931.81259019996, 180407.65511779953, 182866.2016724, 184290.51150879986, 181026.1546174995, 173382.3571484999, 179785.5541863005, 183905.21310760005, 175777.0736791994, 188578.39182040052, 183006.54526469955, 180534.26159659997, 181259.0015332001, 178345.25707520026, 170087.7865875006, 183008.2385305998, 181883.4357223998, 177271.99627190043, 185611.46819809964, 178356.81558230013, 182738.09946429962, 178043.8845748, 175680.19806329886, 187381.6287294003, 183743.34603529953, 182058.56508479943, 179409.84429689992, 188017.31704920036, 172824.55936440016, 181322.53435760044, 183990.2356191001, 188796.7299496997, 180366.0924417001, 181271.53253130006, 183010.63369200053, 182606.41761909993, 180970.11354800043, 173766.48001929963, 173505.49121750036, 194376.79710489968, 174048.59932100042, 182198.64795829944, 175378.8404447003, 166812.16193930016, 186312.68381350022, 187006.50278989965, 181211.94613949987, 197797.6367100006, 175284.44437850022, 182965.5447918999, 184280.6068097998, 188016.46477740043, 187823.94820229945, 181266.92740719998, 187760.43040810036]
Noised Result
[181137.10757801 173766.65849166 181881.93097649 177742.56996633
 184163.32900684 182334.19579465 193539.21251193 180702.85384008
 183260.21791905 181862.39481568 177200.94528955 178474.60315788
 196123.15879081 183352.38553029 184832.69568797 179566.08404733
 188286.41339049 185505.30822713 179336.76953174 175247.19878572
 177214.83796444 182091.17666906 188974.74364731 177531.04805752
 181717.73870985 190580.64166757 171192.6761659  184208.81534006
 177334.22435203 187581.68951462 188336.13129182 184196.87453674
 178179.31501989 184353.04268479 175395.12186271 186467.83759002
 176840.85144124 189083.74942561 188530.61275585 184991.93475992
 183828.79693139 184647.87337039 177981.48634144 180973.99549176
 188090.93137413 170557.67634642 180562.40600474 182603.12945985
 183665.69160658 180562.63156495 175002.59687653 180506.02684392
 183105.65448969 174915.80025023 188668.76845229 182887.84267031
 179273.2693663  180882.00789251 178098.20462416 169084.19725653
 183321.92052058 180910.03065631 176630.90895924 184910.60658235
 178252.53023708 183908.67564453 178003.1939042  175027.98447459
 188301.3405482  182120.14711634 182915.30045157 180074.70688001
 188768.12543311 173114.76555636 182925.33204889 184533.11889653
 188360.19723166 178504.20444278 180735.5859312  183448.44452748
 182252.68033524 180254.18844388 173343.38423196 174257.73557737
 194192.68700365 175463.73299042 182600.12715215 176693.83707427
 167651.15737383 187961.27358065 186900.8565635  181005.73333463
 197780.41516409 175436.27636294 182138.9213745  184506.33765677
 189812.77161989 187190.79888847 181139.19829833 186769.32453382]

Time
8.227810859680176
The result for the 18th execution is
Query Result
[179548.47876879922, 173692.8307689999, 181162.7211505001, 177537.91148940026, 182672.73217350012, 184050.43179989958, 192221.1742263999, 180161.0127170001, 184595.89418089992, 181886.43176260023, 177403.79400239963, 179485.97567020013, 197435.0393124005, 183850.48039949947, 186234.2655901006, 179933.7018455003, 189701.71062629984, 185778.58261840016, 177707.66206859963, 176223.97706790085, 176641.2527401004, 182960.04339840036, 188862.00150829973, 178515.2381655003, 181540.0469697997, 190997.6970017003, 171503.72613650037, 184034.5683685001, 176566.02306689988, 187458.05803490005, 188663.5340712994, 182608.22268719954, 177795.18865330002, 185309.0627528991, 175203.4685537003, 186429.80305989954, 177190.1644188998, 188963.8573485006, 188029.23378039995, 185375.24086110044, 183624.06691090038, 185324.20804499937, 177971.02309670014, 180421.90912949966, 187017.9379382004, 170931.81259019996, 180407.65511779953, 182866.2016724, 184290.51150879986, 181026.1546174995, 173382.3571484999, 179785.5541863005, 183905.21310760005, 175777.0736791994, 188578.39182040052, 183006.54526469955, 180534.26159659997, 181259.0015332001, 178345.25707520026, 170087.7865875006, 183008.2385305998, 181883.4357223998, 177271.99627190043, 185611.46819809964, 178356.81558230013, 182738.09946429962, 178043.8845748, 175680.19806329886, 187381.6287294003, 183743.34603529953, 182058.56508479943, 179409.84429689992, 188017.31704920036, 172824.55936440016, 181322.53435760044, 183990.2356191001, 188796.7299496997, 180366.0924417001, 181271.53253130006, 183010.63369200053, 182606.41761909993, 180970.11354800043, 173766.48001929963, 173505.49121750036, 194376.79710489968, 174048.59932100042, 182198.64795829944, 175378.8404447003, 166812.16193930016, 186312.68381350022, 187006.50278989965, 181211.94613949987, 197797.6367100006, 175284.44437850022, 182965.5447918999, 184280.6068097998, 188016.46477740043, 187823.94820229945, 181266.92740719998, 187760.43040810036]
Noised Result
[179535.56876073 173499.74361485 181012.19419858 177538.70233946
 183252.54107965 186204.94211641 193320.7916621  179697.48658378
 185499.77538368 181884.01539003 177232.67639286 178738.17736894
 197916.75389514 185248.85851934 186512.1139223  179620.72028556
 188536.52265131 186380.53727297 178013.48170784 175453.99846134
 176961.172093   182276.3262602  189469.54267434 178481.96085339
 180876.85600983 193139.65053098 171502.02755202 184065.0856373
 175939.61667897 188643.87753934 188586.19731117 182457.93315833
 178758.79844731 185148.64324855 174942.34471101 186171.84162587
 177648.03053943 187741.11974069 187670.44815805 183453.98575072
 182630.19153593 184531.30258031 178005.88005874 178576.35785513
 186409.29380706 172161.22842028 181267.14980826 183012.32398662
 184152.38918854 181193.390081   172716.02297038 180854.38315509
 182987.59097498 175619.71430329 187802.92069066 182099.63553039
 180504.11283962 179424.10893412 179481.30008824 170380.842277
 182703.86120988 182415.32912445 177866.99784851 185299.03097997
 177050.29203407 182552.95527513 179045.79656022 176099.17541281
 187599.0685097  183428.57716506 181680.45741496 179373.86902993
 187058.4776564  173776.35670566 182729.17846616 181721.69190088
 189540.05704027 179955.06884541 181623.12619092 181947.51268894
 181629.97568795 180898.41006164 174928.76135559 173970.10657549
 196597.13302537 175239.23623787 182570.50199015 173596.99654309
 166866.23403705 185980.99233768 187492.46291541 181244.02526548
 196761.05542065 174676.67619391 182908.07992284 186328.71581891
 188810.58625821 186897.92581498 180712.83660811 188125.60843082]

Time
8.42166256904602
The result for the 19th execution is
Query Result
[179548.47876879922, 173692.8307689999, 181162.7211505001, 177537.91148940026, 182672.73217350012, 184050.43179989958, 192221.1742263999, 180161.0127170001, 184595.89418089992, 181886.43176260023, 177403.79400239963, 179485.97567020013, 197435.0393124005, 183850.48039949947, 186234.2655901006, 179933.7018455003, 189701.71062629984, 185778.58261840016, 177707.66206859963, 176223.97706790085, 176641.2527401004, 182960.04339840036, 188862.00150829973, 178515.2381655003, 181540.0469697997, 190997.6970017003, 171503.72613650037, 184034.5683685001, 176566.02306689988, 187458.05803490005, 188663.5340712994, 182608.22268719954, 177795.18865330002, 185309.0627528991, 175203.4685537003, 186429.80305989954, 177190.1644188998, 188963.8573485006, 188029.23378039995, 185375.24086110044, 183624.06691090038, 185324.20804499937, 177971.02309670014, 180421.90912949966, 187017.9379382004, 170931.81259019996, 180407.65511779953, 182866.2016724, 184290.51150879986, 181026.1546174995, 173382.3571484999, 179785.5541863005, 183905.21310760005, 175777.0736791994, 188578.39182040052, 183006.54526469955, 180534.26159659997, 181259.0015332001, 178345.25707520026, 170087.7865875006, 183008.2385305998, 181883.4357223998, 177271.99627190043, 185611.46819809964, 178356.81558230013, 182738.09946429962, 178043.8845748, 175680.19806329886, 187381.6287294003, 183743.34603529953, 182058.56508479943, 179409.84429689992, 188017.31704920036, 172824.55936440016, 181322.53435760044, 183990.2356191001, 188796.7299496997, 180366.0924417001, 181271.53253130006, 183010.63369200053, 182606.41761909993, 180970.11354800043, 173766.48001929963, 173505.49121750036, 194376.79710489968, 174048.59932100042, 182198.64795829944, 175378.8404447003, 166812.16193930016, 186312.68381350022, 187006.50278989965, 181211.94613949987, 197797.6367100006, 175284.44437850022, 182965.5447918999, 184280.6068097998, 188016.46477740043, 187823.94820229945, 181266.92740719998, 187760.43040810036]
Noised Result
[178392.93677477 172443.41197867 180456.03183787 175877.88226908
 182810.63712882 184887.72064606 192707.63520216 180230.4286975
 184854.37443707 181519.81059235 177178.84478923 177808.59067249
 196417.71802245 183772.46206834 184946.92328012 179601.54625216
 189793.34300921 185310.69544647 178144.00644331 174100.88838461
 176132.06369101 182073.45116771 189944.38881176 179104.67188549
 181208.73350949 192715.65499616 170794.75887882 183677.28890403
 176880.24738998 186253.35115296 189637.53104206 182373.37905406
 178487.10108782 184897.72720596 173664.37810604 186075.18958206
 175945.1467194  187965.1747983  187661.41490127 187327.36845481
 183314.23154282 186077.35186061 177450.17066087 181022.39148051
 187630.43795694 171498.60742863 178231.91181435 183220.74048608
 184997.67439365 181274.10347871 173789.17885355 178924.51806636
 182697.57161107 175137.61551949 187936.02182976 181703.33335815
 179172.67807684 180577.55518878 177458.03444731 169734.66389974
 181825.83138643 182458.69177994 176501.85174935 185639.02567481
 179861.2718741  183533.98738803 178432.9101928  176600.00807591
 187208.30260252 182880.91121219 183475.07989159 180645.18949347
 189379.7406299  172689.23845956 180896.19190184 184163.62305125
 189609.74565604 179526.08492446 181505.45619736 183136.87724338
 182437.14839991 181786.40005016 174114.30074191 172707.96110302
 192787.59974048 173934.90307366 183088.16206464 174814.07398471
 166762.10190029 186391.29736157 186264.19741012 181450.36713704
 198424.12402444 174174.14016812 182931.23810322 183397.06501712
 188874.3126899  187440.19573933 180701.70629161 186393.29934519]

Time
8.933236360549927
