The result for the 0th execution is
Time
26.17745542526245
Query Result
[168005.3694956 165843.597865  157455.8440283 182763.7681723
 164402.4750887 149154.4094004 162713.1724077 156923.124978
 173259.210624  169003.6296738 157199.5673286 170539.9540517
 165952.8613323 162121.6657314 161655.5765561 175037.9320912
 159053.0425961 176370.2036018 181065.214241  194580.3102972
 169507.9040189 171786.372016  171956.4036065 179965.3606692
 182559.5516735]
Noised Result
[ 434956.01762395  124756.60434173 -114219.11495839  297370.29595093
   71009.88564463  -46247.40245957  313059.62192255  189022.60867244
  108386.61568836  327312.10046689  337127.88899125   63413.77820153
 -123531.27329897  354250.72236235  305180.49436831  305459.14785146
  322944.0163518   319903.80186528  726757.44088402  524712.0163848
 -246739.52640509  251074.56990002   52089.38272763  550690.95970445
  577000.01448404]

The result for the 1th execution is
Time
26.473411560058594
Query Result
[168005.3694956 165843.597865  157455.8440283 182763.7681723
 164402.4750887 149154.4094004 162713.1724077 156923.124978
 173259.210624  169003.6296738 157199.5673286 170539.9540517
 165952.8613323 162121.6657314 161655.5765561 175037.9320912
 159053.0425961 176370.2036018 181065.214241  194580.3102972
 169507.9040189 171786.372016  171956.4036065 179965.3606692
 182559.5516735]
Noised Result
[ 289577.18749937  240123.91061925  257826.40539237  236647.46100913
  282888.90675918  143856.2582918  -227910.38924169  407063.74752386
 -114334.2736709    76579.66885349  173777.9068367   151702.06104197
  -21865.50060218   46666.69725713  139190.89139882  288541.25901953
  139797.16071504   91207.60617994  373302.86758237  274380.80435832
  407501.28973273  134994.19517691   44666.95026642  253339.20940639
   45567.11002695]

The result for the 2th execution is
Time
26.733078718185425
Query Result
[168005.3694956 165843.597865  157455.8440283 182763.7681723
 164402.4750887 149154.4094004 162713.1724077 156923.124978
 173259.210624  169003.6296738 157199.5673286 170539.9540517
 165952.8613323 162121.6657314 161655.5765561 175037.9320912
 159053.0425961 176370.2036018 181065.214241  194580.3102972
 169507.9040189 171786.372016  171956.4036065 179965.3606692
 182559.5516735]
Noised Result
[ 157953.66133981   -3113.64090786  166292.83242516   37916.57275061
 -190737.90646853  421778.67339997  216555.23730248  152534.65813906
   -5730.15138203  -12873.98622939  467298.08342995  133461.85151953
  325369.42764373  240713.62365444   65771.96683999   84797.08201011
  -73008.55875843  381954.70939112 -182138.75434044  501196.87876728
  153778.79961176   51138.71873413  183203.03227845  156675.80383008
  291663.36098756]

The result for the 3th execution is
Time
26.446550369262695
Query Result
[168005.3694956 165843.597865  157455.8440283 182763.7681723
 164402.4750887 149154.4094004 162713.1724077 156923.124978
 173259.210624  169003.6296738 157199.5673286 170539.9540517
 165952.8613323 162121.6657314 161655.5765561 175037.9320912
 159053.0425961 176370.2036018 181065.214241  194580.3102972
 169507.9040189 171786.372016  171956.4036065 179965.3606692
 182559.5516735]
Noised Result
[-15862.6449126  122244.69856736  65134.18819774 -44003.34854375
 195008.01361639 -43595.77236083 299575.75649389  47235.81601637
 419058.33614559 229434.46563364 174234.19581541 302737.82076832
 142121.56352273 325451.33277851 183713.43878814  22827.41129226
   3641.29267883 152317.24169213  91130.26168073 383563.31254642
 205024.47961897 274105.75103771  85419.77190255 111200.80218879
 486820.32220939]

The result for the 4th execution is
Time
21.137587785720825
Query Result
[168005.3694956 165843.597865  157455.8440283 182763.7681723
 164402.4750887 149154.4094004 162713.1724077 156923.124978
 173259.210624  169003.6296738 157199.5673286 170539.9540517
 165952.8613323 162121.6657314 161655.5765561 175037.9320912
 159053.0425961 176370.2036018 181065.214241  194580.3102972
 169507.9040189 171786.372016  171956.4036065 179965.3606692
 182559.5516735]
Noised Result
[ 92296.9840409  216071.84302881 120588.25667712 157133.98916653
  66103.39437722 270902.90906308 152665.57845091 239788.65509642
 274290.7259762  225872.06584087 145682.06467134   9947.88489505
 175196.89441083 397530.93416412  63016.46310446 382321.68710477
  75614.38666071 411821.46996746 232733.59055981  91713.60024918
 349324.61760403  41357.12398829 -74603.12913565 175475.64803109
 175186.59894563]

The result for the 5th execution is
Time
16.06675910949707
Query Result
[168005.3694956 165843.597865  157455.8440283 182763.7681723
 164402.4750887 149154.4094004 162713.1724077 156923.124978
 173259.210624  169003.6296738 157199.5673286 170539.9540517
 165952.8613323 162121.6657314 161655.5765561 175037.9320912
 159053.0425961 176370.2036018 181065.214241  194580.3102972
 169507.9040189 171786.372016  171956.4036065 179965.3606692
 182559.5516735]
Noised Result
[286991.31428003 189645.3813363  105509.17121146 567587.26190097
 294458.72937653 291381.8238633  200154.32871918 391657.38902199
 364293.31148345  19790.2294368  283893.43048192  14629.9013467
 178525.50372991  41914.25020046 301254.88252264 -10649.96150171
  98595.12468626 272996.30159922 256842.68138447  70700.93299967
 247256.48160545  63219.57268969 382869.6164496  247160.88899151
 309323.80008075]

The result for the 6th execution is
Time
26.00296688079834
Query Result
[168005.3694956 165843.597865  157455.8440283 182763.7681723
 164402.4750887 149154.4094004 162713.1724077 156923.124978
 173259.210624  169003.6296738 157199.5673286 170539.9540517
 165952.8613323 162121.6657314 161655.5765561 175037.9320912
 159053.0425961 176370.2036018 181065.214241  194580.3102972
 169507.9040189 171786.372016  171956.4036065 179965.3606692
 182559.5516735]
Noised Result
[  40066.22371315  379925.21085485  -85180.37889612  -82966.54640054
  137225.68568412  -88833.91649896  257142.49353186  256219.37981968
  157650.5272165   -40059.12970163   69585.75115844 -159098.36714214
  138465.52845256  208510.44390813  319927.78494731   52475.56044731
  284436.37465906  255852.14308233  126642.24045801   74525.41702556
   52575.39348725   50115.73799349  118014.74559756   81739.15495037
  165592.05183922]

The result for the 7th execution is
Time
26.70504856109619
Query Result
[168005.3694956 165843.597865  157455.8440283 182763.7681723
 164402.4750887 149154.4094004 162713.1724077 156923.124978
 173259.210624  169003.6296738 157199.5673286 170539.9540517
 165952.8613323 162121.6657314 161655.5765561 175037.9320912
 159053.0425961 176370.2036018 181065.214241  194580.3102972
 169507.9040189 171786.372016  171956.4036065 179965.3606692
 182559.5516735]
Noised Result
[ 367933.21587483  229478.93761418 -318961.11986242  472708.81733854
  219506.29051655  368421.48370396  238959.18621069    2607.39577471
 -224266.60827623  -28790.65533958  152576.98174111  626981.99494532
  216173.25909865  -57815.44667273  208622.62480474 -282421.69923689
  381597.56811665  501172.77919055  137491.47064148  584685.46203997
 -156000.49252664  -25075.05934579  106678.78028984  569674.65467107
  707850.27535013]

The result for the 8th execution is
Time
26.104715585708618
Query Result
[168005.3694956 165843.597865  157455.8440283 182763.7681723
 164402.4750887 149154.4094004 162713.1724077 156923.124978
 173259.210624  169003.6296738 157199.5673286 170539.9540517
 165952.8613323 162121.6657314 161655.5765561 175037.9320912
 159053.0425961 176370.2036018 181065.214241  194580.3102972
 169507.9040189 171786.372016  171956.4036065 179965.3606692
 182559.5516735]
Noised Result
[-22559.85339861 209538.52812751  -3178.14355562  32884.15778594
 351816.75805757 246257.06729354  47421.92907774 195120.60897741
 223240.6388863   57178.34398926 116074.82768985 315757.30522817
  53077.52652535  53197.19712519 129037.72862513 184464.67656031
  18711.69697528 211422.59183916 169664.56077205  78581.84769432
 387237.50306425 181243.75945679 220647.8397632  150486.33489096
 448574.93575798]

The result for the 9th execution is
Time
26.102710247039795
Query Result
[168005.3694956 165843.597865  157455.8440283 182763.7681723
 164402.4750887 149154.4094004 162713.1724077 156923.124978
 173259.210624  169003.6296738 157199.5673286 170539.9540517
 165952.8613323 162121.6657314 161655.5765561 175037.9320912
 159053.0425961 176370.2036018 181065.214241  194580.3102972
 169507.9040189 171786.372016  171956.4036065 179965.3606692
 182559.5516735]
Noised Result
[158858.20551427 369288.34100285 137602.79921855  87439.18023569
 281129.88587369 328702.5542903  288790.10049138 117819.35413787
 -12458.86829603 486887.89212917  94454.56955953  58576.16725076
 257800.00993573 360761.71006914 -10611.53453159 143877.32151397
 239515.19505555 277648.63442421 260450.67729076  97464.33311214
  46821.34961231 178834.51644003 254794.81839731 124398.61402496
 405631.94899338]

The result for the 10th execution is
Time
26.329874753952026
Query Result
[168005.3694956 165843.597865  157455.8440283 182763.7681723
 164402.4750887 149154.4094004 162713.1724077 156923.124978
 173259.210624  169003.6296738 157199.5673286 170539.9540517
 165952.8613323 162121.6657314 161655.5765561 175037.9320912
 159053.0425961 176370.2036018 181065.214241  194580.3102972
 169507.9040189 171786.372016  171956.4036065 179965.3606692
 182559.5516735]
Noised Result
[204427.40297674 371116.60157521 257704.51008755 -14588.64655821
 330968.4024519   76040.7637883  310649.99099591 116520.97873309
 303313.16859522 -75099.08964037 -10619.56862575 -85539.38929232
 571410.58610897 102207.66052719 109504.86095885 353815.43611588
 263764.93040108  49901.53722423 455426.37554855 212149.48295605
  52091.94572046 262916.7720992  301405.34415978  33142.61402132
 235626.99787072]

The result for the 11th execution is
Time
25.996440410614014
Query Result
[168005.3694956 165843.597865  157455.8440283 182763.7681723
 164402.4750887 149154.4094004 162713.1724077 156923.124978
 173259.210624  169003.6296738 157199.5673286 170539.9540517
 165952.8613323 162121.6657314 161655.5765561 175037.9320912
 159053.0425961 176370.2036018 181065.214241  194580.3102972
 169507.9040189 171786.372016  171956.4036065 179965.3606692
 182559.5516735]
Noised Result
[323194.82815724 149123.15619675 223631.67031727 211921.84355823
 444524.08608574 313609.37279858 419467.41930463 123542.13192169
 182905.13399534  39317.87137345 194896.70313372 191453.56787473
 122173.05714433  10509.42845898 113433.5638539  308685.99146051
 376529.6259355  227872.38241092 184108.68050278 313923.43030193
  86657.85609734 206722.65164842 233869.24521684 152142.86640917
 157809.93484159]

The result for the 12th execution is
Time
25.825284481048584
Query Result
[168005.3694956 165843.597865  157455.8440283 182763.7681723
 164402.4750887 149154.4094004 162713.1724077 156923.124978
 173259.210624  169003.6296738 157199.5673286 170539.9540517
 165952.8613323 162121.6657314 161655.5765561 175037.9320912
 159053.0425961 176370.2036018 181065.214241  194580.3102972
 169507.9040189 171786.372016  171956.4036065 179965.3606692
 182559.5516735]
Noised Result
[153968.63995712 306219.82544462 315184.12945917 286738.65323821
 -50527.30110498 -75390.48797723 340925.48418865 192433.0676
  74270.79256556  17722.72075608 -23856.56033472  17051.4845625
 328449.47069479 211933.81964133 -99603.08675651 127956.43061281
 257139.04564621  98518.31400264 515772.42555473 317853.72658546
  26120.439685   146073.68313322 -13117.78956267  76004.28881447
 112758.9051838 ]

The result for the 13th execution is
Time
25.7192804813385
Query Result
[168005.3694956 165843.597865  157455.8440283 182763.7681723
 164402.4750887 149154.4094004 162713.1724077 156923.124978
 173259.210624  169003.6296738 157199.5673286 170539.9540517
 165952.8613323 162121.6657314 161655.5765561 175037.9320912
 159053.0425961 176370.2036018 181065.214241  194580.3102972
 169507.9040189 171786.372016  171956.4036065 179965.3606692
 182559.5516735]
Noised Result
[185901.83710481 166649.27929887 185894.14073831  45649.54775017
 373901.45250759 211704.3039059  207002.25799687  89575.84821999
  96089.01331154 358921.87289971  16126.1498386  298336.43097349
 247783.84058087 173923.82204643 283650.40809327  71277.02388386
 255318.08202854 116822.49239866 144501.03546495 176766.33442388
 111839.07716811 -90346.71522038 286649.81358096 118050.21544157
 289249.98478484]

The result for the 14th execution is
Time
26.107341289520264
Query Result
[168005.3694956 165843.597865  157455.8440283 182763.7681723
 164402.4750887 149154.4094004 162713.1724077 156923.124978
 173259.210624  169003.6296738 157199.5673286 170539.9540517
 165952.8613323 162121.6657314 161655.5765561 175037.9320912
 159053.0425961 176370.2036018 181065.214241  194580.3102972
 169507.9040189 171786.372016  171956.4036065 179965.3606692
 182559.5516735]
Noised Result
[ 260578.36883478  288829.69665174  218022.89806207  195067.99027811
  154166.30992608  287810.02680318 -188976.29457177  160243.78611875
  195954.42251145   45648.90670415  310919.39814004  183595.27168155
   56492.02607877  238395.88275423  138927.00308245  302815.86857445
  241678.31434673  298605.18170594  272150.0563628   255242.16652231
  128592.93957342  221467.22339297  210457.88632322  461815.87967639
  314507.1279865 ]

The result for the 15th execution is
Time
21.641947746276855
Query Result
[168005.3694956 165843.597865  157455.8440283 182763.7681723
 164402.4750887 149154.4094004 162713.1724077 156923.124978
 173259.210624  169003.6296738 157199.5673286 170539.9540517
 165952.8613323 162121.6657314 161655.5765561 175037.9320912
 159053.0425961 176370.2036018 181065.214241  194580.3102972
 169507.9040189 171786.372016  171956.4036065 179965.3606692
 182559.5516735]
Noised Result
[ 440183.25652969  300208.99492721   31605.49400658  226281.11563235
  107945.63942941   37171.91968208 -128475.61388209  408632.833623
  248343.65313449  186506.89540518  363559.87881371  267598.33101657
   22529.2546681   250022.31000907  171025.07702509  392218.63284766
  210496.38829698   72532.28346037  258869.59280373  126683.50763138
  122223.99182663  261640.26058859  -70002.52363065  115190.84039065
  356887.9153459 ]

The result for the 16th execution is
Time
26.20895552635193
Query Result
[168005.3694956 165843.597865  157455.8440283 182763.7681723
 164402.4750887 149154.4094004 162713.1724077 156923.124978
 173259.210624  169003.6296738 157199.5673286 170539.9540517
 165952.8613323 162121.6657314 161655.5765561 175037.9320912
 159053.0425961 176370.2036018 181065.214241  194580.3102972
 169507.9040189 171786.372016  171956.4036065 179965.3606692
 182559.5516735]
Noised Result
[ 160166.51935825  111172.1401931   221260.59270183  270455.58541556
 -118074.35285464  161081.2137881   152343.88629833  117417.63688688
   61947.33880172  209782.79006972   -2053.2251136   157697.97486464
  273524.47350118  210242.78348255  312937.85330662  219711.61542646
  314447.36643166  466128.5023645    77644.35359194  316350.56475408
  179548.54483362  328375.77750212  119600.65845424  178581.32216465
   49417.18278097]

The result for the 17th execution is
Time
25.672393798828125
Query Result
[168005.3694956 165843.597865  157455.8440283 182763.7681723
 164402.4750887 149154.4094004 162713.1724077 156923.124978
 173259.210624  169003.6296738 157199.5673286 170539.9540517
 165952.8613323 162121.6657314 161655.5765561 175037.9320912
 159053.0425961 176370.2036018 181065.214241  194580.3102972
 169507.9040189 171786.372016  171956.4036065 179965.3606692
 182559.5516735]
Noised Result
[461252.71335085 254938.19033911 186802.30490086 292471.58330436
 234132.0365311    5442.44457371 196534.31445424 469919.78596874
  37085.90455151  55050.88367015 209286.05470102  99264.51988073
 223498.16965404  89896.21145688  43860.02569971 240177.12546605
 302866.40826447 483855.60354316  73441.91320731 296003.60952209
 421174.84500493 164539.12935776 321590.06806583 115875.94750505
 271636.4369633 ]

The result for the 18th execution is
Time
25.7868595123291
Query Result
[168005.3694956 165843.597865  157455.8440283 182763.7681723
 164402.4750887 149154.4094004 162713.1724077 156923.124978
 173259.210624  169003.6296738 157199.5673286 170539.9540517
 165952.8613323 162121.6657314 161655.5765561 175037.9320912
 159053.0425961 176370.2036018 181065.214241  194580.3102972
 169507.9040189 171786.372016  171956.4036065 179965.3606692
 182559.5516735]
Noised Result
[ -99687.75874816  175531.29900205   48780.34945125  396154.57591241
  167162.31802404 -197789.36760859  -69163.44689168  124014.29137848
  382291.83720014 -873733.3846448    88372.18207811  249020.70050079
   17107.73895004 -228021.77574863 -214027.49907245  220660.58248272
  111377.04943543   70052.22730409  219388.12115225 -217617.28720856
  825197.57722451  244846.23654826  250904.99766072  269467.15162665
  439226.83515106]

The result for the 19th execution is
Time
26.060524463653564
Query Result
[168005.3694956 165843.597865  157455.8440283 182763.7681723
 164402.4750887 149154.4094004 162713.1724077 156923.124978
 173259.210624  169003.6296738 157199.5673286 170539.9540517
 165952.8613323 162121.6657314 161655.5765561 175037.9320912
 159053.0425961 176370.2036018 181065.214241  194580.3102972
 169507.9040189 171786.372016  171956.4036065 179965.3606692
 182559.5516735]
Noised Result
[153260.39235889 147589.56987997 106818.27141363 208198.46442198
 134656.64182345 124834.25171301 432708.79082135 109934.66612319
 109324.98503081 114343.39350055 269960.57211441  79838.20026538
 277117.32195881 199088.73350714  97572.70170842 163082.79132968
 194871.1853741  308124.16627207 262340.81383377 183731.12621486
 240158.21902551 187358.43615945 236607.93825958 357464.22875352
 195399.25578834]

