The result for the 0th execution is
Time
99.75840282440186
Query Result
[365541.3146448 364872.0045593 334897.3674182 377721.186895
 316781.7920493 322217.5306328 311377.1336412 321449.4538239
 371200.0205162 362094.3465017 351387.0598025 354595.0123765
 366826.4801417 353692.8776735 341125.0441157 343207.3316317
 350126.3749764 355266.4130546 367146.959121  350285.6125326
 358930.7472158 335115.5118889 350842.7559774 341934.1614589
 360109.822937 ]
Noised Result
[ -17906.33158388 1565922.52114968  278197.67662383  795350.7451606
  462254.09432848  492965.472192   1546244.87438948  243554.43911799
  576311.05938586  468219.75860018  133597.23276572 -148889.64065106
 -453171.78372527 -227891.46444782  708374.96611121  162927.76012305
  337896.08607422 1214245.39164955 -221932.1762689   -32823.13150035
  357262.49143339 1505657.27122515  562423.98008707 -532681.42888319
  398493.42552495]

The result for the 1th execution is
Time
101.19178056716919
Query Result
[365541.3146448 364872.0045593 334897.3674182 377721.186895
 316781.7920493 322217.5306328 311377.1336412 321449.4538239
 371200.0205162 362094.3465017 351387.0598025 354595.0123765
 366826.4801417 353692.8776735 341125.0441157 343207.3316317
 350126.3749764 355266.4130546 367146.959121  350285.6125326
 358930.7472158 335115.5118889 350842.7559774 341934.1614589
 360109.822937 ]
Noised Result
[ 575271.98382652  468463.77137898  626608.59712429  536330.4572191
 -319297.72875039  816763.23409638  999294.41667075  679501.84756124
  777295.17555766 1004090.22984609  375588.31375024 1002060.45733815
 -388203.07959033 1251003.47210897  646173.83927866  232789.59725015
  513830.77563378  342613.35936812  228601.56241173 -553178.0801872
 -667470.99774425 -698438.03094158  625132.40639323 -264845.74382012
  567954.78855392]

The result for the 2th execution is
Time
100.54452872276306
Query Result
[365541.3146448 364872.0045593 334897.3674182 377721.186895
 316781.7920493 322217.5306328 311377.1336412 321449.4538239
 371200.0205162 362094.3465017 351387.0598025 354595.0123765
 366826.4801417 353692.8776735 341125.0441157 343207.3316317
 350126.3749764 355266.4130546 367146.959121  350285.6125326
 358930.7472158 335115.5118889 350842.7559774 341934.1614589
 360109.822937 ]
Noised Result
[293379.27137425 291450.45006991 311833.69799819 479956.77774318
 172150.03124657 387815.61564212 611624.02143545 446125.55451692
  40601.41217582 463529.96568099 261246.9737024  513613.69652181
 307569.36913054 190262.89603099 149183.15989321 410828.1113081
 423614.10797525 194408.91203296 324855.05283975 581354.9935919
 209887.27997448 459154.16380248 470883.42491743 351168.22995469
 273932.18412331]

The result for the 3th execution is
Time
100.08408331871033
Query Result
[365541.3146448 364872.0045593 334897.3674182 377721.186895
 316781.7920493 322217.5306328 311377.1336412 321449.4538239
 371200.0205162 362094.3465017 351387.0598025 354595.0123765
 366826.4801417 353692.8776735 341125.0441157 343207.3316317
 350126.3749764 355266.4130546 367146.959121  350285.6125326
 358930.7472158 335115.5118889 350842.7559774 341934.1614589
 360109.822937 ]
Noised Result
[204421.94653431 -24319.14838071  66802.87078202 284708.30786412
 590528.07488638 415326.48299349 314386.11930101 278839.95117732
 480165.8776717  673387.56939208 470726.20369016 295100.12216081
 285080.05290516 472784.78159428 335540.26304819 328026.12772822
 255041.60822621 320264.33296947 363687.30936829 172341.49292097
 291875.3399436  407916.556281   213466.26281567 100363.24401532
 291637.25784667]

The result for the 4th execution is
Time
93.28156447410583
Query Result
[365541.3146448 364872.0045593 334897.3674182 377721.186895
 316781.7920493 322217.5306328 311377.1336412 321449.4538239
 371200.0205162 362094.3465017 351387.0598025 354595.0123765
 366826.4801417 353692.8776735 341125.0441157 343207.3316317
 350126.3749764 355266.4130546 367146.959121  350285.6125326
 358930.7472158 335115.5118889 350842.7559774 341934.1614589
 360109.822937 ]
Noised Result
[280648.47377805 357806.95534762 453217.72448185 583665.43715864
 349446.4077404  422784.39971107 315848.115952   211555.15728172
 373104.2987506  333337.63804964 387614.68005674 295742.11721247
 516867.47259468 213044.92414619 389997.83752073 284181.71344379
 458235.97824378 428678.83869062 401535.78027003 272456.28911173
 304359.07071027 331603.26426143 -41960.17956048 394436.30833959
 402920.9669905 ]

The result for the 5th execution is
Time
98.99037289619446
Query Result
[365541.3146448 364872.0045593 334897.3674182 377721.186895
 316781.7920493 322217.5306328 311377.1336412 321449.4538239
 371200.0205162 362094.3465017 351387.0598025 354595.0123765
 366826.4801417 353692.8776735 341125.0441157 343207.3316317
 350126.3749764 355266.4130546 367146.959121  350285.6125326
 358930.7472158 335115.5118889 350842.7559774 341934.1614589
 360109.822937 ]
Noised Result
[406384.77556342 343501.37237062 214575.70302435 217589.39558014
 170294.07833636  39710.98756398 628142.50043626 339013.33280605
 263649.98180569 381820.04392151 414698.79874566  40406.32469872
 391972.73680882 570837.38971384 186751.08795959 128745.16766005
 555423.07321324 310685.03332158 506150.2237955  182490.99508803
 287550.8799784  546997.57315912 447376.88609113 439789.49887593
 474708.41950903]

The result for the 6th execution is
Time
94.81764483451843
Query Result
[365541.3146448 364872.0045593 334897.3674182 377721.186895
 316781.7920493 322217.5306328 311377.1336412 321449.4538239
 371200.0205162 362094.3465017 351387.0598025 354595.0123765
 366826.4801417 353692.8776735 341125.0441157 343207.3316317
 350126.3749764 355266.4130546 367146.959121  350285.6125326
 358930.7472158 335115.5118889 350842.7559774 341934.1614589
 360109.822937 ]
Noised Result
[316237.75606391 339313.67774596 113549.38441252 401311.85481806
 256757.73896383 429298.96540451 308672.02594569 415523.62873661
 214185.44892293 412215.04823648 305367.49131363 557967.80360499
 241277.20889154 226872.46613141 389788.1078244  459167.28172752
 428028.39590732 364323.26187317 319648.72418158 581921.97730475
 377588.16195434 338971.2902361  388908.57130306 306895.13521172
 446618.93277441]

The result for the 7th execution is
Time
101.78872323036194
Query Result
[365541.3146448 364872.0045593 334897.3674182 377721.186895
 316781.7920493 322217.5306328 311377.1336412 321449.4538239
 371200.0205162 362094.3465017 351387.0598025 354595.0123765
 366826.4801417 353692.8776735 341125.0441157 343207.3316317
 350126.3749764 355266.4130546 367146.959121  350285.6125326
 358930.7472158 335115.5118889 350842.7559774 341934.1614589
 360109.822937 ]
Noised Result
[238000.26515344 151803.48004226 111291.99414069 290910.42416012
 188016.69455949 476688.95408377 209827.14222713 582280.60451673
 327509.20721047 365403.58924526 502543.13457301 166551.2871054
 435203.54597203 411775.58158281 450576.84990172 248233.41353652
 263841.08664816 223664.85659298 634569.03894643 440292.59357142
 611321.07229173 373527.49692665 438943.10643716 589460.6470586
 263702.79947368]

The result for the 8th execution is
Time
99.57639241218567
Query Result
[365541.3146448 364872.0045593 334897.3674182 377721.186895
 316781.7920493 322217.5306328 311377.1336412 321449.4538239
 371200.0205162 362094.3465017 351387.0598025 354595.0123765
 366826.4801417 353692.8776735 341125.0441157 343207.3316317
 350126.3749764 355266.4130546 367146.959121  350285.6125326
 358930.7472158 335115.5118889 350842.7559774 341934.1614589
 360109.822937 ]
Noised Result
[ 667892.66935215   81049.78619151  192042.93155197  319830.99556176
  719757.20544187  905323.63003636  183335.09381362   35618.27078259
  484896.90024456  156203.68203178 -131416.69869756  466090.40891198
  401624.31698989  502510.22258871  524417.54291835  559407.76227125
  243809.68049238  328986.13684133   33242.80107169  266670.74419879
  487787.1891364   248134.29135271  -63545.77565808  102810.74723663
 -354054.73869942]

The result for the 9th execution is
Time
98.66927433013916
Query Result
[365541.3146448 364872.0045593 334897.3674182 377721.186895
 316781.7920493 322217.5306328 311377.1336412 321449.4538239
 371200.0205162 362094.3465017 351387.0598025 354595.0123765
 366826.4801417 353692.8776735 341125.0441157 343207.3316317
 350126.3749764 355266.4130546 367146.959121  350285.6125326
 358930.7472158 335115.5118889 350842.7559774 341934.1614589
 360109.822937 ]
Noised Result
[ 399108.20083747  -64270.92147752  640405.73619793   49859.93490141
   33445.98579667  655166.95598239  367515.99140573  345954.54330735
   85684.59928108  940816.96758269  233973.9224546   696811.15430911
  410881.42506174  174228.48103429  272972.01719411  133245.78315377
 -219561.60595674  607823.57490021  509717.91549703 -180615.0791926
   12446.72164081  325349.87868357  214497.52594224    6080.4515031
    3341.18533131]

The result for the 10th execution is
Time
99.05804324150085
Query Result
[365541.3146448 364872.0045593 334897.3674182 377721.186895
 316781.7920493 322217.5306328 311377.1336412 321449.4538239
 371200.0205162 362094.3465017 351387.0598025 354595.0123765
 366826.4801417 353692.8776735 341125.0441157 343207.3316317
 350126.3749764 355266.4130546 367146.959121  350285.6125326
 358930.7472158 335115.5118889 350842.7559774 341934.1614589
 360109.822937 ]
Noised Result
[457469.64878149 535980.38642198 504229.78110458 572652.37396195
 458862.32507632  81281.15575317 147665.31345039 434104.6727475
 358899.4425021  442943.90698737 235011.08510841 402328.42785842
 701844.35789516 295319.99133317 408337.54039405 170966.07560266
 316398.90922863 226790.30415427 414012.04568019 442666.1337872
 239451.25029405 470822.12418959 489175.43355049 323873.43926811
 680378.66762848]

The result for the 11th execution is
Time
79.31555604934692
Query Result
[365541.3146448 364872.0045593 334897.3674182 377721.186895
 316781.7920493 322217.5306328 311377.1336412 321449.4538239
 371200.0205162 362094.3465017 351387.0598025 354595.0123765
 366826.4801417 353692.8776735 341125.0441157 343207.3316317
 350126.3749764 355266.4130546 367146.959121  350285.6125326
 358930.7472158 335115.5118889 350842.7559774 341934.1614589
 360109.822937 ]
Noised Result
[142577.03036747 415399.60451618 387105.02336585 484120.29810247
 470362.53356906 513434.12404164  50133.38762546 154743.44822464
 394511.00796183 196083.47401198 319720.05504996 186709.03607729
 494529.56573734 435978.13821732 561861.82511366 468370.1605291
 264220.49044884 489837.14853886 249823.57035729 271960.24340397
 249660.91800667 306715.0114492  423689.28850711 406770.36100417
 404275.53681857]

The result for the 12th execution is
Time
98.31644248962402
Query Result
[365541.3146448 364872.0045593 334897.3674182 377721.186895
 316781.7920493 322217.5306328 311377.1336412 321449.4538239
 371200.0205162 362094.3465017 351387.0598025 354595.0123765
 366826.4801417 353692.8776735 341125.0441157 343207.3316317
 350126.3749764 355266.4130546 367146.959121  350285.6125326
 358930.7472158 335115.5118889 350842.7559774 341934.1614589
 360109.822937 ]
Noised Result
[ 407116.12216343  493569.5884692   324019.11287054  641157.6798185
  317442.87078222  235221.74329716 -162607.69786035  572539.30479459
   49030.0745036   370477.09987344  519949.81919011  397476.30145393
  908284.75858701  967034.342115    240223.24009249  198352.77359448
   85221.39436856  764793.87174162  -54171.07193416 -121039.2809468
  412086.19715072  180025.27989044  203258.26415279  628614.75107686
  396842.84589325]

The result for the 13th execution is
Time
99.6984236240387
Query Result
[365541.3146448 364872.0045593 334897.3674182 377721.186895
 316781.7920493 322217.5306328 311377.1336412 321449.4538239
 371200.0205162 362094.3465017 351387.0598025 354595.0123765
 366826.4801417 353692.8776735 341125.0441157 343207.3316317
 350126.3749764 355266.4130546 367146.959121  350285.6125326
 358930.7472158 335115.5118889 350842.7559774 341934.1614589
 360109.822937 ]
Noised Result
[498207.94691429 479370.83945391 340129.55044647 902977.81946248
 527868.72992843  59146.12673524 340005.36311572 182700.16407411
 366812.02223832 465910.35396735 256118.65727434 343394.3685958
 447386.35944465 455009.41789402 431345.67658455 350553.53963606
 147300.72491624 405867.42898612 429588.30073825 428069.61718851
 710511.31890274 647136.41192485 393521.61711169 395542.39581965
 332994.68816068]

The result for the 14th execution is
Time
99.6686339378357
Query Result
[365541.3146448 364872.0045593 334897.3674182 377721.186895
 316781.7920493 322217.5306328 311377.1336412 321449.4538239
 371200.0205162 362094.3465017 351387.0598025 354595.0123765
 366826.4801417 353692.8776735 341125.0441157 343207.3316317
 350126.3749764 355266.4130546 367146.959121  350285.6125326
 358930.7472158 335115.5118889 350842.7559774 341934.1614589
 360109.822937 ]
Noised Result
[165691.04453585 492937.22004065 526833.42274785 319480.13192041
 273715.67560143 -33642.31570424 294726.45248623 483868.17709894
 556560.79608434 269278.22936876 387224.36546316  71986.84309606
 338739.97090097 441911.98592893 441935.54335659 442411.1222017
 561383.21177557 177203.59874072 329889.28386098 312464.06546788
 329585.75207491 339625.71366429 448379.06516967 111201.81277385
 374626.17973217]

The result for the 15th execution is
Time
99.08872580528259
Query Result
[365541.3146448 364872.0045593 334897.3674182 377721.186895
 316781.7920493 322217.5306328 311377.1336412 321449.4538239
 371200.0205162 362094.3465017 351387.0598025 354595.0123765
 366826.4801417 353692.8776735 341125.0441157 343207.3316317
 350126.3749764 355266.4130546 367146.959121  350285.6125326
 358930.7472158 335115.5118889 350842.7559774 341934.1614589
 360109.822937 ]
Noised Result
[429966.71911709 485131.33261068 407954.25094186 345235.26656017
 468998.5750873  444783.9716461  445956.52508207 548728.01085973
 505428.3097201   59627.54058985 546135.61226181 545354.44023415
 349141.65444704 576661.07775027 359855.83751854 299069.91335123
 508458.4335324  550058.47253412 325695.36914285 422467.97375267
 -19761.30138858 449909.65630994 239740.8991044  278804.48440552
 651188.7661485 ]

The result for the 16th execution is
Time
98.9435179233551
Query Result
[365541.3146448 364872.0045593 334897.3674182 377721.186895
 316781.7920493 322217.5306328 311377.1336412 321449.4538239
 371200.0205162 362094.3465017 351387.0598025 354595.0123765
 366826.4801417 353692.8776735 341125.0441157 343207.3316317
 350126.3749764 355266.4130546 367146.959121  350285.6125326
 358930.7472158 335115.5118889 350842.7559774 341934.1614589
 360109.822937 ]
Noised Result
[273334.2888552  281665.91451517  18365.25732935 679947.29518815
 271051.35525701 175366.82224936 389855.53943209 241185.31384899
 349707.38014503 350511.4233477  325964.01510334 530701.39722446
 200116.6500273  475518.58181166 385034.32144812 350974.99024755
 480001.81828408 675153.93683743 340242.33536706 437615.74127555
 418501.7325047  305554.53488215 447456.11208079 267783.8314573
 242091.25313142]

The result for the 17th execution is
Time
98.96396040916443
Query Result
[365541.3146448 364872.0045593 334897.3674182 377721.186895
 316781.7920493 322217.5306328 311377.1336412 321449.4538239
 371200.0205162 362094.3465017 351387.0598025 354595.0123765
 366826.4801417 353692.8776735 341125.0441157 343207.3316317
 350126.3749764 355266.4130546 367146.959121  350285.6125326
 358930.7472158 335115.5118889 350842.7559774 341934.1614589
 360109.822937 ]
Noised Result
[ 498346.97107744  732802.22899138  246473.66648148  108951.76839891
   33086.55953219  606159.3151516   546458.56490107  432430.08592382
  490117.33199735  165583.6767842   650941.35347316  516636.45963212
  764860.20625893  539067.5561928   591669.20484234   96946.37129924
  134308.57016243  643402.10475846 1519981.8720478   250722.9150314
  795742.76033538  520977.47233881  310041.21977348  325634.41580649
  336721.32803052]

The result for the 18th execution is
Time
98.37233138084412
Query Result
[365541.3146448 364872.0045593 334897.3674182 377721.186895
 316781.7920493 322217.5306328 311377.1336412 321449.4538239
 371200.0205162 362094.3465017 351387.0598025 354595.0123765
 366826.4801417 353692.8776735 341125.0441157 343207.3316317
 350126.3749764 355266.4130546 367146.959121  350285.6125326
 358930.7472158 335115.5118889 350842.7559774 341934.1614589
 360109.822937 ]
Noised Result
[210354.54484919 270477.81019377 337812.78355758 320590.26876603
 325353.69012118 544161.27148095 414138.30834338 367810.12031104
 216228.12201919 474665.6098489  355637.08253724 143067.40001344
 264033.60483776 494988.54786962 513062.61585192 374804.14373206
 361661.47706283 349752.60212441 301857.00549545 274595.22530246
 460732.05480593 396549.50021049  91118.59781317 300064.8672849
 552779.75945561]

The result for the 19th execution is
Time
98.54365420341492
Query Result
[365541.3146448 364872.0045593 334897.3674182 377721.186895
 316781.7920493 322217.5306328 311377.1336412 321449.4538239
 371200.0205162 362094.3465017 351387.0598025 354595.0123765
 366826.4801417 353692.8776735 341125.0441157 343207.3316317
 350126.3749764 355266.4130546 367146.959121  350285.6125326
 358930.7472158 335115.5118889 350842.7559774 341934.1614589
 360109.822937 ]
Noised Result
[502749.68287915 221995.45514535 466077.15032899 423749.46621006
 347515.63028355 271488.77672361 185587.89163628 324366.8494072
 647762.63953925 503731.64769231 240747.35415851 518127.57820412
 551837.96274162 263816.86949048 260252.65138817 548445.89422533
 537124.31482049 576793.55520694 203672.9895408  359844.51682699
 585035.56942378 465902.32638921 545846.1010287  322356.36745979
 324112.91512978]

