The result for the 0th execution is
Time
105.58029222488403
Query Result
[24539. 24358. 24530. 25052. 24822. 24826. 24806. 24750. 24774. 25207.
 24526. 24751. 24979. 24569. 24741. 24858. 24754. 24557. 24920. 24809.
 25146. 24882. 25133. 24865. 25137. 25043. 24727. 25134. 25083. 24965.
 24594. 24719. 24377. 24313. 24697. 24517. 24374. 24541. 24693. 24550.
 24771. 24939. 24662. 24419. 24774. 24373. 24873. 24324. 24696. 24605.]
Noised Result
[22865.80133949 24359.65140712 26218.78273359 24707.67458909
 24745.96645522 25539.32111808 24584.73927923 23070.81576672
 24132.66594331 26454.46172768 26375.15612153 26235.59705501
 27480.02702094 25636.75354104 24416.11328994 23620.75871812
 24330.48727198 24380.53959035 25168.76931059 22802.31074519
 24040.66396017 24834.36741253 23527.6564941  24985.30841365
 25640.65081319 24436.73571847 26880.36517796 24461.21844269
 25590.78420698 26069.41690625 25075.50913672 23764.05772511
 24427.07559729 22579.82269363 25472.97437094 24233.45739352
 25370.63201484 25555.89339574 24607.92383325 23492.68169961
 26711.29210677 25679.32863674 24572.65181423 24149.92380738
 23641.46969397 24957.16266308 25054.13792796 24862.66816344
 22792.46791722 24923.36256432]

The result for the 1th execution is
Time
104.09727025032043
Query Result
[24539. 24358. 24530. 25052. 24822. 24826. 24806. 24750. 24774. 25207.
 24526. 24751. 24979. 24569. 24741. 24858. 24754. 24557. 24920. 24809.
 25146. 24882. 25133. 24865. 25137. 25043. 24727. 25134. 25083. 24965.
 24594. 24719. 24377. 24313. 24697. 24517. 24374. 24541. 24693. 24550.
 24771. 24939. 24662. 24419. 24774. 24373. 24873. 24324. 24696. 24605.]
Noised Result
[25526.09316181 21889.62524329 24291.96668772 24990.11733989
 25414.86797677 24599.53983852 24394.6148808  23452.8100454
 24253.47187049 24485.19614743 23511.61623138 24506.89863137
 25538.64926525 23379.42730258 26230.09491037 24900.71147123
 22665.95301859 23853.1125339  25539.54753643 23626.23718293
 24856.99819814 23372.26024759 24847.04881023 26214.37178752
 24699.75093971 24395.91052166 23662.12912988 25880.25774923
 24014.96307203 24864.16120227 24702.34708129 26989.35732814
 25447.9955924  25320.45135421 24378.68908979 26404.86528002
 24231.73775487 24562.67048734 24802.72876243 23882.50172176
 25786.41956364 23645.82595962 23676.89756946 23763.40388612
 25135.93320523 24501.27190007 26477.04371895 23580.9617031
 22963.2725948  23443.93517293]

The result for the 2th execution is
Time
104.18976712226868
Query Result
[24539. 24358. 24530. 25052. 24822. 24826. 24806. 24750. 24774. 25207.
 24526. 24751. 24979. 24569. 24741. 24858. 24754. 24557. 24920. 24809.
 25146. 24882. 25133. 24865. 25137. 25043. 24727. 25134. 25083. 24965.
 24594. 24719. 24377. 24313. 24697. 24517. 24374. 24541. 24693. 24550.
 24771. 24939. 24662. 24419. 24774. 24373. 24873. 24324. 24696. 24605.]
Noised Result
[26428.70919659 22321.73787962 25736.86943129 23523.06329643
 23746.04236534 24802.74565275 26248.47298446 25042.91240524
 21595.12920383 28262.35313009 24118.73149086 29326.82533655
 21649.75717264 29465.53646811 19358.20134155 24778.54135661
 27186.20829937 23480.66146251 25192.33628884 27634.07445395
 27444.41218687 24080.6854139  24695.48989273 25885.1276525
 27913.65714167 22848.90526454 27722.05041771 26453.43777924
 26381.9385504  28877.32983732 25489.77917173 27084.6693529
 22889.83349544 25141.31924182 27559.03767335 24490.29909177
 22681.00466722 25098.35302199 23736.09549458 24946.96676558
 23087.14087106 23703.00995206 25768.81447329 23491.38444872
 23297.76040603 23080.45685205 20783.46770781 21462.69689207
 25218.64022239 25369.51904839]

The result for the 3th execution is
Time
102.80719327926636
Query Result
[24539. 24358. 24530. 25052. 24822. 24826. 24806. 24750. 24774. 25207.
 24526. 24751. 24979. 24569. 24741. 24858. 24754. 24557. 24920. 24809.
 25146. 24882. 25133. 24865. 25137. 25043. 24727. 25134. 25083. 24965.
 24594. 24719. 24377. 24313. 24697. 24517. 24374. 24541. 24693. 24550.
 24771. 24939. 24662. 24419. 24774. 24373. 24873. 24324. 24696. 24605.]
Noised Result
[22302.63646705 24755.21894597 25575.08354184 25895.83549667
 25001.58375882 25453.05755505 26280.73801144 24422.97302142
 23618.02468888 24098.81052195 23951.65484198 26827.87307502
 24794.90068437 26014.26378078 22639.15097957 25156.55301764
 25457.71920873 26797.1801602  25683.85625526 25984.14264424
 25332.75120026 23428.4077758  25769.88463286 24583.82067903
 26702.22245671 24166.10814895 22784.55007819 24079.16468733
 25726.75107617 25823.03815017 25422.95442847 23403.22981816
 24216.77802919 23900.41766363 25541.42035862 25367.30553994
 25274.18041379 23302.03541766 23472.14227593 24954.13374962
 25714.4672453  26385.55516225 25186.42491829 21550.83461613
 24999.64222237 24428.46162187 25971.2857057  25300.73398497
 24345.35819383 24450.68247957]

The result for the 4th execution is
Time
105.50849843025208
Query Result
[24539. 24358. 24530. 25052. 24822. 24826. 24806. 24750. 24774. 25207.
 24526. 24751. 24979. 24569. 24741. 24858. 24754. 24557. 24920. 24809.
 25146. 24882. 25133. 24865. 25137. 25043. 24727. 25134. 25083. 24965.
 24594. 24719. 24377. 24313. 24697. 24517. 24374. 24541. 24693. 24550.
 24771. 24939. 24662. 24419. 24774. 24373. 24873. 24324. 24696. 24605.]
Noised Result
[26367.31211401 24997.58389278 24780.58874533 27137.8620691
 26509.72050155 24513.16252945 26194.54424765 24384.8425751
 23469.11708759 23511.3054884  24136.52780834 23372.55118573
 24753.15010435 23178.90979426 24203.109148   25981.69626585
 23609.68803909 25712.34589134 23608.31823897 25305.18940685
 24784.63414102 23379.0716989  26025.60111203 25611.09542438
 27111.88275645 24814.90200166 26842.13148998 24359.10542317
 23150.00547376 25542.0530239  23722.9249821  24149.35551119
 24845.4521631  25584.31598695 24263.62951243 25466.65370906
 24206.55280503 22940.00548899 25969.06160306 26830.34135342
 25322.2141647  24887.03065647 25452.72434752 25803.63917522
 25192.53413319 26646.80881858 27273.56976607 24117.98682905
 26276.90566542 24301.13242423]

The result for the 5th execution is
Time
107.71229648590088
Query Result
[24539. 24358. 24530. 25052. 24822. 24826. 24806. 24750. 24774. 25207.
 24526. 24751. 24979. 24569. 24741. 24858. 24754. 24557. 24920. 24809.
 25146. 24882. 25133. 24865. 25137. 25043. 24727. 25134. 25083. 24965.
 24594. 24719. 24377. 24313. 24697. 24517. 24374. 24541. 24693. 24550.
 24771. 24939. 24662. 24419. 24774. 24373. 24873. 24324. 24696. 24605.]
Noised Result
[24438.95678659 25537.77845112 25910.28536794 20887.30711805
 24626.34504347 26746.08715933 26904.33685062 24798.68338364
 24618.42834777 26050.7727719  23398.74896194 26896.90172254
 24583.74933653 26417.3000101  27613.70340898 21867.32595396
 23133.51822148 25715.515653   25449.70494908 23501.37562864
 24512.65057578 23518.91188116 24309.9874182  26022.65835883
 22536.55809218 23940.59504823 24280.43006203 21415.00878093
 26336.13974763 24354.08909581 25133.79542343 23060.68918907
 21463.49103973 23742.54903274 24927.74097066 28189.51198485
 26460.98195391 23231.62953632 22546.15643614 27333.18860153
 27599.61675316 26881.61735253 20842.41728477 25549.05848274
 25993.89448533 24812.04865672 23354.65147793 28573.79417312
 24336.56950552 25120.24659746]

The result for the 6th execution is
Time
106.93484425544739
Query Result
[24539. 24358. 24530. 25052. 24822. 24826. 24806. 24750. 24774. 25207.
 24526. 24751. 24979. 24569. 24741. 24858. 24754. 24557. 24920. 24809.
 25146. 24882. 25133. 24865. 25137. 25043. 24727. 25134. 25083. 24965.
 24594. 24719. 24377. 24313. 24697. 24517. 24374. 24541. 24693. 24550.
 24771. 24939. 24662. 24419. 24774. 24373. 24873. 24324. 24696. 24605.]
Noised Result
[22571.07725237 25454.12105707 24866.64519479 23923.57848978
 23677.83966407 22228.57656231 25484.51211095 26163.78305368
 25501.21020639 24301.2953362  22166.61519159 23622.52107095
 23538.78514411 24338.31558374 26093.91592496 25660.96429005
 26104.90075658 24959.24547186 25549.75439164 25260.15390871
 23401.83838481 24664.69533938 25653.01020598 24450.96932956
 25389.66525669 24601.24096959 23768.27679587 25770.89868146
 24792.00979493 25131.16952169 23445.60537974 25204.16192828
 25721.19259084 23970.40577981 22692.56059273 25552.08969699
 25691.90159776 27062.00377674 23952.15710427 25718.74334115
 25208.0186872  26675.17123821 26068.14809454 26313.67394138
 25700.35848272 24292.8499817  24699.83252346 24091.25313933
 24659.10198076 24472.62387441]

The result for the 7th execution is
Time
104.7264997959137
Query Result
[24539. 24358. 24530. 25052. 24822. 24826. 24806. 24750. 24774. 25207.
 24526. 24751. 24979. 24569. 24741. 24858. 24754. 24557. 24920. 24809.
 25146. 24882. 25133. 24865. 25137. 25043. 24727. 25134. 25083. 24965.
 24594. 24719. 24377. 24313. 24697. 24517. 24374. 24541. 24693. 24550.
 24771. 24939. 24662. 24419. 24774. 24373. 24873. 24324. 24696. 24605.]
Noised Result
[23524.77370679 23726.87221832 24215.89638189 24444.57377212
 23282.60597855 23454.31522166 23921.78791201 24657.68056023
 25672.82771948 24251.77294096 24781.24778555 26523.82578175
 24674.5061218  25969.6635298  24446.97551709 25516.2231803
 24297.50487863 24223.35742956 24839.73646289 25533.00848595
 24665.8660954  25242.90438794 26710.00071906 24438.45103126
 24309.81129896 24902.20225489 24087.24695955 21694.17583127
 24400.85033332 25370.03829682 24282.23385604 24825.30195373
 22845.83353496 24341.64393295 24485.02585114 22977.19307419
 25806.24132053 24682.95443338 25705.47399301 24114.19754954
 26261.91739132 24132.31530139 25418.77176636 22787.53960948
 23406.38861017 23698.58403128 25064.19631813 25009.44343917
 26910.83073474 24229.86589764]

The result for the 8th execution is
Time
107.72491192817688
Query Result
[24539. 24358. 24530. 25052. 24822. 24826. 24806. 24750. 24774. 25207.
 24526. 24751. 24979. 24569. 24741. 24858. 24754. 24557. 24920. 24809.
 25146. 24882. 25133. 24865. 25137. 25043. 24727. 25134. 25083. 24965.
 24594. 24719. 24377. 24313. 24697. 24517. 24374. 24541. 24693. 24550.
 24771. 24939. 24662. 24419. 24774. 24373. 24873. 24324. 24696. 24605.]
Noised Result
[24214.05530011 23683.02660202 21972.46811449 24945.24964252
 25634.45246318 23146.57062505 25881.0136738  26243.51114603
 23832.69757318 24378.37702165 24675.7852479  22619.37684173
 23007.89647058 23108.39157152 25907.26302781 24886.91231406
 25566.37368953 25087.14547135 23798.79763105 23793.24247734
 23688.4149626  24225.51717457 25291.52100022 25618.31695157
 25165.78770471 24763.1460786  24877.45819471 24994.60615962
 25217.72540137 25681.98946336 24915.39556819 23589.48211362
 25530.92879506 25456.9811272  26004.30731001 24643.40240118
 23802.11678254 22151.88043788 23818.53685669 23327.05845612
 22999.61496204 26669.49545427 24679.09653086 24870.03521682
 23282.56022738 24302.84695187 23177.36485771 23943.29676367
 24413.38692128 23218.50092275]

The result for the 9th execution is
Time
105.52817058563232
Query Result
[24539. 24358. 24530. 25052. 24822. 24826. 24806. 24750. 24774. 25207.
 24526. 24751. 24979. 24569. 24741. 24858. 24754. 24557. 24920. 24809.
 25146. 24882. 25133. 24865. 25137. 25043. 24727. 25134. 25083. 24965.
 24594. 24719. 24377. 24313. 24697. 24517. 24374. 24541. 24693. 24550.
 24771. 24939. 24662. 24419. 24774. 24373. 24873. 24324. 24696. 24605.]
Noised Result
[25502.83346482 23757.58417301 24153.60204205 25119.55821327
 25371.39563115 24308.69253752 25919.40794203 23411.02005228
 24056.87217282 26048.77284034 23133.95050925 22404.66081631
 24919.23072887 24863.56393974 25820.7127238  24746.09112178
 24548.62627419 23694.27156852 24316.85424615 25317.60071869
 27066.0273006  24082.86080988 25017.11081263 23839.55686593
 25010.55673641 25032.83032606 24111.83937386 24457.13706189
 24905.1533825  24971.0483702  24127.47802536 24954.55834617
 24950.54522073 23615.03974212 25974.17645524 23128.3233082
 24905.97417024 23554.13066601 23873.2398707  24697.55567499
 25326.67593853 26170.95378716 24439.03060375 23765.28459233
 23904.28615079 23824.38774465 26471.86429979 25563.07129144
 25117.38561348 25652.68441298]

The result for the 10th execution is
Time
102.34164381027222
Query Result
[24539. 24358. 24530. 25052. 24822. 24826. 24806. 24750. 24774. 25207.
 24526. 24751. 24979. 24569. 24741. 24858. 24754. 24557. 24920. 24809.
 25146. 24882. 25133. 24865. 25137. 25043. 24727. 25134. 25083. 24965.
 24594. 24719. 24377. 24313. 24697. 24517. 24374. 24541. 24693. 24550.
 24771. 24939. 24662. 24419. 24774. 24373. 24873. 24324. 24696. 24605.]
Noised Result
[25573.24111294 28430.06578087 24454.01824582 23703.88910158
 27864.75446574 25759.11928716 24538.60837212 28291.71936117
 29617.29211327 24238.72676997 24897.01632683 27090.13100108
 24202.87647438 22748.70762642 26112.24601035 21961.42630382
 28602.46705311 25729.12506234 27784.95892137 25522.56711004
 22007.34216689 23115.96277312 26960.72958957 24111.52490061
 26791.50808869 31960.06561385 29571.83444673 26406.63224358
 24108.21745353 21897.69711686 24602.49658368 24572.94155541
 21615.19546173 25231.07834699 24447.27871336 21830.68121425
 25505.16888248 27658.43189273 25685.58244967 25718.28186126
 24944.44339025 21919.85253414 27165.08588422 26031.62189897
 24718.35248179 28220.83394249 24560.16409483 19566.94246206
 23548.22056461 24511.68032477]

The result for the 11th execution is
Time
106.35459899902344
Query Result
[24539. 24358. 24530. 25052. 24822. 24826. 24806. 24750. 24774. 25207.
 24526. 24751. 24979. 24569. 24741. 24858. 24754. 24557. 24920. 24809.
 25146. 24882. 25133. 24865. 25137. 25043. 24727. 25134. 25083. 24965.
 24594. 24719. 24377. 24313. 24697. 24517. 24374. 24541. 24693. 24550.
 24771. 24939. 24662. 24419. 24774. 24373. 24873. 24324. 24696. 24605.]
Noised Result
[24544.42580976 26302.6258657  25497.28953339 24289.37488494
 25419.03303269 26086.39547571 25112.28712025 24724.37829812
 24678.69623989 23649.48978181 25016.2975038  26483.77823151
 25646.23147182 23721.3069121  23557.53759258 24774.28312238
 23362.10573487 22905.50712205 24985.63021728 27103.17409329
 25040.82070597 26995.38277306 23382.20382404 24120.79465915
 23446.89253209 25883.30498819 24096.42970996 25319.70936423
 28224.44699434 24725.2078021  25564.6472604  25032.28974517
 25672.75616938 24984.14181186 25123.01894736 22072.13819438
 23733.74900883 25512.24813467 24431.39892974 23018.24587282
 25143.81985542 23468.9789865  22256.56976526 24293.29133147
 26359.98577829 23213.31930149 23748.59124482 24487.80792132
 22626.01585178 22930.88548411]

The result for the 12th execution is
Time
103.96499991416931
Query Result
[24539. 24358. 24530. 25052. 24822. 24826. 24806. 24750. 24774. 25207.
 24526. 24751. 24979. 24569. 24741. 24858. 24754. 24557. 24920. 24809.
 25146. 24882. 25133. 24865. 25137. 25043. 24727. 25134. 25083. 24965.
 24594. 24719. 24377. 24313. 24697. 24517. 24374. 24541. 24693. 24550.
 24771. 24939. 24662. 24419. 24774. 24373. 24873. 24324. 24696. 24605.]
Noised Result
[24934.60972904 28560.29900127 23078.18757622 25456.79274979
 24693.31249437 22252.46652593 24641.79282829 26979.47892195
 23013.28327099 22485.15880887 23341.36705188 22208.03362328
 23997.91847436 26612.44121539 28344.30979547 22821.05450099
 22251.3561789  23114.49898099 22096.20727759 25402.70880553
 26314.74582745 24932.38161482 25721.3070387  25386.93107724
 25735.51864275 25020.77332045 20316.18586092 26901.44831469
 20115.34400021 32948.42398818 22942.65211619 21602.91468076
 21336.96712836 24251.69575682 24068.23206418 19627.20758362
 20447.07061119 25417.27999506 24179.19056541 20411.08177832
 22783.36987051 23006.03435982 24976.43243673 26614.28690548
 24703.24494169 20238.59708543 24739.32650116 27679.45758839
 23255.86828951 21420.78624762]

The result for the 13th execution is
Time
102.23550081253052
Query Result
[24539. 24358. 24530. 25052. 24822. 24826. 24806. 24750. 24774. 25207.
 24526. 24751. 24979. 24569. 24741. 24858. 24754. 24557. 24920. 24809.
 25146. 24882. 25133. 24865. 25137. 25043. 24727. 25134. 25083. 24965.
 24594. 24719. 24377. 24313. 24697. 24517. 24374. 24541. 24693. 24550.
 24771. 24939. 24662. 24419. 24774. 24373. 24873. 24324. 24696. 24605.]
Noised Result
[24997.23331921 25244.60243391 23795.85225951 24829.17573954
 24866.79161523 24299.82958427 23660.54930254 24828.89311852
 22964.99120779 23728.94165525 25148.92079751 24297.3252574
 24786.63433546 23711.35936213 24572.78105281 23896.14789363
 23720.85333667 26530.98429087 24416.86134066 25306.71693158
 24048.79591316 23354.25318026 25237.79902065 25839.7366169
 25058.01342461 25076.25298631 25260.74816494 25282.81244837
 25483.47390118 25039.31121069 23838.57020726 25856.5743636
 25671.36150818 24495.0312471  24689.75871633 25958.67893632
 24616.48797934 24662.183204   24940.51305315 24446.34959127
 24882.11975176 24572.4155683  25671.11772607 22805.21304673
 24237.76261472 24461.88407419 23825.50852676 24685.50410936
 24948.3110906  23204.76500462]

The result for the 14th execution is
Time
106.70006322860718
Query Result
[24539. 24358. 24530. 25052. 24822. 24826. 24806. 24750. 24774. 25207.
 24526. 24751. 24979. 24569. 24741. 24858. 24754. 24557. 24920. 24809.
 25146. 24882. 25133. 24865. 25137. 25043. 24727. 25134. 25083. 24965.
 24594. 24719. 24377. 24313. 24697. 24517. 24374. 24541. 24693. 24550.
 24771. 24939. 24662. 24419. 24774. 24373. 24873. 24324. 24696. 24605.]
Noised Result
[23646.23972036 23735.42505613 25603.56296792 25201.20881653
 25966.96480839 25297.9099399  25000.67364934 24396.66763046
 24926.88609266 25049.23891154 24071.29208992 25612.94774844
 24370.36295572 25174.0258216  25266.44342302 25867.25915652
 26078.68156856 23674.34814674 24125.4395458  23516.50321806
 25376.57243373 24993.97098445 25138.3893558  24429.6699005
 25944.07654171 26046.09218738 24484.18358862 24013.81659262
 25180.40170101 23254.30490573 22890.68494074 25861.0974904
 24120.66057833 24980.70434151 25036.44803229 24754.45202206
 24534.55403101 24171.19386115 23096.53858328 26932.98883182
 24885.46710707 25691.80344657 25237.41447664 24446.78045941
 25103.30228406 25473.20262151 26100.82131239 23389.45439546
 23526.55927142 23890.15537925]

The result for the 15th execution is
Time
105.18946313858032
Query Result
[24539. 24358. 24530. 25052. 24822. 24826. 24806. 24750. 24774. 25207.
 24526. 24751. 24979. 24569. 24741. 24858. 24754. 24557. 24920. 24809.
 25146. 24882. 25133. 24865. 25137. 25043. 24727. 25134. 25083. 24965.
 24594. 24719. 24377. 24313. 24697. 24517. 24374. 24541. 24693. 24550.
 24771. 24939. 24662. 24419. 24774. 24373. 24873. 24324. 24696. 24605.]
Noised Result
[23094.8809191  24125.35873886 25249.34867135 23174.95984769
 25102.4692964  24950.22403964 26005.47127537 25569.27763165
 26373.14974593 27633.56362355 25221.35508981 25867.45356624
 26258.90201688 25610.27706811 24799.37655201 25433.44896806
 25112.67884074 25089.99188797 24925.3624518  24994.18746089
 25526.5367873  25422.64545367 24353.634784   25050.71254604
 27061.10946724 25098.03805363 26196.9174618  23888.60934652
 28009.64803515 25901.33243567 26179.82694382 24384.43060216
 25172.95962045 25930.74888655 26303.06616993 23262.16126665
 26267.41190377 24208.86672322 24677.39724238 22458.6130399
 25311.14184688 24910.77521771 24529.23220676 24838.617243
 23576.99030166 24364.54521766 26972.80917835 23206.48310662
 23817.14439722 22730.90727416]

The result for the 16th execution is
Time
106.40397834777832
Query Result
[24539. 24358. 24530. 25052. 24822. 24826. 24806. 24750. 24774. 25207.
 24526. 24751. 24979. 24569. 24741. 24858. 24754. 24557. 24920. 24809.
 25146. 24882. 25133. 24865. 25137. 25043. 24727. 25134. 25083. 24965.
 24594. 24719. 24377. 24313. 24697. 24517. 24374. 24541. 24693. 24550.
 24771. 24939. 24662. 24419. 24774. 24373. 24873. 24324. 24696. 24605.]
Noised Result
[24023.93766599 26660.95536343 22419.3824128  24092.03582424
 24689.89055777 21643.10401967 21715.79849568 24859.89700695
 27853.47137348 28644.41438005 26498.21484219 20745.58381944
 27913.01977867 24278.47305263 27107.9835068  28119.9183816
 22926.99396908 22341.87080621 28451.58975633 21876.26372361
 26195.81268157 24800.30189075 23605.22131054 24827.10946401
 25961.14622282 28550.28200381 24067.6837711  23985.13223805
 23261.6355189  25978.99234744 22127.98434841 17427.05508439
 21596.33733174 27942.91204708 23190.02487951 26614.97898651
 23297.585142   26388.10148608 23684.53008583 26657.21191692
 28199.10577115 26002.99691797 26803.98624084 23574.10771058
 24819.52550473 25613.89443713 23506.97012026 25207.99504765
 25078.86150072 24950.99833026]

The result for the 17th execution is
Time
106.19324445724487
Query Result
[24539. 24358. 24530. 25052. 24822. 24826. 24806. 24750. 24774. 25207.
 24526. 24751. 24979. 24569. 24741. 24858. 24754. 24557. 24920. 24809.
 25146. 24882. 25133. 24865. 25137. 25043. 24727. 25134. 25083. 24965.
 24594. 24719. 24377. 24313. 24697. 24517. 24374. 24541. 24693. 24550.
 24771. 24939. 24662. 24419. 24774. 24373. 24873. 24324. 24696. 24605.]
Noised Result
[20434.29606177 26737.82178471 25062.31689009 32901.11469167
 30626.00203289 22081.85665826 16738.53257889 25440.27309633
 24661.61928905 21806.55347709 23155.3303898  33172.99618476
 23843.26421531 30901.73648064 20752.42492615 23438.30995816
 18023.50567033 27049.85884162 24429.3222035  17611.70158103
 22355.85727153 22240.09476805 23765.27459873 23327.25344462
 26177.73992538 24327.45976737 28534.63383976 31393.09357371
 19391.77611712 15642.33274008 21766.63877785 28512.26093858
 27402.85317804 26146.19455105 26922.69835777 21703.75114406
 14599.46876622 28558.52004485 34965.06600002 30941.10423416
 19249.9395722  20805.82533729 28818.40547142 26750.66152037
 23359.59087289 25969.84793156 18839.02785335 19703.81847887
 23627.68131426 17654.31555223]

The result for the 18th execution is
Time
104.4198055267334
Query Result
[24539. 24358. 24530. 25052. 24822. 24826. 24806. 24750. 24774. 25207.
 24526. 24751. 24979. 24569. 24741. 24858. 24754. 24557. 24920. 24809.
 25146. 24882. 25133. 24865. 25137. 25043. 24727. 25134. 25083. 24965.
 24594. 24719. 24377. 24313. 24697. 24517. 24374. 24541. 24693. 24550.
 24771. 24939. 24662. 24419. 24774. 24373. 24873. 24324. 24696. 24605.]
Noised Result
[25361.91392766 24992.74051382 23688.72725154 26016.87517085
 24107.9858199  24997.21119213 24718.25190335 23200.89015259
 24743.712478   25251.45306553 25647.13258625 25814.7862189
 25450.62055844 25391.98900205 24909.58699576 22848.94457378
 22785.07751333 23372.61544309 25110.45950313 25736.62211197
 25272.6046716  24738.66739241 25964.74016272 25504.03208121
 25020.21590669 24260.35541751 25486.67378415 27342.57876867
 24952.50921431 25411.11527271 23774.84179676 24282.03505072
 24458.14861938 25280.82789972 25787.18021954 23989.25842908
 25104.00387539 25566.11134095 25698.29111269 24723.29216927
 25139.99481282 26081.44084267 23623.00037056 23903.41387469
 22333.58288214 24203.42005533 25798.58430677 23666.04952407
 24308.745906   24953.06893641]

The result for the 19th execution is
Time
107.07319164276123
Query Result
[24539. 24358. 24530. 25052. 24822. 24826. 24806. 24750. 24774. 25207.
 24526. 24751. 24979. 24569. 24741. 24858. 24754. 24557. 24920. 24809.
 25146. 24882. 25133. 24865. 25137. 25043. 24727. 25134. 25083. 24965.
 24594. 24719. 24377. 24313. 24697. 24517. 24374. 24541. 24693. 24550.
 24771. 24939. 24662. 24419. 24774. 24373. 24873. 24324. 24696. 24605.]
Noised Result
[26578.62559567 25027.16357583 23188.28817271 25066.75388378
 25201.51482295 23792.13575145 24391.78084727 24328.33331919
 24821.34246895 28300.11498035 22127.54799544 25992.90087724
 25363.26823724 23986.27060673 25548.52363833 23513.31449208
 24013.24802378 24916.09990647 24806.82641401 24851.67761599
 26014.63370964 23245.14276831 26423.52415304 22078.36629646
 23938.34991159 26562.0707787  26338.16659083 25126.5953451
 25145.83322194 26017.26302857 23251.51109072 25123.63931527
 22248.32570702 24428.26341097 26170.38170762 23476.68128468
 24342.87508556 23418.28030817 24974.72746838 26093.59915687
 25571.08615709 26744.41602387 24145.18723112 26240.54036455
 25183.20549113 24734.92020225 23913.52610909 25839.24606833
 24702.97719288 24537.11652126]

