The result for the 0th execution is
Time
2.630066156387329
Query Result
[331. 355. 407. 396. 395. 393. 369. 382. 393. 424. 370. 391. 443. 377.
 412. 361. 351. 375. 378. 362. 373. 357. 428. 426. 370. 431. 401. 376.
 407. 388. 406. 390. 432. 439. 356. 396. 340. 368. 379. 418. 390. 360.
 345. 404. 371. 392. 378. 337. 430. 382.]
Noised Result
[ 2723.75226834 -2224.48700685 -3707.68814054  1753.78630399
 -2933.86886578  -590.84704591  1228.11782111 -1118.2252542
  2341.0174053   2361.69085773    83.62221691 -3919.98272853
 -2337.48201553   873.02464594  3301.33028058  2579.94218587
 -1773.70463771  4173.19198173 -1049.4387646    -80.37109038
  1688.50978296  -305.76687809 -2988.45450948   115.0383524
  4185.30480408  2991.73377058  1608.96860195  -965.66311971
 -1464.50262356 -2786.72661604  3601.70181006  2384.56742436
   496.68817446 -1666.21479827  -648.68702365  -268.27636345
  -169.56464984  1280.53508906 -1590.4276713   2863.20101161
 -1144.14935521  -961.88995503 -2962.30639685  2926.3455238
  -188.86540587 -1037.85220507   719.81567202 -1273.10916983
   -29.87104776  2120.67996052]

The result for the 1th execution is
Time
1.562267780303955
Query Result
[331. 355. 407. 396. 395. 393. 369. 382. 393. 424. 370. 391. 443. 377.
 412. 361. 351. 375. 378. 362. 373. 357. 428. 426. 370. 431. 401. 376.
 407. 388. 406. 390. 432. 439. 356. 396. 340. 368. 379. 418. 390. 360.
 345. 404. 371. 392. 378. 337. 430. 382.]
Noised Result
[ -2461.98030614  -2351.61998454   -527.88104937  -4026.50051623
  -3206.24034392    116.8922847   -3536.56187315   2102.17680718
   -976.7811698    6010.5280974    4211.86765334   2535.14105143
  -1741.57248728  -1788.97007074   -583.21066479  -2084.58272913
   6805.05754386    -93.03098742   6838.35854932  -1450.28993171
  -1216.033994     3508.90219154  -1134.43961998  -1706.24480593
   1665.22453348   3400.34393521   4160.10102641   2609.72322183
   -601.13679278  -3809.63739166  -1754.09587341  -1839.55644151
  11135.05677392  -3776.05340936   1318.03846934    878.43626471
  -1334.26329042   2875.47904627   1399.5456603    3667.62361534
     15.27010158   1132.07165623  -4037.49682887   5515.22182917
 -10704.16676213    395.81310405  -6757.87368702  -1064.31997957
   5366.24932776   1577.58197529]

The result for the 2th execution is
Time
2.725078582763672
Query Result
[331. 355. 407. 396. 395. 393. 369. 382. 393. 424. 370. 391. 443. 377.
 412. 361. 351. 375. 378. 362. 373. 357. 428. 426. 370. 431. 401. 376.
 407. 388. 406. 390. 432. 439. 356. 396. 340. 368. 379. 418. 390. 360.
 345. 404. 371. 392. 378. 337. 430. 382.]
Noised Result
[-2129.60133091  2487.35695981  1620.88584873   610.36046828
 -2388.79935035 -1556.8761897  -1217.30500959 -1710.55114186
  1356.72555659  3013.63629547   610.71905033  3876.89699545
  2856.35876695    37.41531396  6450.13842906  2287.88401027
  2621.87648341  -834.85994739  1427.9663079   2103.91971114
  1466.04777295   512.92281704   627.09441279 -1157.20447929
    23.00562219 -2356.84194575   827.99807993  2106.86664483
  4273.56530879  -915.756294     587.78201036 -1743.79567784
   706.10132681 -1757.24422706 -4172.9436629   -312.13669556
  -795.20520646  5174.04007228  1389.91035835 -1232.41548119
  3594.01881609   105.93142256   642.48544972   814.97618544
  -132.38380793  4679.20605218 -2292.43459483  -526.08667773
 -4580.66251184  -116.02277604]

The result for the 3th execution is
Time
2.691664695739746
Query Result
[331. 355. 407. 396. 395. 393. 369. 382. 393. 424. 370. 391. 443. 377.
 412. 361. 351. 375. 378. 362. 373. 357. 428. 426. 370. 431. 401. 376.
 407. 388. 406. 390. 432. 439. 356. 396. 340. 368. 379. 418. 390. 360.
 345. 404. 371. 392. 378. 337. 430. 382.]
Noised Result
[ 2843.60792963   775.61284559   616.94555834  3070.24442768
  2547.90962539 -1285.97462067  1050.95328016 -2621.12304043
 -1295.43201303 -1276.32872562  -724.02894215   527.89820977
  1311.1054196    526.59781186 -1955.04471846 -1458.07096457
 -1749.86578449  2959.49812611  -364.67173416  1203.22408752
 -3092.6044662   3891.17467371   593.72637183 -3518.65984104
  -254.15856724  2285.75768675  -708.31613764 -1160.16346917
  2134.20582467  2249.21413006 -1184.87281246 -1305.36634827
   728.66156929 -1519.00769544  1009.81278024  6671.21894915
  3262.25892419  1224.98764653  -863.93688149  2029.28911761
   411.68274487 -1867.21906081  5780.57024486  1907.72550083
  -143.88654203 -1300.71776563 -2637.15879342  1090.78441315
 -1741.56196802 -2558.77595693]

The result for the 4th execution is
Time
2.56876540184021
Query Result
[331. 355. 407. 396. 395. 393. 369. 382. 393. 424. 370. 391. 443. 377.
 412. 361. 351. 375. 378. 362. 373. 357. 428. 426. 370. 431. 401. 376.
 407. 388. 406. 390. 432. 439. 356. 396. 340. 368. 379. 418. 390. 360.
 345. 404. 371. 392. 378. 337. 430. 382.]
Noised Result
[-2432.25682427   149.19312046   615.54847806  1369.39211677
  3748.10066211 -3124.04818831  2323.26144238  2717.31016498
  1805.23447904  2916.03539657  -633.9463363    -20.71003378
 -1198.44349927  -592.22488671   232.54920192  1275.98450118
  -462.95846088  4831.27428238  -577.69906976  2258.87634687
   875.94001383  3108.46079177  -550.73824575   932.83694243
  -694.08300974  1767.6210862   3976.59910068  -530.50751003
   404.87319648 -3798.35296621 -1581.164121    1107.55224462
   797.73964521  2564.79257308 -1598.34129396 -2215.05928353
 -3240.15000962  1360.53597868  3445.58382795 -4093.7737685
 -1415.40812347  3234.30369759  1691.38810998 -1581.49979033
 -1512.21065073 -4694.2522307  -1236.556759   -2105.75086539
  -658.22819609  -120.64263296]

The result for the 5th execution is
Time
2.6573240756988525
Query Result
[331. 355. 407. 396. 395. 393. 369. 382. 393. 424. 370. 391. 443. 377.
 412. 361. 351. 375. 378. 362. 373. 357. 428. 426. 370. 431. 401. 376.
 407. 388. 406. 390. 432. 439. 356. 396. 340. 368. 379. 418. 390. 360.
 345. 404. 371. 392. 378. 337. 430. 382.]
Noised Result
[-3242.19870722 -4601.09163883  3870.2867819   1828.56719397
   376.56572269  -656.57651948   722.59908286 -2215.44761897
  1223.96471746   825.30637029    74.77507204  1470.52921221
 -1717.46967718  1500.07349376 -1392.0145922  -6139.56202547
 -1585.94841304 -2370.91729845  1043.76771499  3056.57289497
  2641.39821524 -2179.68394792 -1331.12710761  3616.92660024
    86.80922294  4697.17087347 -3224.16081765  1891.05565666
  2359.85832398 -1401.52316832  1395.14296202    46.5950605
  1148.58127137  -227.73274753 -1487.73039339 -4229.7520288
  2196.8393289   -636.84612084  1528.17372045 -1551.45246361
 -2440.87550241   911.09033966  2470.7013222   -707.3188788
  3395.7574455  -3373.07838846 -1703.74011894  -301.80354377
  2100.23568116 -4188.10158796]

The result for the 6th execution is
Time
2.7737700939178467
Query Result
[331. 355. 407. 396. 395. 393. 369. 382. 393. 424. 370. 391. 443. 377.
 412. 361. 351. 375. 378. 362. 373. 357. 428. 426. 370. 431. 401. 376.
 407. 388. 406. 390. 432. 439. 356. 396. 340. 368. 379. 418. 390. 360.
 345. 404. 371. 392. 378. 337. 430. 382.]
Noised Result
[ -513.98715044   274.38499451  1341.23922313 -1215.58945412
   573.03887063  -716.91981879   296.44639789 -1287.46616201
 -1271.59124494 -3781.18525403  -355.82625352  -497.89341521
  1941.69623688 -1128.82715298  -143.65934339  2408.91203115
    21.36412267 -2888.81997555  1042.11693621 -4118.12745775
   778.24087157  1932.86156793 -3093.88463517  3416.98375506
 -2337.79363974  2642.25002852 -2563.15472017  -813.71337404
   684.0009873    409.46290408  5019.11666031   101.43716326
 -2680.28774342  3695.06011987  6809.47789608  -524.86339929
  2986.13425921  -470.23971311  -478.09192721 -2634.52078341
  2391.57772573 -2293.86194614  -627.1078088  -1682.83225569
 -1027.36667694 -4480.8873691   -836.80639857  1797.97478883
 -1757.53426077 -1287.16357337]

The result for the 7th execution is
Time
2.6610336303710938
Query Result
[331. 355. 407. 396. 395. 393. 369. 382. 393. 424. 370. 391. 443. 377.
 412. 361. 351. 375. 378. 362. 373. 357. 428. 426. 370. 431. 401. 376.
 407. 388. 406. 390. 432. 439. 356. 396. 340. 368. 379. 418. 390. 360.
 345. 404. 371. 392. 378. 337. 430. 382.]
Noised Result
[ -913.14860005 -2076.85217611  1859.40410862 -1223.54604959
  5162.01904469  1272.10913809  1228.68515545 -1224.95023627
  -359.01360688   465.6886498   -524.56197455 -1525.86129028
 -2265.06818467  -248.92514383 -2601.31906411  6033.06130845
  1160.5521501   4308.38649702  2630.98429998 -2762.7249763
 -1748.55603817   404.8515269   1993.88200359 -2037.34170133
   831.18705517   449.07394412 -2338.1138109   3025.40617584
   514.43688752  -558.68920619  1896.72715704  3061.42196643
  2192.46943202  3228.49310164  -836.81521373  3170.17816622
  2733.64833943  5206.37626866   582.01007666  1117.13747699
  -615.91510739 -1206.84915575  1502.87745912 -4977.47905456
  2874.25222365 -2873.44393559 -3758.48781258  1935.69097258
 -1378.07644807  1768.59544273]

The result for the 8th execution is
Time
2.6436891555786133
Query Result
[331. 355. 407. 396. 395. 393. 369. 382. 393. 424. 370. 391. 443. 377.
 412. 361. 351. 375. 378. 362. 373. 357. 428. 426. 370. 431. 401. 376.
 407. 388. 406. 390. 432. 439. 356. 396. 340. 368. 379. 418. 390. 360.
 345. 404. 371. 392. 378. 337. 430. 382.]
Noised Result
[ 1074.63884423 -2744.20253178  4884.15797929  -106.08610857
   577.55957609 -2976.98189764   654.16603205 -1769.46235396
   380.53274067  -829.12566802  -235.71992659  1618.1590478
  -730.8486225  -2903.91486169 -1556.76915594   814.06439177
 -1602.49722139 -1889.84688706  1472.59764597  1979.36206752
  -321.72406092 -1389.30864644  2836.96524048  3351.11502718
  -565.06863906  -748.39771679  1775.86310329 -1792.54550182
 -3654.91469674  -661.04297509  2782.70871996   -51.35201
  1069.48079206   -69.61843454  1832.12770112   328.72592247
  -117.70087075  1339.96296113  1794.41257649 -4881.42034355
   504.89506451  1404.040362   -2305.05064876  1139.51859952
 -1863.6744845   4505.68555344   766.13012055   331.26979725
  1006.85874333  1711.68324779]

The result for the 9th execution is
Time
2.6419413089752197
Query Result
[331. 355. 407. 396. 395. 393. 369. 382. 393. 424. 370. 391. 443. 377.
 412. 361. 351. 375. 378. 362. 373. 357. 428. 426. 370. 431. 401. 376.
 407. 388. 406. 390. 432. 439. 356. 396. 340. 368. 379. 418. 390. 360.
 345. 404. 371. 392. 378. 337. 430. 382.]
Noised Result
[ 4568.00126558   591.96482885  3198.65510716   948.99236105
    30.81073604 -5127.72957654 -2689.17797302 -1283.80266866
  4308.34755845   226.29703295  2002.06824231  4496.65648064
 -1101.11775379   108.63061308  -438.10197805  2535.11632741
  2643.04080676  3378.78651054  1441.83732267  2294.43437572
 -1748.74694622   566.33354702 -2285.14605508 -4244.57069456
  -768.9194767   3614.0571765  -7227.18208278 -2017.19214356
 -3648.39081898  1819.30728141  4423.32320238  1410.57790941
  3207.7569484   2266.6920201  -1794.9626612   3477.20053779
  -525.96528198  -481.129582     226.49196066 -4285.04382958
  1207.74828632  1076.98302621  4054.43114162 -3929.59892194
  2337.59701173 -1958.26772713  -610.42001661  1198.1066063
  1792.49987292  4518.96003657]

The result for the 10th execution is
Time
2.6400513648986816
Query Result
[331. 355. 407. 396. 395. 393. 369. 382. 393. 424. 370. 391. 443. 377.
 412. 361. 351. 375. 378. 362. 373. 357. 428. 426. 370. 431. 401. 376.
 407. 388. 406. 390. 432. 439. 356. 396. 340. 368. 379. 418. 390. 360.
 345. 404. 371. 392. 378. 337. 430. 382.]
Noised Result
[-2345.75043534  2314.01306089   364.44901875   793.4028825
  1840.09782716 -2772.27828608 -3112.80010437 -1556.70676925
  -798.46519854  4023.39666932  -141.1524211  -1205.24882721
  1063.14312076   814.83285034  1642.23983846   313.36360969
  1724.48932881 -1461.76657392   632.13344006  -102.29888214
  -218.70530949  4256.80702303  3361.02288233  2384.17014799
  1037.78234126   491.83786979  1743.93378059  1880.01856964
  1364.69620468  1013.57257912   543.48799136   825.87663852
   898.32095121 -1294.63930771  -561.16588188   -73.67155907
  -279.27867034  2078.68368786  -429.74042836 -1245.28694629
   707.38112032  1624.16829141   758.07215577  -971.13845052
 -1391.0502923    -19.8779484   2085.5038411   1492.83826802
  2343.86483429  -226.87331272]

The result for the 11th execution is
Time
1.556617259979248
Query Result
[331. 355. 407. 396. 395. 393. 369. 382. 393. 424. 370. 391. 443. 377.
 412. 361. 351. 375. 378. 362. 373. 357. 428. 426. 370. 431. 401. 376.
 407. 388. 406. 390. 432. 439. 356. 396. 340. 368. 379. 418. 390. 360.
 345. 404. 371. 392. 378. 337. 430. 382.]
Noised Result
[ 3371.06468872 -4068.10081519   834.2832404   1273.54688626
  2151.34840159  2699.20494859  2258.10810555  -271.71265345
 -2169.18023476 -2115.60418622  2912.03660465  1099.752267
  -126.85258664 -1577.52577379  -590.55792438 -5442.4446002
  2394.34065336  2541.87976825  4229.15129572   466.28541648
 -1361.17649793 -3165.11326626  3757.55342713  -657.19275837
  -673.42300739 -2204.9542691  -1171.42431324  1251.5529115
   610.07548715  2160.62251098   966.16469066 -2990.84468687
   561.92357424  3762.93213972  1555.22072089 -2127.29809764
  1167.9294721    374.10084949  6661.0951292   1275.80714578
  2167.38885173  -589.30679374  2328.49907646   -61.18553787
  3470.23022246  3828.27955266 -2248.4361415   -911.40633536
  -115.4592127    629.68812371]

The result for the 12th execution is
Time
2.6728675365448
Query Result
[331. 355. 407. 396. 395. 393. 369. 382. 393. 424. 370. 391. 443. 377.
 412. 361. 351. 375. 378. 362. 373. 357. 428. 426. 370. 431. 401. 376.
 407. 388. 406. 390. 432. 439. 356. 396. 340. 368. 379. 418. 390. 360.
 345. 404. 371. 392. 378. 337. 430. 382.]
Noised Result
[ -845.07592063  -224.97719121  3169.02637515   491.39990145
  2106.87858497  2947.07762831    97.19001481   433.90361753
 -2494.76859425  -114.45031938  1605.75434865  -129.00216533
 -2436.21871636 -2212.3634363   -803.87555679  2755.50131102
 -1347.6517128   -553.20306299 -5068.15097682  1570.36397518
  -408.11177226   947.96559411  1720.38219386  -849.25388587
  4269.77049561  3285.82335917 -4270.14817102  -460.63012905
 -1525.8738575    956.18126062  1198.04182557 -3514.36717784
 -1288.47949618   571.11594801  2945.33772639  2229.15449758
  -484.10051118   641.38217755  2808.45083661  -147.40197657
 -2354.55979717 -1320.00217667  1361.62713089   748.4870496
 -1529.09657092 -2485.98932063 -2681.35153706 -3086.5096869
  -551.85059791  3547.53603281]

The result for the 13th execution is
Time
2.637169361114502
Query Result
[331. 355. 407. 396. 395. 393. 369. 382. 393. 424. 370. 391. 443. 377.
 412. 361. 351. 375. 378. 362. 373. 357. 428. 426. 370. 431. 401. 376.
 407. 388. 406. 390. 432. 439. 356. 396. 340. 368. 379. 418. 390. 360.
 345. 404. 371. 392. 378. 337. 430. 382.]
Noised Result
[-1752.41154971  1939.88200618  3600.92821946  -722.18520568
 -1252.52129044  2170.31582646  1029.59627788  5765.4998194
  2573.81202176 -2930.25938494 -2972.93741189  1241.7256116
   115.66791293  -858.43630159   267.83850686  -715.6920858
  2583.31655206   629.99915504  -755.3046037   3374.93989608
  2526.70595627   595.43566061  -309.74393979 -2351.73680397
  -140.40873712 -3535.91641789  1600.37003961 -1103.08330887
 -2179.6500754    999.86535535  1785.79562336 -1210.11030058
   510.26819018  -851.11817079  -765.23774993  3033.21774439
  5111.94825419   831.42814866  -893.64636334  -734.56284948
 -1907.32355308  2351.89092554 -1819.55222085  -728.59361982
  -450.85465407  4563.30875631  1628.66767657 -1097.63990824
  1989.96696895    66.44492401]

The result for the 14th execution is
Time
1.5621867179870605
Query Result
[331. 355. 407. 396. 395. 393. 369. 382. 393. 424. 370. 391. 443. 377.
 412. 361. 351. 375. 378. 362. 373. 357. 428. 426. 370. 431. 401. 376.
 407. 388. 406. 390. 432. 439. 356. 396. 340. 368. 379. 418. 390. 360.
 345. 404. 371. 392. 378. 337. 430. 382.]
Noised Result
[ -684.13925346  -299.47531342  2687.63447407   119.25845574
   691.47383977  -940.15478309 -3431.09933214  -755.4421465
  1994.81170153   782.16116185  3035.69237416  6262.61435463
   450.0109443  -2513.99994051  3733.30982424 -3357.73075594
  1566.9512624   -423.82705896  1500.18028189   -45.60668836
  2069.54411553  2559.09856304  2522.49460961  5683.42609021
  -133.27926167   446.32947031  1846.72189363   730.32711191
 -1294.70597954   731.79798783  4244.93563564  1631.48350392
  -806.25500001  1919.08062331 -4064.59845231  2837.19374046
   413.02247172 -1130.15350863 -1121.79441678 -2211.27214566
  -988.0945525   -698.74621048   589.21229029  -915.26658928
 -1146.01131065  1597.6846633  -2174.69136678  2260.46562904
   111.20244135  1331.31822153]

The result for the 15th execution is
Time
2.6539433002471924
Query Result
[331. 355. 407. 396. 395. 393. 369. 382. 393. 424. 370. 391. 443. 377.
 412. 361. 351. 375. 378. 362. 373. 357. 428. 426. 370. 431. 401. 376.
 407. 388. 406. 390. 432. 439. 356. 396. 340. 368. 379. 418. 390. 360.
 345. 404. 371. 392. 378. 337. 430. 382.]
Noised Result
[  830.02398213 -1171.00926415  2115.46843002 -2238.1641635
  1912.04485209  1336.39894505  3559.43602432   -85.46845357
  3805.04793246  3653.90348899  -385.479669    2782.41921339
  4513.3348826    502.28948603  2600.19470667  -838.52068703
  1649.6745392  -1346.94235461 -1386.7706476  -2352.92285636
 -4689.12383233 -4114.4596418   2553.03050791  1568.52350443
  2307.47791369 -3952.59962829 -7697.50219446  4238.06135487
   765.78825113 -2791.46887549 -3373.78145054  1053.51732101
 -2906.68533297   215.02165686 -2385.22019695  1894.04307487
  1603.53272843  -317.98173705   996.82002158 -2284.0827926
 -1820.74596863 -1773.05268037  1250.56707304   365.3833413
   885.8697954  -2171.62384833  -267.73996664  5809.29014621
 -3480.19168003 -1924.1006743 ]

The result for the 16th execution is
Time
2.668830633163452
Query Result
[331. 355. 407. 396. 395. 393. 369. 382. 393. 424. 370. 391. 443. 377.
 412. 361. 351. 375. 378. 362. 373. 357. 428. 426. 370. 431. 401. 376.
 407. 388. 406. 390. 432. 439. 356. 396. 340. 368. 379. 418. 390. 360.
 345. 404. 371. 392. 378. 337. 430. 382.]
Noised Result
[-1590.42757036   268.04092828 -1776.62660234  -498.04073252
  1032.64952418  2380.85827172 -2905.28021333 -1491.42898243
  1851.00596123   497.66165306  2944.55850719  -925.0559927
  4498.17105562  1552.60571046  1576.56433726   812.23179006
   479.61036371  1016.56105059  3138.47999512  1120.66226863
  3574.30659389   580.94353534  1130.19271541  1272.77082865
 -2958.90462887  5499.57017303  2046.9906248   -266.58613465
    70.24038268  1912.42107664  4551.43534667  -635.79904029
  3214.39061832 -2737.75056409   935.99661707  1142.07138769
  1906.74201592  1531.18276293  3263.36663501 -2880.42685685
   260.3316797  -3516.37757275  1376.50017456   275.71766551
   102.36426611 -1761.72351361  4185.06645687  -844.30865439
  2561.61579869 -1578.23685988]

The result for the 17th execution is
Time
1.5021672248840332
Query Result
[331. 355. 407. 396. 395. 393. 369. 382. 393. 424. 370. 391. 443. 377.
 412. 361. 351. 375. 378. 362. 373. 357. 428. 426. 370. 431. 401. 376.
 407. 388. 406. 390. 432. 439. 356. 396. 340. 368. 379. 418. 390. 360.
 345. 404. 371. 392. 378. 337. 430. 382.]
Noised Result
[  8903.51012387   3975.94809016 -12910.96879661  10292.7015734
 -14776.26438958  -1838.29848557   8033.11878071  -1951.00129706
  -4531.57658574   2606.96576619 -11264.85907548   6852.16244765
 -16702.4859952    3168.76769395  -5965.07644351   2889.0106266
  -4107.8410148    3980.61292948  -4958.72677148  -3305.7866667
  12447.27917494   1580.78674387   8703.23673562  -7402.52698177
  -2763.26778929  -8269.50235717    466.40486557   -559.29222727
  -8377.49861691  10251.67065266   5712.10379099   2833.48786652
  -1529.56843666  13758.42816119  -6202.56910862   8863.72348259
 -16439.29763745   -449.19539894   2884.24808302    517.11984203
   -753.66349777  16012.35242429   5043.34703149   7370.79192534
   1277.57108121  -6335.02458593   3743.95743804   -647.02576118
  -9020.01959628   6037.78529839]

The result for the 18th execution is
Time
2.688041925430298
Query Result
[331. 355. 407. 396. 395. 393. 369. 382. 393. 424. 370. 391. 443. 377.
 412. 361. 351. 375. 378. 362. 373. 357. 428. 426. 370. 431. 401. 376.
 407. 388. 406. 390. 432. 439. 356. 396. 340. 368. 379. 418. 390. 360.
 345. 404. 371. 392. 378. 337. 430. 382.]
Noised Result
[ 1754.2145237    726.00111193  3459.16454882  1149.2994387
   405.78093012  -193.10512     3199.31711897  1473.90154208
 -3541.97848853  -900.82794132  3501.91452864 -1958.20889535
   562.20683045  -684.44897016  -857.25471028  -738.03383035
  4833.74511328  3120.97753851 -1543.11055414   365.38313967
   368.20280202 -1811.58580901  2007.87498184   871.63505135
  3475.77908849 -1845.5346468  -1450.69216815    13.37559523
  1244.71262074  1639.47341132   616.29543346  1637.96727482
  2683.25566873  1244.30173495  1589.84617847  1646.63612141
 -2958.3948622   2880.72607603   454.47324651 -1167.3149706
  2072.92231716  1392.96406904   976.83183498  1477.59870564
   601.49878562  1625.02033428  1548.76598073  5709.34752048
 -1879.58588629  1347.01486783]

The result for the 19th execution is
Time
2.7634289264678955
Query Result
[331. 355. 407. 396. 395. 393. 369. 382. 393. 424. 370. 391. 443. 377.
 412. 361. 351. 375. 378. 362. 373. 357. 428. 426. 370. 431. 401. 376.
 407. 388. 406. 390. 432. 439. 356. 396. 340. 368. 379. 418. 390. 360.
 345. 404. 371. 392. 378. 337. 430. 382.]
Noised Result
[   772.6207212    1296.95467933   6365.47940938  -8759.74286039
  -8658.72655586   5898.46505764   1599.37878344  -8140.76201835
   8421.81423126   5005.79469161  -9206.11756004  15190.88616746
  -9579.91106998  -7257.0640485   -7774.92058788  10753.79087674
   2977.19246343   -689.52156815  -6230.95355252    -28.97779821
  -1193.21286186   5566.4106564   -4113.21521818 -14967.32565021
  -3067.52277857  -1263.20163672   2244.69297754 -14540.87100246
  -5386.62795348  -5972.02236526   7885.05590745  -8971.66332675
 -14106.29847       698.25967726   4029.07833305  13779.35186144
   3281.43578934   -187.83428208   6376.4481731  -17260.19727488
  -5863.05446463    962.34893521  -3443.61745349  -7429.3812613
  -2059.6580174   -8463.95513231  -3360.51837049  -8786.98965329
   8092.56561648  -7446.71362553]

