The result for the 0th execution is
Time
57.809834718704224
Query Result
[179514.7321302 181499.8987455 181485.6985156 180485.3162475
 190027.9520145 179375.3110937 182482.8301462 185202.4406432
 181824.8396843 179893.5535609 178377.0516638 179903.5442181
 183628.1510771 178377.7889876 184900.7447741 183885.1651846
 185692.5434801 184302.5247758 179079.3020967 182277.2065437
 183411.7839229 181410.3368812 185323.3542347 182160.852952
 182478.7085682 181830.7363211 184113.8232099 184251.6299477
 179665.9021423 181986.6663441 184997.8556777 178887.1733148
 178684.4621036 182080.5568045 182436.0809989 177593.3384583
 184235.3389408 182896.3494742 177850.8201559 182240.4690079
 184608.9716396 180507.6229034 180429.5975861 183017.085031
 181191.7914028 180848.212289  189745.563671  181802.976288
 183461.6109978 183589.2195811 176870.4097654 185058.9532687
 183606.0052811 178688.4267724 178742.3767876 178661.9536281
 180565.7592855 182971.431649  182370.8147544 179249.5855047
 180594.7337285 180126.9842315 181605.0275021 180552.7902399
 181726.7055023 181221.6034447 175402.6952876 183146.6208007
 175857.7498892 182991.8604737 182257.5310964 182601.824124
 187929.8191091 184948.4888579 184816.1657207 180368.0066174
 188063.2375077 181615.932841  183697.3563547 181645.5174868
 185595.1024234 186605.3275839 182257.9939015 183528.979026
 186880.9918353 183283.9746083 180564.1708114 179681.9566072
 181259.4418837 181381.3987102 183614.1240333 179838.9818289
 186639.5747071 185583.007707  182287.4693381 181210.6602372
 188791.7630145 187317.2051516 183601.3072582 180383.0513004]
Noised Result
[203313.4286005  172641.39780108 159823.97226364 206007.51200546
 223023.25456115 174764.53843694 172152.11388238 205490.5491253
 204307.43102747 172227.08411656 171137.30107598 175106.06711582
 182744.86764913 170044.55682186 163926.71301087 201856.62737106
 176331.20369395 165914.14616094 143210.04066418 177719.92024366
 184058.12247537 178762.70582397 196437.94959569 172211.00012311
 201549.40235934 186568.02563268 189885.00888412 163389.8317345
 143851.0960002  188908.45436474 180566.6705132  167726.99471766
 177729.72373965 187480.68136572 187158.68527781 185401.70857821
 207115.33623636 194070.05688352 198795.87711202 221093.75842821
 156171.12938662 183462.52351483 158209.41654387 187232.84515628
 183952.16387242 186049.19715095 180893.36180087 183235.33895872
 172757.88334911 165336.87355074 209573.00842667 209230.91840661
 159101.61632898 158309.47459494 207368.12085562 157630.06808771
 180398.39043473 182345.98834316 203984.77715968 177536.20074404
 181192.7638726  174898.1012323  222069.14217207 187670.55575853
 213116.42128495 161405.30710946 179656.53099713 179662.63946159
 166601.47028173 189296.85227803 193665.67392641 169135.20779537
 236667.13186773 142566.88267309 186131.50105485 184350.72535653
 205205.28083021 143975.13337531 166492.56849984 164482.65807972
 193989.84799775 225419.75404442 167897.30393215 216210.77132647
 195124.56448244 215843.1184408  192942.92089454 187095.98970913
 194413.11502164 177120.21128329 168911.04610665 170386.44446883
 198018.63128215 156898.63957783 159508.73246492 207773.61225079
 205449.92815605 199371.68375521 163674.43389414 191685.04697687]

The result for the 1th execution is
Time
57.48655033111572
Query Result
[179514.7321302 181499.8987455 181485.6985156 180485.3162475
 190027.9520145 179375.3110937 182482.8301462 185202.4406432
 181824.8396843 179893.5535609 178377.0516638 179903.5442181
 183628.1510771 178377.7889876 184900.7447741 183885.1651846
 185692.5434801 184302.5247758 179079.3020967 182277.2065437
 183411.7839229 181410.3368812 185323.3542347 182160.852952
 182478.7085682 181830.7363211 184113.8232099 184251.6299477
 179665.9021423 181986.6663441 184997.8556777 178887.1733148
 178684.4621036 182080.5568045 182436.0809989 177593.3384583
 184235.3389408 182896.3494742 177850.8201559 182240.4690079
 184608.9716396 180507.6229034 180429.5975861 183017.085031
 181191.7914028 180848.212289  189745.563671  181802.976288
 183461.6109978 183589.2195811 176870.4097654 185058.9532687
 183606.0052811 178688.4267724 178742.3767876 178661.9536281
 180565.7592855 182971.431649  182370.8147544 179249.5855047
 180594.7337285 180126.9842315 181605.0275021 180552.7902399
 181726.7055023 181221.6034447 175402.6952876 183146.6208007
 175857.7498892 182991.8604737 182257.5310964 182601.824124
 187929.8191091 184948.4888579 184816.1657207 180368.0066174
 188063.2375077 181615.932841  183697.3563547 181645.5174868
 185595.1024234 186605.3275839 182257.9939015 183528.979026
 186880.9918353 183283.9746083 180564.1708114 179681.9566072
 181259.4418837 181381.3987102 183614.1240333 179838.9818289
 186639.5747071 185583.007707  182287.4693381 181210.6602372
 188791.7630145 187317.2051516 183601.3072582 180383.0513004]
Noised Result
[173849.81774123 177181.71818597 198062.18264938 186733.33303376
 148142.7087393  185399.497407   173347.6820147  182777.48333577
 197614.53432119 176531.82034613 175517.64193878 177511.73787195
 195763.1692609  169420.40992685 176519.3452119  183803.67646599
 232948.93645041 188400.16014263 171194.59102729 200496.38244728
 195204.19885644 175801.17635127 206471.01525577 186581.27232904
 141298.49384097 184363.08302501 184466.81517241 186028.97326454
 211445.54888942 225532.80518419 179805.59036744 149197.76473813
 148276.17529416 216398.10982383 162377.91618726 167108.97218443
 179336.02977726 205584.80837661 204195.90485673 181625.18187039
 200464.93732403 177696.65410579 176644.84622981 205544.66118595
 188941.07046277 172955.71652929 220883.41655054 183724.77849013
 189597.83612936 162524.53023342 197473.80044247 191175.75588678
 166678.19174345 185753.30127928 171020.0628864  158859.5107956
 186058.18784222 177611.36970732 208676.59557389 187728.52675955
 191167.58985877 184422.76778274 160543.69369813 192507.45371501
 186117.26924063 204264.08828317 188012.13833742 193246.57329444
 167681.57471218 161803.1621496  191752.57826622 185113.68211513
 167689.58920773 173305.35306022 156654.97737182 213033.05476988
 201559.72532777 188121.82529931 188004.48263047 162856.74584261
 192415.65017475 179559.43806926 192249.48064134 186523.41187676
 204127.34880549 179721.49570027 167914.10810503 186065.75104943
 188029.64605986 194072.89018872 170541.36228178 173306.13103022
 200460.94981377 167139.01958456 196331.73794924 189676.30308207
 198658.11670788 151533.86803835 182819.53265536 135815.04660621]

The result for the 2th execution is
Time
58.46957087516785
Query Result
[179514.7321302 181499.8987455 181485.6985156 180485.3162475
 190027.9520145 179375.3110937 182482.8301462 185202.4406432
 181824.8396843 179893.5535609 178377.0516638 179903.5442181
 183628.1510771 178377.7889876 184900.7447741 183885.1651846
 185692.5434801 184302.5247758 179079.3020967 182277.2065437
 183411.7839229 181410.3368812 185323.3542347 182160.852952
 182478.7085682 181830.7363211 184113.8232099 184251.6299477
 179665.9021423 181986.6663441 184997.8556777 178887.1733148
 178684.4621036 182080.5568045 182436.0809989 177593.3384583
 184235.3389408 182896.3494742 177850.8201559 182240.4690079
 184608.9716396 180507.6229034 180429.5975861 183017.085031
 181191.7914028 180848.212289  189745.563671  181802.976288
 183461.6109978 183589.2195811 176870.4097654 185058.9532687
 183606.0052811 178688.4267724 178742.3767876 178661.9536281
 180565.7592855 182971.431649  182370.8147544 179249.5855047
 180594.7337285 180126.9842315 181605.0275021 180552.7902399
 181726.7055023 181221.6034447 175402.6952876 183146.6208007
 175857.7498892 182991.8604737 182257.5310964 182601.824124
 187929.8191091 184948.4888579 184816.1657207 180368.0066174
 188063.2375077 181615.932841  183697.3563547 181645.5174868
 185595.1024234 186605.3275839 182257.9939015 183528.979026
 186880.9918353 183283.9746083 180564.1708114 179681.9566072
 181259.4418837 181381.3987102 183614.1240333 179838.9818289
 186639.5747071 185583.007707  182287.4693381 181210.6602372
 188791.7630145 187317.2051516 183601.3072582 180383.0513004]
Noised Result
[204859.56540282 169265.19359401 206046.7596318  153176.28414569
 216021.44716599 154600.82925591 207772.6532254  194803.24072743
 179839.76849921 133343.73647552 169005.79524451 190238.39599342
 185246.79064553 166588.37010745 180303.08426528 179889.95694445
 199725.42222024 210569.52787882 160876.73615546 168337.97167024
 155855.78233244 210344.388849   232409.33385633 199150.43932287
 194565.69154592 178544.04390013 168176.13515877 187270.24571614
 204529.10563923 187050.53539622 169249.77498442 172001.821911
 175102.4326247  178734.75566626 165888.43001521 166604.24166094
 178783.60730184 186162.29284423 183253.43912022 193310.69312976
 180602.02645347 190629.66441589 197407.83114479 163638.98291209
 179860.5786351  184205.61709294 191077.53006623 189086.59607071
 157712.66509919 169284.86963147 155126.32757923 216024.09806632
 185129.90981505 164907.51773537 173480.23189702 144181.9515897
 159823.95271888 202684.15736151 204154.74433769 201656.34791211
 142320.17177312 177416.37172696 172860.64977899 203900.27568527
 182028.1787126  170278.19895152 186468.86221034 197827.60959093
 184743.97530511 192493.70735657 164435.03115698 166604.13869439
 205685.22224723 187663.18577111 175918.96806635 158050.62176425
 234142.81074677 183394.15140876 195813.60825308 189429.97366293
 189054.7033297  173424.83372679 195488.39135248 178808.11864175
 177670.35702863 164753.89839497 172611.83139759 172977.87254215
 193566.91808615 198220.29691756 156562.81788638 167775.24130948
 178518.87903645 206711.18362311 204025.43776107 223086.06426514
 206417.01474039 208758.35786845 178786.07123824 197717.48711009]

The result for the 3th execution is
Time
58.41611337661743
Query Result
[179514.7321302 181499.8987455 181485.6985156 180485.3162475
 190027.9520145 179375.3110937 182482.8301462 185202.4406432
 181824.8396843 179893.5535609 178377.0516638 179903.5442181
 183628.1510771 178377.7889876 184900.7447741 183885.1651846
 185692.5434801 184302.5247758 179079.3020967 182277.2065437
 183411.7839229 181410.3368812 185323.3542347 182160.852952
 182478.7085682 181830.7363211 184113.8232099 184251.6299477
 179665.9021423 181986.6663441 184997.8556777 178887.1733148
 178684.4621036 182080.5568045 182436.0809989 177593.3384583
 184235.3389408 182896.3494742 177850.8201559 182240.4690079
 184608.9716396 180507.6229034 180429.5975861 183017.085031
 181191.7914028 180848.212289  189745.563671  181802.976288
 183461.6109978 183589.2195811 176870.4097654 185058.9532687
 183606.0052811 178688.4267724 178742.3767876 178661.9536281
 180565.7592855 182971.431649  182370.8147544 179249.5855047
 180594.7337285 180126.9842315 181605.0275021 180552.7902399
 181726.7055023 181221.6034447 175402.6952876 183146.6208007
 175857.7498892 182991.8604737 182257.5310964 182601.824124
 187929.8191091 184948.4888579 184816.1657207 180368.0066174
 188063.2375077 181615.932841  183697.3563547 181645.5174868
 185595.1024234 186605.3275839 182257.9939015 183528.979026
 186880.9918353 183283.9746083 180564.1708114 179681.9566072
 181259.4418837 181381.3987102 183614.1240333 179838.9818289
 186639.5747071 185583.007707  182287.4693381 181210.6602372
 188791.7630145 187317.2051516 183601.3072582 180383.0513004]
Noised Result
[174396.48452425 225183.20482376 190732.13675897 149269.12102321
 188377.83589128 161949.40250977 168376.63306072 192057.73879883
 183046.05046979 190687.19983565 191918.22386552 193985.38567527
 191559.9988089  150366.25620739 218864.99950404 191821.43406324
 192315.73753343 147268.68487994 173840.97385497 199656.63434409
 177201.47257584 158569.41277745 185278.1373184  209527.45169071
 162366.23275709 207815.54984132 198396.23457491 197595.87451073
 173550.43006557 186617.24366228 202877.86603763 165514.53516444
 158818.15209192 190630.45079467 183316.41352921 190104.20008244
 181355.50922022 148656.66046814 182846.294176   181394.46240238
 190085.72351354 185088.21745812 175334.51770517 180598.63666051
 183678.55282867 191090.65914522 172791.6173123  175311.91184758
 207354.11784213 164171.48944682 158924.46066663 158652.0485176
 196261.90904379 161921.97891404 195696.23225623 217430.56426077
 129080.09549517 176961.40294745 200022.48475839 186580.22107846
 191257.91522854 166004.35212244 169671.63567296 173035.43546105
 182018.62974588 191052.44776626 185106.20113903 154161.92663593
 181284.4856783  193632.76500989 194767.85593422 207681.17675877
 177283.62322173 188965.06844848 184639.75640001 194721.15696484
 217110.77437416 187946.6981982  155750.03121892 208587.97716194
 179187.01243644 195870.16820734 204137.28744947 175501.22356408
 207343.92487893 210958.61278686 221179.8727395  165611.71787613
 153854.93776077 173192.79198772 167955.61831559 159766.36875443
 182077.52317122 195631.06697124 179099.6851953  167681.32322589
 200785.16344291 185584.51308206 124609.26492702 184567.77221375]

The result for the 4th execution is
Time
58.39678335189819
Query Result
[179514.7321302 181499.8987455 181485.6985156 180485.3162475
 190027.9520145 179375.3110937 182482.8301462 185202.4406432
 181824.8396843 179893.5535609 178377.0516638 179903.5442181
 183628.1510771 178377.7889876 184900.7447741 183885.1651846
 185692.5434801 184302.5247758 179079.3020967 182277.2065437
 183411.7839229 181410.3368812 185323.3542347 182160.852952
 182478.7085682 181830.7363211 184113.8232099 184251.6299477
 179665.9021423 181986.6663441 184997.8556777 178887.1733148
 178684.4621036 182080.5568045 182436.0809989 177593.3384583
 184235.3389408 182896.3494742 177850.8201559 182240.4690079
 184608.9716396 180507.6229034 180429.5975861 183017.085031
 181191.7914028 180848.212289  189745.563671  181802.976288
 183461.6109978 183589.2195811 176870.4097654 185058.9532687
 183606.0052811 178688.4267724 178742.3767876 178661.9536281
 180565.7592855 182971.431649  182370.8147544 179249.5855047
 180594.7337285 180126.9842315 181605.0275021 180552.7902399
 181726.7055023 181221.6034447 175402.6952876 183146.6208007
 175857.7498892 182991.8604737 182257.5310964 182601.824124
 187929.8191091 184948.4888579 184816.1657207 180368.0066174
 188063.2375077 181615.932841  183697.3563547 181645.5174868
 185595.1024234 186605.3275839 182257.9939015 183528.979026
 186880.9918353 183283.9746083 180564.1708114 179681.9566072
 181259.4418837 181381.3987102 183614.1240333 179838.9818289
 186639.5747071 185583.007707  182287.4693381 181210.6602372
 188791.7630145 187317.2051516 183601.3072582 180383.0513004]
Noised Result
[211323.16838472 178739.58759788 182505.75391468 110126.96087265
 199881.36969574 177481.43020688 171666.25881806 203313.06600305
 183059.46438331 171499.46799854 195696.71081964 192984.76605982
 185089.67810968 239295.44105718 213533.40017914 189826.28002564
 167891.83001418 197369.82051187 203950.42806201 170339.00333411
 186709.98373157 190936.24851582 195059.16535539 209687.59862493
 161554.39568006 203735.01534655 163405.9517771  182257.96122438
 187655.96450281 175286.35131982 208322.71962436 195881.95881118
 162495.1687729  158098.17607856 191664.90315385 163959.95333448
 209769.51290352 175737.18951857 200689.80346934 183705.6837425
 203111.94115375 162678.92271482 158941.77494257 167781.89418786
 178787.08313653 191408.11078968 220666.67505474 156598.76632587
 200139.9473007  190161.7889886  165122.84539759 112465.96437056
 168367.45553802 171426.26040891 206211.52601273 177242.22008192
 170393.62090316 178310.05582402 181617.04820962 168356.7997243
 170502.77181088 179427.32372751 197493.73493039 158985.4168294
 180176.26331579 157456.90201282 173957.84367189 196165.88176952
 179005.76824701 183681.86230276 199699.9649223  165504.71091123
 183655.94699487 194917.02395392 199219.20084775 170113.26842616
 199326.26269832 155851.02480577 185557.47446554 156287.75945347
 159956.49322566 198205.25614754 168015.14362445 201518.66586536
 189354.54323789 191185.52867917 192241.03273847 172168.66558815
 166130.41306592 183980.14241552 167503.83354407 173049.1798234
 222059.66545105 169161.6499298  214546.20744261 168966.80046141
 198123.91184305 195782.39814912 236391.03915114 176429.04018625]

The result for the 5th execution is
Time
62.91413378715515
Query Result
[179514.7321302 181499.8987455 181485.6985156 180485.3162475
 190027.9520145 179375.3110937 182482.8301462 185202.4406432
 181824.8396843 179893.5535609 178377.0516638 179903.5442181
 183628.1510771 178377.7889876 184900.7447741 183885.1651846
 185692.5434801 184302.5247758 179079.3020967 182277.2065437
 183411.7839229 181410.3368812 185323.3542347 182160.852952
 182478.7085682 181830.7363211 184113.8232099 184251.6299477
 179665.9021423 181986.6663441 184997.8556777 178887.1733148
 178684.4621036 182080.5568045 182436.0809989 177593.3384583
 184235.3389408 182896.3494742 177850.8201559 182240.4690079
 184608.9716396 180507.6229034 180429.5975861 183017.085031
 181191.7914028 180848.212289  189745.563671  181802.976288
 183461.6109978 183589.2195811 176870.4097654 185058.9532687
 183606.0052811 178688.4267724 178742.3767876 178661.9536281
 180565.7592855 182971.431649  182370.8147544 179249.5855047
 180594.7337285 180126.9842315 181605.0275021 180552.7902399
 181726.7055023 181221.6034447 175402.6952876 183146.6208007
 175857.7498892 182991.8604737 182257.5310964 182601.824124
 187929.8191091 184948.4888579 184816.1657207 180368.0066174
 188063.2375077 181615.932841  183697.3563547 181645.5174868
 185595.1024234 186605.3275839 182257.9939015 183528.979026
 186880.9918353 183283.9746083 180564.1708114 179681.9566072
 181259.4418837 181381.3987102 183614.1240333 179838.9818289
 186639.5747071 185583.007707  182287.4693381 181210.6602372
 188791.7630145 187317.2051516 183601.3072582 180383.0513004]
Noised Result
[155986.44013527 172844.88864857 185050.61114305 224111.92190162
 210318.59224773 188447.96547729 145845.71955296 171704.79236476
 189351.96136113 149254.69318119 177069.51433843 181393.73040052
 190023.6078403  187535.40623175 183564.35866865 155478.56426031
 213768.5104564  189721.42592121 182626.70699791 215397.68132097
 156595.24601496 138189.28823826 191142.57184354 178953.80605598
 167770.2166187  194641.38047023 182403.61749617 197456.16437792
 165287.98655749 202955.61517034 179655.94096426 173802.29055558
 160429.64600875 204708.66340886 170789.20898282 145308.29353865
 173735.77502813 206077.65528455 183371.58654678 164286.52096418
 151600.86749495 151225.48534938 155920.38549198 153060.83482716
 154001.05932567 158212.91268763 187617.4947927  192689.13917473
 202945.61122624 181573.35573162 182520.54812868 223576.4619287
 182687.67260535 188884.10954283 202612.74993824 167337.89762061
 165751.62864863 186307.14376993 174923.37867083 192047.18046976
 215064.9557225  185289.92300571 185684.3767525  189829.72381342
 190525.5809997  181901.19040277 173901.69041533 170349.27987916
 167544.6733959  180366.19325971 168130.22081566 174288.75175887
 209599.80281128 193613.84584283 173935.39650956 179917.72100865
 162795.34346146 178980.87812051 181835.90749022 149319.4205107
 187910.9942698  190795.83098293 208303.48102575 196916.45666786
 161510.85212511 176198.36661793 174451.80141769 215717.17772097
 184178.37941621 186041.50031308 177809.69711892 191229.69491977
 179772.95727525 160229.90887935 186662.24960379 192977.56637968
 178379.57174342 178779.42589994 163440.20058899 177507.32793489]

The result for the 6th execution is
Time
61.046571016311646
Query Result
[179514.7321302 181499.8987455 181485.6985156 180485.3162475
 190027.9520145 179375.3110937 182482.8301462 185202.4406432
 181824.8396843 179893.5535609 178377.0516638 179903.5442181
 183628.1510771 178377.7889876 184900.7447741 183885.1651846
 185692.5434801 184302.5247758 179079.3020967 182277.2065437
 183411.7839229 181410.3368812 185323.3542347 182160.852952
 182478.7085682 181830.7363211 184113.8232099 184251.6299477
 179665.9021423 181986.6663441 184997.8556777 178887.1733148
 178684.4621036 182080.5568045 182436.0809989 177593.3384583
 184235.3389408 182896.3494742 177850.8201559 182240.4690079
 184608.9716396 180507.6229034 180429.5975861 183017.085031
 181191.7914028 180848.212289  189745.563671  181802.976288
 183461.6109978 183589.2195811 176870.4097654 185058.9532687
 183606.0052811 178688.4267724 178742.3767876 178661.9536281
 180565.7592855 182971.431649  182370.8147544 179249.5855047
 180594.7337285 180126.9842315 181605.0275021 180552.7902399
 181726.7055023 181221.6034447 175402.6952876 183146.6208007
 175857.7498892 182991.8604737 182257.5310964 182601.824124
 187929.8191091 184948.4888579 184816.1657207 180368.0066174
 188063.2375077 181615.932841  183697.3563547 181645.5174868
 185595.1024234 186605.3275839 182257.9939015 183528.979026
 186880.9918353 183283.9746083 180564.1708114 179681.9566072
 181259.4418837 181381.3987102 183614.1240333 179838.9818289
 186639.5747071 185583.007707  182287.4693381 181210.6602372
 188791.7630145 187317.2051516 183601.3072582 180383.0513004]
Noised Result
[182742.05955302 159600.18250338 173310.79962238 196148.34917495
 190772.47172865 205747.07354055 191102.81698239 180579.25701026
 191323.39989576 186508.91293846 161628.68476187 169830.54327889
 214508.64353832 188134.60684541 163425.44530665 169858.89395275
 196825.9173324  173273.17013739 157680.10251259 176231.29903314
 181309.33049963 169708.81325513 188363.4812934  174297.56604076
 169959.66332047 180474.64572615 184532.98128567 192850.78486226
 179779.73026572 186094.14296914 166842.94220763 204341.86085087
 184557.47534599 176979.67925561 183344.71881218 185641.94582861
 199588.11224759 209405.8392552  171070.12067621 184775.36030671
 191189.25216601 190862.12367377 173894.80635145 182681.61805855
 182826.76436389 187540.14755587 186271.00013927 141101.12093774
 182798.87957729 196710.07697396 141051.65129257 154781.31673187
 184991.18474137 152014.86296156 186746.82047609 176462.36123093
 168418.73422113 206530.12346656 193690.01709293 152487.08249475
 168522.44134146 174978.83939805 170244.15544727 202234.59528589
 172118.72653166 180263.55003416 173737.42207465 189455.06733079
 164679.86387586 205252.0465536  197879.84205736 225035.46122159
 201966.79311607 157709.90389448 194129.11510904 169068.39229247
 190048.73994015 191023.34138504 168382.18694398 183631.79552907
 172208.20954651 168842.9196169  204037.51562975 211230.29704242
 202224.87864673 178277.9885034  180500.93036695 212930.91831376
 189106.26065599 179441.18531578 180016.76836482 160542.08974713
 184257.33816803 186425.03941547 176816.7314222  183964.57484679
 193848.01883876 165126.53599211 174685.51582219 176496.69545532]

The result for the 7th execution is
Time
61.026092767715454
Query Result
[179514.7321302 181499.8987455 181485.6985156 180485.3162475
 190027.9520145 179375.3110937 182482.8301462 185202.4406432
 181824.8396843 179893.5535609 178377.0516638 179903.5442181
 183628.1510771 178377.7889876 184900.7447741 183885.1651846
 185692.5434801 184302.5247758 179079.3020967 182277.2065437
 183411.7839229 181410.3368812 185323.3542347 182160.852952
 182478.7085682 181830.7363211 184113.8232099 184251.6299477
 179665.9021423 181986.6663441 184997.8556777 178887.1733148
 178684.4621036 182080.5568045 182436.0809989 177593.3384583
 184235.3389408 182896.3494742 177850.8201559 182240.4690079
 184608.9716396 180507.6229034 180429.5975861 183017.085031
 181191.7914028 180848.212289  189745.563671  181802.976288
 183461.6109978 183589.2195811 176870.4097654 185058.9532687
 183606.0052811 178688.4267724 178742.3767876 178661.9536281
 180565.7592855 182971.431649  182370.8147544 179249.5855047
 180594.7337285 180126.9842315 181605.0275021 180552.7902399
 181726.7055023 181221.6034447 175402.6952876 183146.6208007
 175857.7498892 182991.8604737 182257.5310964 182601.824124
 187929.8191091 184948.4888579 184816.1657207 180368.0066174
 188063.2375077 181615.932841  183697.3563547 181645.5174868
 185595.1024234 186605.3275839 182257.9939015 183528.979026
 186880.9918353 183283.9746083 180564.1708114 179681.9566072
 181259.4418837 181381.3987102 183614.1240333 179838.9818289
 186639.5747071 185583.007707  182287.4693381 181210.6602372
 188791.7630145 187317.2051516 183601.3072582 180383.0513004]
Noised Result
[193436.63880856 191559.59641747 215007.31134755 168557.13914802
 186063.40740386 142027.82588162 222122.14178522 165094.69749996
 211075.97863907 180306.93366076 195111.6592855  187652.31188707
 176498.47690796 206469.9753395  170273.51569331 194307.936967
 194637.20425662 149610.5896849  188747.31373365 183803.31791143
 165531.4315383  229210.97732763 204963.38994201 163469.16576539
 188779.55518786 179841.82161017 199497.08960751 202564.98399889
 198527.57705053 170006.34129135 207917.98104916 171428.66571968
 166697.75584016 170758.47264272 191431.91624347 168106.08710435
 205028.17400927 144945.62935904 184105.27343147 183637.94135895
 213369.53666799 185267.34772439 168154.84530893 164971.4154893
 186163.4601476  136412.01017782 176195.83022736 157298.44065974
 152831.9798221  172692.15055557 183231.47161807 185965.42161458
 143304.86634756 160014.44317457 195820.31680112 167782.04004374
 179265.04187078 186767.1792999  197665.00365952 187428.31467649
 138266.71956271 211932.06403209 178440.94588583 199764.9319337
 148034.51058716 188209.4473119  155852.15808893 184135.28317029
 171556.58614537 180381.94531457 160336.56333326 179458.33376963
 202783.76363638 200278.77779552 214293.9899668  166117.38894254
 208143.01278059 156429.77548391 187396.28838576 174843.53796009
 183084.34167109 192680.47973785 180780.36265802 197790.80272013
 198002.06414659 168451.2757017  161829.82353038 179196.0258688
 177345.08572022 187817.08994204 135965.29082473 203104.96049267
 172750.40531851 212236.57568792 178835.70823081 193621.98890169
 191008.41378646 207067.54605613 191077.05196589 163143.8692629 ]

The result for the 8th execution is
Time
58.69576859474182
Query Result
[179514.7321302 181499.8987455 181485.6985156 180485.3162475
 190027.9520145 179375.3110937 182482.8301462 185202.4406432
 181824.8396843 179893.5535609 178377.0516638 179903.5442181
 183628.1510771 178377.7889876 184900.7447741 183885.1651846
 185692.5434801 184302.5247758 179079.3020967 182277.2065437
 183411.7839229 181410.3368812 185323.3542347 182160.852952
 182478.7085682 181830.7363211 184113.8232099 184251.6299477
 179665.9021423 181986.6663441 184997.8556777 178887.1733148
 178684.4621036 182080.5568045 182436.0809989 177593.3384583
 184235.3389408 182896.3494742 177850.8201559 182240.4690079
 184608.9716396 180507.6229034 180429.5975861 183017.085031
 181191.7914028 180848.212289  189745.563671  181802.976288
 183461.6109978 183589.2195811 176870.4097654 185058.9532687
 183606.0052811 178688.4267724 178742.3767876 178661.9536281
 180565.7592855 182971.431649  182370.8147544 179249.5855047
 180594.7337285 180126.9842315 181605.0275021 180552.7902399
 181726.7055023 181221.6034447 175402.6952876 183146.6208007
 175857.7498892 182991.8604737 182257.5310964 182601.824124
 187929.8191091 184948.4888579 184816.1657207 180368.0066174
 188063.2375077 181615.932841  183697.3563547 181645.5174868
 185595.1024234 186605.3275839 182257.9939015 183528.979026
 186880.9918353 183283.9746083 180564.1708114 179681.9566072
 181259.4418837 181381.3987102 183614.1240333 179838.9818289
 186639.5747071 185583.007707  182287.4693381 181210.6602372
 188791.7630145 187317.2051516 183601.3072582 180383.0513004]
Noised Result
[160484.4743196  177517.48507412 161237.50667843 163509.0678326
 191499.37966738 204382.80450172 188020.5073512  176034.34293219
 165443.20269477 176744.68185078 163581.94513603 189736.76559178
 166274.79916831 187167.60438518 186412.32831286 176366.93659708
 241968.53850121 176357.27914176 175551.62997063 210696.74769185
 151139.41166932 208507.8133304  218700.86301225 186072.31587824
 193824.96387735 202575.60232211 175382.57962969 188747.4762024
 152172.35775564 204431.61432748 139319.40265086 187674.14495055
 187171.78164569 204367.17764098 187655.7669323  173814.82571587
 171491.29613307 200452.65534355 179813.63864803 181430.29006069
 175648.58150704 187535.78434224 210702.43673769 184545.96092835
 195095.19760893 156514.43426015 185164.56430353 199858.93928197
 199066.60464567 140443.01596232 209978.9858955  174100.12753044
 217857.78672595 190416.90953773 177096.09308522 210553.82862544
 163658.1591745  202539.16477887 204853.93789296 163450.0060291
 169511.25188774 137388.92622948 195512.04534771 178326.70716933
 174093.50810466 164769.50162661 194368.73869214 166754.79238512
 211426.10397959 177420.30308095 189212.3464585  194307.26292836
 218094.78985507 159222.57998076 174532.66009494 160372.54914912
 170054.50795934 190237.43866876 198275.86888377 177347.09332151
 197535.12292807 200923.01173464 210939.39442744 173773.12388938
 195664.16420918 171295.46846528 149664.96970975 195684.63866196
 168645.08302743 195964.76810465 211525.65111801 198062.36252406
 223375.31097524 210193.32733501 186149.52016243 182178.90087861
 213266.76629447 173400.14331435 200247.87031283 170825.46547355]

The result for the 9th execution is
Time
71.64888453483582
Query Result
[179514.7321302 181499.8987455 181485.6985156 180485.3162475
 190027.9520145 179375.3110937 182482.8301462 185202.4406432
 181824.8396843 179893.5535609 178377.0516638 179903.5442181
 183628.1510771 178377.7889876 184900.7447741 183885.1651846
 185692.5434801 184302.5247758 179079.3020967 182277.2065437
 183411.7839229 181410.3368812 185323.3542347 182160.852952
 182478.7085682 181830.7363211 184113.8232099 184251.6299477
 179665.9021423 181986.6663441 184997.8556777 178887.1733148
 178684.4621036 182080.5568045 182436.0809989 177593.3384583
 184235.3389408 182896.3494742 177850.8201559 182240.4690079
 184608.9716396 180507.6229034 180429.5975861 183017.085031
 181191.7914028 180848.212289  189745.563671  181802.976288
 183461.6109978 183589.2195811 176870.4097654 185058.9532687
 183606.0052811 178688.4267724 178742.3767876 178661.9536281
 180565.7592855 182971.431649  182370.8147544 179249.5855047
 180594.7337285 180126.9842315 181605.0275021 180552.7902399
 181726.7055023 181221.6034447 175402.6952876 183146.6208007
 175857.7498892 182991.8604737 182257.5310964 182601.824124
 187929.8191091 184948.4888579 184816.1657207 180368.0066174
 188063.2375077 181615.932841  183697.3563547 181645.5174868
 185595.1024234 186605.3275839 182257.9939015 183528.979026
 186880.9918353 183283.9746083 180564.1708114 179681.9566072
 181259.4418837 181381.3987102 183614.1240333 179838.9818289
 186639.5747071 185583.007707  182287.4693381 181210.6602372
 188791.7630145 187317.2051516 183601.3072582 180383.0513004]
Noised Result
[ -454189.58700307   -99541.73973561  -277057.43272443  -963895.48259437
   784726.30244222  -451500.09954918  -438060.27988401   178037.42572453
   880606.65593366   903109.89975669  -375087.7154731     26351.2927144
  -160025.52689685   -50040.59677266   -91897.05937131  -554243.2655696
   500135.43861076   129477.02768395   362055.69151868  -427001.38811795
  -535146.13960806  -278055.3463612   -564863.93240097  -470173.87120858
   367274.87106228   319671.00886305    -4947.88967314    76164.6823608
   311609.51271431   -80365.00561199  -191132.75590198   488580.72761857
  1582175.45636633  -133642.04376063  1918763.27487869  -620552.46852378
   349409.30149474   899005.064665     531377.32417736  -218720.92991055
   -61031.60982772  -323262.86191456  1027192.59250078   626906.65421994
  -699281.34230935   341939.30852382   423133.9902655     50432.80408257
   -70796.08438322   321043.97753112   292078.31314588   430723.45078712
   243919.58754158  1394733.20233298   814195.17142476  1495434.79901359
  -791510.7136934    119174.98890741  -157424.05894869   159524.63570177
   275769.58154912  -394242.74213479 -1161844.13854811   673751.5606462
  -810973.89265015   -62486.09463638   557111.62372042   276390.66911383
  -969446.06214523    16555.62843936   218295.9978706    643637.15014002
  -746557.27468257 -1203564.68086784  -245433.98126496   796248.62040387
  -130254.61636324   608143.36481072   182867.6885565    519680.77237645
  1279105.23312954   265410.95447945  -260357.24264151  -177257.09326414
  1349381.93578484   519683.15750605   216284.44117048  -518625.3266295
   561090.40357406  1258092.09668619   816988.92306393   222758.37555885
  -515744.98715125  -380385.13879587  -178695.05390648   597199.14145812
   508367.27082532   655720.10099154   779921.26622357  -277996.50460518]

The result for the 10th execution is
Time
61.98092436790466
Query Result
[179514.7321302 181499.8987455 181485.6985156 180485.3162475
 190027.9520145 179375.3110937 182482.8301462 185202.4406432
 181824.8396843 179893.5535609 178377.0516638 179903.5442181
 183628.1510771 178377.7889876 184900.7447741 183885.1651846
 185692.5434801 184302.5247758 179079.3020967 182277.2065437
 183411.7839229 181410.3368812 185323.3542347 182160.852952
 182478.7085682 181830.7363211 184113.8232099 184251.6299477
 179665.9021423 181986.6663441 184997.8556777 178887.1733148
 178684.4621036 182080.5568045 182436.0809989 177593.3384583
 184235.3389408 182896.3494742 177850.8201559 182240.4690079
 184608.9716396 180507.6229034 180429.5975861 183017.085031
 181191.7914028 180848.212289  189745.563671  181802.976288
 183461.6109978 183589.2195811 176870.4097654 185058.9532687
 183606.0052811 178688.4267724 178742.3767876 178661.9536281
 180565.7592855 182971.431649  182370.8147544 179249.5855047
 180594.7337285 180126.9842315 181605.0275021 180552.7902399
 181726.7055023 181221.6034447 175402.6952876 183146.6208007
 175857.7498892 182991.8604737 182257.5310964 182601.824124
 187929.8191091 184948.4888579 184816.1657207 180368.0066174
 188063.2375077 181615.932841  183697.3563547 181645.5174868
 185595.1024234 186605.3275839 182257.9939015 183528.979026
 186880.9918353 183283.9746083 180564.1708114 179681.9566072
 181259.4418837 181381.3987102 183614.1240333 179838.9818289
 186639.5747071 185583.007707  182287.4693381 181210.6602372
 188791.7630145 187317.2051516 183601.3072582 180383.0513004]
Noised Result
[192145.86820455 191526.09056988 158409.70699069 156448.36743788
 244720.8036141  205489.12660777 245305.54744347 208866.3605971
 135652.2659781  155800.70954574 149593.15247366 140469.76561653
 176304.01812169 175685.53458698 167402.43332119 226869.48437972
 150343.1965753  143416.06791634 165170.212035   144724.39987347
 127643.42493555 126619.99429915 136516.12596051 178729.06292517
 174156.01683328 144890.92057409 172570.4677425  140378.63267503
 115485.27526076 183122.44474818 181006.04058248 127696.72498523
 158367.80859493 178821.92440163 158931.39816708 176607.34700375
 172193.25194878 180867.13940562 189778.2139917  140787.16971977
 161355.05502978 136469.10313254 141292.11132508 197718.29915867
 174763.94183896 197269.63745012 142813.82592528 171550.60463033
 237368.20310993 197643.14357139 155049.00105012 183722.05665763
 149650.3212952  186164.75192324 126659.37901772 200314.25058118
 190140.20372199 139387.87438298 168305.70286467 123916.52682067
 176271.09095162 157546.81318006 190592.12619645 149736.37914172
  86361.32856072 139537.57408464 232177.72373869 163829.97365285
 160747.87823148 209233.59844969 176852.30925923 234891.89883842
 152707.96677053 125920.58286105 178925.02597643 169187.7682943
 245660.97693615 207593.81926648 178409.3639288  204091.38431799
 246250.15144372 195920.61434518 225226.26395581 187404.90569456
 205077.93966043 190731.54228988 192652.46175085 139463.38433792
 174820.48815026 160307.1181017  157130.14393768 143174.60908889
 195930.38312392 195158.0917459  162329.36147383 172706.97238583
 155820.38514177 182463.2264018  197449.26795199 167461.34449351]

The result for the 11th execution is
Time
57.74772334098816
Query Result
[179514.7321302 181499.8987455 181485.6985156 180485.3162475
 190027.9520145 179375.3110937 182482.8301462 185202.4406432
 181824.8396843 179893.5535609 178377.0516638 179903.5442181
 183628.1510771 178377.7889876 184900.7447741 183885.1651846
 185692.5434801 184302.5247758 179079.3020967 182277.2065437
 183411.7839229 181410.3368812 185323.3542347 182160.852952
 182478.7085682 181830.7363211 184113.8232099 184251.6299477
 179665.9021423 181986.6663441 184997.8556777 178887.1733148
 178684.4621036 182080.5568045 182436.0809989 177593.3384583
 184235.3389408 182896.3494742 177850.8201559 182240.4690079
 184608.9716396 180507.6229034 180429.5975861 183017.085031
 181191.7914028 180848.212289  189745.563671  181802.976288
 183461.6109978 183589.2195811 176870.4097654 185058.9532687
 183606.0052811 178688.4267724 178742.3767876 178661.9536281
 180565.7592855 182971.431649  182370.8147544 179249.5855047
 180594.7337285 180126.9842315 181605.0275021 180552.7902399
 181726.7055023 181221.6034447 175402.6952876 183146.6208007
 175857.7498892 182991.8604737 182257.5310964 182601.824124
 187929.8191091 184948.4888579 184816.1657207 180368.0066174
 188063.2375077 181615.932841  183697.3563547 181645.5174868
 185595.1024234 186605.3275839 182257.9939015 183528.979026
 186880.9918353 183283.9746083 180564.1708114 179681.9566072
 181259.4418837 181381.3987102 183614.1240333 179838.9818289
 186639.5747071 185583.007707  182287.4693381 181210.6602372
 188791.7630145 187317.2051516 183601.3072582 180383.0513004]
Noised Result
[178711.70901267 167820.38817069 203843.58409406 170957.95986088
 196624.3703274  177882.55575142 187055.05604635 199344.49246335
 197341.16660362 165888.61986703 169173.46173949 176173.4631135
 220094.80359777 198018.24926376 191529.28916614 185067.55502284
 187198.95490477 221570.59179571 169384.76683856 215392.13601288
 191337.77789468 155647.63739577 186141.63457943 186832.41679908
 234274.93051658 180578.64591589 155580.19719735 176861.54696932
 198113.1637427  186365.92426372 195229.02106806 181129.38008182
 198099.2856017  185552.12379591 174309.50177649 195763.87765997
 205172.72048855 171980.06789479 182374.2428098  160851.03101537
 197656.34481485 166390.82141454 196770.41669754 196176.43727152
 167993.3577121  170904.51656316 179984.50332753 206681.44557699
 212977.11687786 199269.7413727  178218.75245162 167496.9416864
 188842.04781958 136528.87372746 184292.19778103 173464.00693313
 203169.39466731 162929.0288259  173078.03119178 203748.52289001
 195180.18069033 179341.97157668 198669.86274783 180748.33841324
 165386.14265648 169802.29613675 181159.9571595  228253.3763336
 207718.83779596 183594.0918749  178711.88339069 175759.80341766
 202754.90581146 193136.15647672 179550.8088994  179306.86675379
 196133.75504947 185787.95666122 182026.69692933 196994.76621165
 180051.0977827  211122.93587788 159215.61016501 176959.48713652
 193956.00925749 192388.21732505 184108.02582371 202558.89346501
 193589.0435804  207506.38268474 190067.08599234 169994.58336095
 167430.11965174 191089.51465202 166169.85704458 179482.66336616
 219066.27945985 205141.02688759 219575.671551   166760.70442675]

The result for the 12th execution is
Time
58.676233530044556
Query Result
[179514.7321302 181499.8987455 181485.6985156 180485.3162475
 190027.9520145 179375.3110937 182482.8301462 185202.4406432
 181824.8396843 179893.5535609 178377.0516638 179903.5442181
 183628.1510771 178377.7889876 184900.7447741 183885.1651846
 185692.5434801 184302.5247758 179079.3020967 182277.2065437
 183411.7839229 181410.3368812 185323.3542347 182160.852952
 182478.7085682 181830.7363211 184113.8232099 184251.6299477
 179665.9021423 181986.6663441 184997.8556777 178887.1733148
 178684.4621036 182080.5568045 182436.0809989 177593.3384583
 184235.3389408 182896.3494742 177850.8201559 182240.4690079
 184608.9716396 180507.6229034 180429.5975861 183017.085031
 181191.7914028 180848.212289  189745.563671  181802.976288
 183461.6109978 183589.2195811 176870.4097654 185058.9532687
 183606.0052811 178688.4267724 178742.3767876 178661.9536281
 180565.7592855 182971.431649  182370.8147544 179249.5855047
 180594.7337285 180126.9842315 181605.0275021 180552.7902399
 181726.7055023 181221.6034447 175402.6952876 183146.6208007
 175857.7498892 182991.8604737 182257.5310964 182601.824124
 187929.8191091 184948.4888579 184816.1657207 180368.0066174
 188063.2375077 181615.932841  183697.3563547 181645.5174868
 185595.1024234 186605.3275839 182257.9939015 183528.979026
 186880.9918353 183283.9746083 180564.1708114 179681.9566072
 181259.4418837 181381.3987102 183614.1240333 179838.9818289
 186639.5747071 185583.007707  182287.4693381 181210.6602372
 188791.7630145 187317.2051516 183601.3072582 180383.0513004]
Noised Result
[182684.83659275 168824.17370178 148719.94952596 198310.70103021
 189911.60139351 229853.16611317 192753.71813827 178774.74587923
 172369.95157552 198476.03246168 152087.83248459 134959.01287335
 164546.81790643 175801.88258434 188524.76662541 184532.89630853
 188655.7640091  192326.60644327 174424.26537937 195687.09505843
 146523.49652583 169210.2007192  193265.42701662 185461.65088811
 173647.89768072 182744.52370367 194165.48792303 170915.07930543
 196833.32794065 186876.43349039 209614.28684692 195196.04313479
 164728.26098161 165419.76673753 182380.2981444  146170.94324641
 186981.70774736 187696.5838171  184286.71403592 183448.90944897
 221039.21100615 187827.16128524 182053.29549234 191540.59845213
 187443.12147637 202456.32493443 196233.47798797 163443.2877159
 170883.22124376 223365.29634515 175770.90365601 183482.65072346
 202367.66875315 181045.28027654 173863.95835267 171621.31331125
 177764.91539987 157561.6591604  169936.012818   168133.75086163
 172804.6016665  142190.13200547 178809.5291731  193781.87482868
 150390.00075024 204742.55984978 170446.27073617 193124.43323602
 199573.35958574 186055.07951041 188437.97362068 200758.41246167
 189001.82679906 175410.26265521 165730.01138425 187753.44822705
 189498.78887518 183837.09992184 181260.41447742 177140.23147408
 162488.80805276 162213.52957602 196990.97877499 175799.16876028
 179773.92547006 184458.25030776 217603.46535072 171501.97800591
 190408.98563488 183554.77137615 187440.02954891 222297.52816467
 186123.99247322 181503.22162288 173537.95268266 181226.33305664
 179229.9690168  173257.38654832 205873.67679634 166233.69981885]

The result for the 13th execution is
Time
58.910210609436035
Query Result
[179514.7321302 181499.8987455 181485.6985156 180485.3162475
 190027.9520145 179375.3110937 182482.8301462 185202.4406432
 181824.8396843 179893.5535609 178377.0516638 179903.5442181
 183628.1510771 178377.7889876 184900.7447741 183885.1651846
 185692.5434801 184302.5247758 179079.3020967 182277.2065437
 183411.7839229 181410.3368812 185323.3542347 182160.852952
 182478.7085682 181830.7363211 184113.8232099 184251.6299477
 179665.9021423 181986.6663441 184997.8556777 178887.1733148
 178684.4621036 182080.5568045 182436.0809989 177593.3384583
 184235.3389408 182896.3494742 177850.8201559 182240.4690079
 184608.9716396 180507.6229034 180429.5975861 183017.085031
 181191.7914028 180848.212289  189745.563671  181802.976288
 183461.6109978 183589.2195811 176870.4097654 185058.9532687
 183606.0052811 178688.4267724 178742.3767876 178661.9536281
 180565.7592855 182971.431649  182370.8147544 179249.5855047
 180594.7337285 180126.9842315 181605.0275021 180552.7902399
 181726.7055023 181221.6034447 175402.6952876 183146.6208007
 175857.7498892 182991.8604737 182257.5310964 182601.824124
 187929.8191091 184948.4888579 184816.1657207 180368.0066174
 188063.2375077 181615.932841  183697.3563547 181645.5174868
 185595.1024234 186605.3275839 182257.9939015 183528.979026
 186880.9918353 183283.9746083 180564.1708114 179681.9566072
 181259.4418837 181381.3987102 183614.1240333 179838.9818289
 186639.5747071 185583.007707  182287.4693381 181210.6602372
 188791.7630145 187317.2051516 183601.3072582 180383.0513004]
Noised Result
[179889.69466477  99485.6953103  196767.33697819 171917.65351399
 203718.54732402 201648.87046086 244765.12634169 225493.29360258
 192611.13254513 159218.81949892 158430.62109539 108771.61780369
 223951.648841   177913.80428702 146201.30660454 131544.80121324
 194129.04273448 226915.45742485 204906.52812065 177608.09287152
 175994.98709498 205509.00281185 147717.36870209 145308.61083342
 232430.60401737 152597.94840632 139504.84327052 225209.47884885
 231334.19041555 173458.29908193 198006.47138216 219046.79373903
 171323.36002459 180004.74295641 215414.1233084  178602.99038355
 204666.57094208 194310.84220145 172729.5196541  186388.53871274
 168465.36853349 176069.97173298 242303.70111646 238308.32666183
 144388.51675298 179202.65461387 160866.80998282 223395.27256762
 200506.38119679 204319.82628152 138776.47723814 199616.07118698
 225088.56365293 175670.01102006 118347.80960329 221978.87395503
 154342.35613453 119292.31972125 148190.80719039 140575.674415
 191906.82998508 210112.80050155 171978.98985763 189716.11728958
 135060.99528144 187279.69250942 161254.98914557 165056.0824803
 258132.24375334 131933.78012025 201449.65859538 179355.82317114
 182319.4967839  213451.24169073 187391.35723277 163304.78693053
 162811.21577075 174748.20834315 199894.46551694 137566.19216809
 217711.6828341  109413.65465228 149916.17227352 178665.86222877
 216224.20433104 246391.65794923 105190.85957637 125863.59758127
 202239.87240516 244481.20031389 186194.87691512 155886.86954919
 212097.9246976  192295.29393998 183643.8389117  157821.1132391
 161586.8509178  180455.90153629 118761.62234356 206836.27858437]

The result for the 14th execution is
Time
57.46331071853638
Query Result
[179514.7321302 181499.8987455 181485.6985156 180485.3162475
 190027.9520145 179375.3110937 182482.8301462 185202.4406432
 181824.8396843 179893.5535609 178377.0516638 179903.5442181
 183628.1510771 178377.7889876 184900.7447741 183885.1651846
 185692.5434801 184302.5247758 179079.3020967 182277.2065437
 183411.7839229 181410.3368812 185323.3542347 182160.852952
 182478.7085682 181830.7363211 184113.8232099 184251.6299477
 179665.9021423 181986.6663441 184997.8556777 178887.1733148
 178684.4621036 182080.5568045 182436.0809989 177593.3384583
 184235.3389408 182896.3494742 177850.8201559 182240.4690079
 184608.9716396 180507.6229034 180429.5975861 183017.085031
 181191.7914028 180848.212289  189745.563671  181802.976288
 183461.6109978 183589.2195811 176870.4097654 185058.9532687
 183606.0052811 178688.4267724 178742.3767876 178661.9536281
 180565.7592855 182971.431649  182370.8147544 179249.5855047
 180594.7337285 180126.9842315 181605.0275021 180552.7902399
 181726.7055023 181221.6034447 175402.6952876 183146.6208007
 175857.7498892 182991.8604737 182257.5310964 182601.824124
 187929.8191091 184948.4888579 184816.1657207 180368.0066174
 188063.2375077 181615.932841  183697.3563547 181645.5174868
 185595.1024234 186605.3275839 182257.9939015 183528.979026
 186880.9918353 183283.9746083 180564.1708114 179681.9566072
 181259.4418837 181381.3987102 183614.1240333 179838.9818289
 186639.5747071 185583.007707  182287.4693381 181210.6602372
 188791.7630145 187317.2051516 183601.3072582 180383.0513004]
Noised Result
[185704.67554913 191033.64017515 160745.73867431 142220.44551684
 173912.42088626 164636.64729155 181786.0608252  201128.7382292
 186984.05665228 174103.88434683 164005.30436421 186260.10564009
 200252.43899984 189783.99983103 165206.21684657 195754.16915992
 204162.76181521 194654.50643697 192435.15063906 158576.18595481
 184966.84966647 192770.93327873 187085.77379684 179257.58178411
 183507.39016328 168441.98604878 189635.8430785  208358.73823342
 176885.22791056 210048.40484166 203911.89386752 184513.2512608
 167388.14702605 167503.18626156 166718.83314023 191250.09519009
 196575.21888967 169790.20939039 167033.23531597 220195.69950531
 164266.72240331 194829.96695664 211230.20394776 186268.25945897
 186629.15267029 181157.2860264  173454.95465589 155910.02087336
 164422.76052576 180508.23209934 209704.60378112 186994.1092323
 160760.03033336 199236.68094057 181045.35322665 165433.90438212
 189448.75742372 142059.10386281 181873.93353021 186685.04587645
 187877.64979326 186250.79068843 164178.38324846 220477.70408513
 185392.64702878 169175.11111705 139393.24547495 175980.38101396
 169816.39397519 171469.55966444 177559.97449576 196135.18073959
 162534.56265074 161985.32355019 221967.19097169 167052.87968241
 200575.30522909 199616.35129972 208161.02229533 176647.09808221
 191133.70260595 167981.59905642 174862.6022816  171359.69555409
 186982.90363938 142493.62111088 203910.09942677 184684.27274683
 181153.83158208 163657.89121371 188232.34710418 184852.86452062
 202472.95944076 204603.11089292 151418.02855395 181531.27673749
 179103.78532089 174683.19204397 187550.64907808 183410.73359219]

The result for the 15th execution is
Time
61.76432013511658
Query Result
[179514.7321302 181499.8987455 181485.6985156 180485.3162475
 190027.9520145 179375.3110937 182482.8301462 185202.4406432
 181824.8396843 179893.5535609 178377.0516638 179903.5442181
 183628.1510771 178377.7889876 184900.7447741 183885.1651846
 185692.5434801 184302.5247758 179079.3020967 182277.2065437
 183411.7839229 181410.3368812 185323.3542347 182160.852952
 182478.7085682 181830.7363211 184113.8232099 184251.6299477
 179665.9021423 181986.6663441 184997.8556777 178887.1733148
 178684.4621036 182080.5568045 182436.0809989 177593.3384583
 184235.3389408 182896.3494742 177850.8201559 182240.4690079
 184608.9716396 180507.6229034 180429.5975861 183017.085031
 181191.7914028 180848.212289  189745.563671  181802.976288
 183461.6109978 183589.2195811 176870.4097654 185058.9532687
 183606.0052811 178688.4267724 178742.3767876 178661.9536281
 180565.7592855 182971.431649  182370.8147544 179249.5855047
 180594.7337285 180126.9842315 181605.0275021 180552.7902399
 181726.7055023 181221.6034447 175402.6952876 183146.6208007
 175857.7498892 182991.8604737 182257.5310964 182601.824124
 187929.8191091 184948.4888579 184816.1657207 180368.0066174
 188063.2375077 181615.932841  183697.3563547 181645.5174868
 185595.1024234 186605.3275839 182257.9939015 183528.979026
 186880.9918353 183283.9746083 180564.1708114 179681.9566072
 181259.4418837 181381.3987102 183614.1240333 179838.9818289
 186639.5747071 185583.007707  182287.4693381 181210.6602372
 188791.7630145 187317.2051516 183601.3072582 180383.0513004]
Noised Result
[166219.39612431 182796.59651584 196188.49516678 182286.39119092
 192240.09463104 167729.58255157 167357.48731234 184549.62620929
 164987.36195159 140841.95920685 196512.18499521 158194.86683896
 167674.46614001 168516.93951641 205423.47687939 175317.14038984
 188903.48262885 187150.86056796 164005.58293166 168657.48995759
 174878.80962363 148621.57024529 178236.42421578 180280.546353
 175575.96319989 186043.81169958 188998.17127135 173383.00894979
 166216.27198479 161308.80886725 195268.07872457 207102.67171698
 156520.68277084 190982.61736104 195759.76981483 179074.3671228
 188136.63351819 185198.81757507 203038.67310009 216800.90301981
 188370.54829329 138764.65039543 149368.66199478 166177.6606279
 171486.93859667 168132.90051994 170079.59919106 191226.8978791
 160379.45017656 170749.45032876 198972.66749557 192085.8367263
 172498.67987819 182068.4361461  214395.64407236 205266.52442919
 182683.92311148 175118.10103869 202950.45916441 180051.15841903
 185435.830496   163161.78359375 181193.31110396 173289.11095009
 213159.419712   179044.07478805 172917.01208966 177948.38279726
 197062.95775525 203867.47338584 194011.91481239 138138.94255845
 217787.33704884 177621.39571057 182020.63563055 180185.82326216
 194113.34342581 182931.26085375 219410.30723495 179882.53503138
 193513.32304097 187672.83406999 156774.06036202 168636.34828613
 158393.8371634  142904.48017507 174584.10785681 171195.97980916
 210200.58086528 175023.32561816 178912.28407122 172687.432477
 187435.44659409 217777.91505698 155997.8223986  165906.62415493
 180992.13372018 219158.89197681 186160.87240661 171606.40026301]

The result for the 16th execution is
Time
58.43319892883301
Query Result
[179514.7321302 181499.8987455 181485.6985156 180485.3162475
 190027.9520145 179375.3110937 182482.8301462 185202.4406432
 181824.8396843 179893.5535609 178377.0516638 179903.5442181
 183628.1510771 178377.7889876 184900.7447741 183885.1651846
 185692.5434801 184302.5247758 179079.3020967 182277.2065437
 183411.7839229 181410.3368812 185323.3542347 182160.852952
 182478.7085682 181830.7363211 184113.8232099 184251.6299477
 179665.9021423 181986.6663441 184997.8556777 178887.1733148
 178684.4621036 182080.5568045 182436.0809989 177593.3384583
 184235.3389408 182896.3494742 177850.8201559 182240.4690079
 184608.9716396 180507.6229034 180429.5975861 183017.085031
 181191.7914028 180848.212289  189745.563671  181802.976288
 183461.6109978 183589.2195811 176870.4097654 185058.9532687
 183606.0052811 178688.4267724 178742.3767876 178661.9536281
 180565.7592855 182971.431649  182370.8147544 179249.5855047
 180594.7337285 180126.9842315 181605.0275021 180552.7902399
 181726.7055023 181221.6034447 175402.6952876 183146.6208007
 175857.7498892 182991.8604737 182257.5310964 182601.824124
 187929.8191091 184948.4888579 184816.1657207 180368.0066174
 188063.2375077 181615.932841  183697.3563547 181645.5174868
 185595.1024234 186605.3275839 182257.9939015 183528.979026
 186880.9918353 183283.9746083 180564.1708114 179681.9566072
 181259.4418837 181381.3987102 183614.1240333 179838.9818289
 186639.5747071 185583.007707  182287.4693381 181210.6602372
 188791.7630145 187317.2051516 183601.3072582 180383.0513004]
Noised Result
[213877.34017997 158636.56497433 157472.4253435  185859.13453276
 210039.83928084 173038.12257869 159491.78242117 186198.82463712
 154245.77988631 182656.78797727 139411.81893552 157303.49600292
 202762.40113681 176185.7458939  168466.30123968 151837.67275326
 203414.16618836 186471.09974487 165331.61720136 176385.21800365
 130617.49014131 147923.04698239 207867.4832553  195670.69960662
 176367.93021544 186566.08649345 236069.95956292 185436.23915745
 181485.30856067 225768.12018694 200146.9421197  176079.26047241
 162855.79167914 159747.81349301 210144.88574238 207299.61636131
 139607.99962826 176886.69839429 128832.30321037 196096.59084769
 194929.42297031 130545.04741294 149162.09545665 117539.71599977
 145797.56379426 205261.42638091 261644.24450633 109178.64506566
 124475.01272141 143122.12785383 155852.1014692  122558.16133049
 194539.45822789 213794.56980458 105481.55605631 181720.18041607
 162018.12206111 168561.14413446 181637.18270497 185753.2608528
 205080.40954529 197130.07300958 231965.56957629 190152.49922122
 224899.04898701 184709.51149891 179915.38429028 244576.59250108
 135017.60492261 160180.79704333 223807.60626479 234217.39951046
 148563.3149388  126971.79691916 210437.28596412 126998.97303027
 152334.13591509 175584.28467088 184109.44687088 179964.80509164
 194295.45787276 175188.49472301 208473.25018505 212322.94741774
 210262.98706576 153362.01596541 126521.63169391 219558.3547323
 173508.03507464 203031.43887999 200309.81777348 102241.99687211
 178345.57361455 188691.94851404 144808.09897559 176379.86040747
 217032.04381556 168264.51295045 212562.18574835 160800.7042351 ]

The result for the 17th execution is
Time
55.73954749107361
Query Result
[179514.7321302 181499.8987455 181485.6985156 180485.3162475
 190027.9520145 179375.3110937 182482.8301462 185202.4406432
 181824.8396843 179893.5535609 178377.0516638 179903.5442181
 183628.1510771 178377.7889876 184900.7447741 183885.1651846
 185692.5434801 184302.5247758 179079.3020967 182277.2065437
 183411.7839229 181410.3368812 185323.3542347 182160.852952
 182478.7085682 181830.7363211 184113.8232099 184251.6299477
 179665.9021423 181986.6663441 184997.8556777 178887.1733148
 178684.4621036 182080.5568045 182436.0809989 177593.3384583
 184235.3389408 182896.3494742 177850.8201559 182240.4690079
 184608.9716396 180507.6229034 180429.5975861 183017.085031
 181191.7914028 180848.212289  189745.563671  181802.976288
 183461.6109978 183589.2195811 176870.4097654 185058.9532687
 183606.0052811 178688.4267724 178742.3767876 178661.9536281
 180565.7592855 182971.431649  182370.8147544 179249.5855047
 180594.7337285 180126.9842315 181605.0275021 180552.7902399
 181726.7055023 181221.6034447 175402.6952876 183146.6208007
 175857.7498892 182991.8604737 182257.5310964 182601.824124
 187929.8191091 184948.4888579 184816.1657207 180368.0066174
 188063.2375077 181615.932841  183697.3563547 181645.5174868
 185595.1024234 186605.3275839 182257.9939015 183528.979026
 186880.9918353 183283.9746083 180564.1708114 179681.9566072
 181259.4418837 181381.3987102 183614.1240333 179838.9818289
 186639.5747071 185583.007707  182287.4693381 181210.6602372
 188791.7630145 187317.2051516 183601.3072582 180383.0513004]
Noised Result
[184821.13124946 190087.53686609 201897.87852788 182475.32599303
 198927.40437427 167506.81585594 217180.76118113 193181.84431031
 176325.96763229 184090.41247921 166844.95882527 195638.46268945
 168199.42707329 149005.93721661 193763.92855929 220058.59120723
 175054.61417382 180274.64957517 192809.34747841 182066.32605928
 189337.63890432 174761.34724593 204487.0670004  202579.61685535
 194167.04786849 169152.78359008 179321.94573297 185116.54028882
 182514.49823271 195842.01259569 192803.0098318  212509.55590703
 182464.46001612 167344.71237872 200508.92965909 190020.87354445
 199571.84337172 198525.26140418 186201.87811472 181323.0024715
 193634.75962632 216629.25637084 158059.98166751 159720.60725387
 201866.96749689 188202.34130262 219013.80034221 174569.89711246
 195229.51526778 189864.80167942 179473.14620443 200209.79187757
 169802.21360393 186525.14571834 177555.73341481 178750.38267981
 192590.77495828 195839.4280019  164202.92257979 169564.55212531
 171571.90320447 169541.57248536 171230.28691716 187108.23180723
 173418.70296786 167630.71233045 179831.39734202 168333.79678501
 170092.34824063 197501.74682969 194891.43425083 160095.50578505
 197622.95857972 191806.14186956 155452.41773076 187401.18615086
 222304.40736071 203024.45082487 185985.04556799 182231.39897759
 150743.67427099 197998.34936456 146497.68140971 191029.95907524
 196485.37307224 178277.43542815 190540.48708752 184795.36926365
 186013.97128961 164248.23533909 183374.70002245 175160.28537015
 164656.29888216 212464.43236615 163030.24719098 192719.41252311
 217999.99311112 190583.51944891 165812.90513239 207616.49116831]

The result for the 18th execution is
Time
58.39125943183899
Query Result
[179514.7321302 181499.8987455 181485.6985156 180485.3162475
 190027.9520145 179375.3110937 182482.8301462 185202.4406432
 181824.8396843 179893.5535609 178377.0516638 179903.5442181
 183628.1510771 178377.7889876 184900.7447741 183885.1651846
 185692.5434801 184302.5247758 179079.3020967 182277.2065437
 183411.7839229 181410.3368812 185323.3542347 182160.852952
 182478.7085682 181830.7363211 184113.8232099 184251.6299477
 179665.9021423 181986.6663441 184997.8556777 178887.1733148
 178684.4621036 182080.5568045 182436.0809989 177593.3384583
 184235.3389408 182896.3494742 177850.8201559 182240.4690079
 184608.9716396 180507.6229034 180429.5975861 183017.085031
 181191.7914028 180848.212289  189745.563671  181802.976288
 183461.6109978 183589.2195811 176870.4097654 185058.9532687
 183606.0052811 178688.4267724 178742.3767876 178661.9536281
 180565.7592855 182971.431649  182370.8147544 179249.5855047
 180594.7337285 180126.9842315 181605.0275021 180552.7902399
 181726.7055023 181221.6034447 175402.6952876 183146.6208007
 175857.7498892 182991.8604737 182257.5310964 182601.824124
 187929.8191091 184948.4888579 184816.1657207 180368.0066174
 188063.2375077 181615.932841  183697.3563547 181645.5174868
 185595.1024234 186605.3275839 182257.9939015 183528.979026
 186880.9918353 183283.9746083 180564.1708114 179681.9566072
 181259.4418837 181381.3987102 183614.1240333 179838.9818289
 186639.5747071 185583.007707  182287.4693381 181210.6602372
 188791.7630145 187317.2051516 183601.3072582 180383.0513004]
Noised Result
[232221.81817199 174536.68911758 215154.57915163 166440.54480849
 262385.791323   214083.36323205 180689.3599909  175240.29633854
 157247.65307788 194542.12760735 184915.78496027 152667.37836751
 186832.61851166 176668.06277769 157845.63456677 213559.03279702
 192393.03210802 172058.68715421 208250.10640872 166947.38875813
 199077.00581391 164087.43366096 218369.58907062 189312.0513138
 174890.56803049 181043.24676348 196043.29185233 190238.01023077
 190043.08696647 196762.3724886  188730.53756314 187337.20121866
 159538.90312174 203839.79895642 194532.27255888 195297.59953856
 172844.29277314 170653.18176398 181182.97506588 215653.49219761
 177446.82939544 192389.41683599 151365.26770286 156265.24304002
 167593.24166944 176082.28914501 196598.04496813 180189.35191747
 184901.00985238 172739.51836816 176216.29007358 202487.14276749
 180682.12075295 195423.3353389  167858.11178989 194067.75632698
 163008.99253433 200900.24718095 203496.47543341 163761.16649613
 201012.52197564 164842.53249248 203504.30352959 166558.30865217
 170343.22879843 156326.89790533 175209.66210023 179088.80311962
 187749.48412849 176484.64486459 186435.1244641  156138.07232879
 191631.22483756 213800.8890511  195404.87719933 170347.26216925
 220680.72593237 192058.10156459 170062.04556469 188005.37354188
 192110.12440369 151082.44266314 183727.72482092 171393.70455426
 185161.62698105 180525.58254676 207288.83512355 193548.26241773
 182624.12187729 193051.46094343 178310.44935888 212030.91081574
 206835.37702524 163881.54344681 171925.4770666  195593.18224729
 159520.75669407 195147.55581275 196491.05647794 174901.58263936]

The result for the 19th execution is
Time
62.17337393760681
Query Result
[179514.7321302 181499.8987455 181485.6985156 180485.3162475
 190027.9520145 179375.3110937 182482.8301462 185202.4406432
 181824.8396843 179893.5535609 178377.0516638 179903.5442181
 183628.1510771 178377.7889876 184900.7447741 183885.1651846
 185692.5434801 184302.5247758 179079.3020967 182277.2065437
 183411.7839229 181410.3368812 185323.3542347 182160.852952
 182478.7085682 181830.7363211 184113.8232099 184251.6299477
 179665.9021423 181986.6663441 184997.8556777 178887.1733148
 178684.4621036 182080.5568045 182436.0809989 177593.3384583
 184235.3389408 182896.3494742 177850.8201559 182240.4690079
 184608.9716396 180507.6229034 180429.5975861 183017.085031
 181191.7914028 180848.212289  189745.563671  181802.976288
 183461.6109978 183589.2195811 176870.4097654 185058.9532687
 183606.0052811 178688.4267724 178742.3767876 178661.9536281
 180565.7592855 182971.431649  182370.8147544 179249.5855047
 180594.7337285 180126.9842315 181605.0275021 180552.7902399
 181726.7055023 181221.6034447 175402.6952876 183146.6208007
 175857.7498892 182991.8604737 182257.5310964 182601.824124
 187929.8191091 184948.4888579 184816.1657207 180368.0066174
 188063.2375077 181615.932841  183697.3563547 181645.5174868
 185595.1024234 186605.3275839 182257.9939015 183528.979026
 186880.9918353 183283.9746083 180564.1708114 179681.9566072
 181259.4418837 181381.3987102 183614.1240333 179838.9818289
 186639.5747071 185583.007707  182287.4693381 181210.6602372
 188791.7630145 187317.2051516 183601.3072582 180383.0513004]
Noised Result
[191205.79386815 168788.81021631 173426.4035608  180435.31619512
 180852.74474862 155028.16465972 207550.71441884 173752.53370049
 189509.29622185 196816.62796898 160757.94134859 172032.29245403
 179545.1618475  173233.04463282 154265.55417864 167731.2777592
 156276.15303101 190783.30342556 222251.63435079 188369.88711239
 159080.33718352 161243.62047002 176595.73105192 192734.83128863
 172390.95997126 212675.19998776 193714.93017086 187203.38725483
 138978.83608775 204548.59521325 194448.54948865 182617.1809895
 208475.37985228 207025.64530334 189251.36987266 159976.04068654
 187708.59994271 150554.95914176 198220.06964238 182855.51151202
 195395.00074402 160263.66495349 199874.56301108 214566.893502
 196334.84015891 174406.61146631 156936.36843924 183524.60561955
 170581.92770896 194825.98825703 165478.03810551 184684.69027913
 221982.2809701  166377.58168732 202963.02761341 170133.65707741
 171344.39750242 165258.82178687 185755.68353461 183021.62228182
 181587.87552728 208268.77565612 197016.54731595 203028.62614451
 184433.46273718 200499.65608961 165414.49063601 180442.26927735
 220325.82190848 196744.98622036 203552.88216484 216431.29450985
 156853.52370259 197800.46468277 156729.58748765 212053.54695939
 176233.89782688 188440.55474952 193393.39349091 176344.37337558
 185880.9655939  205532.18496177 169733.97876366 196490.23176118
 170142.24195034 183951.36524788 175384.6128608  178368.63244339
 167526.55641372 207528.18533026 189108.07042005 204435.40085009
 192247.77095281 168228.18056462 199555.68458579 184759.52981877
 194238.07193882 187125.85018998 188726.80189739 194394.42279272]

