The result for the 0th execution is
Time
869.5852003097534
Query Result
[673644.8548082  755865.8179196  710571.1556705  732951.3047048
 675363.7989975  715596.0604893  636246.9610214  652590.4343335
 718304.1935096  713230.7742954  677607.000841   730962.5451465
 721601.1065042  695965.2016275  679608.9604112  704012.4295866
 655524.5838108  716860.3798908  722315.70257411 699872.1858327
 679611.9454342  654788.2244401  690613.8706187  695402.80405
 689973.9018399 ]
Noised Result
[ 246692.01512008  217637.70741804  249704.97438546 1580174.80333277
  282262.26855016  615081.77500701  389162.05642996  415622.4209259
 1471234.89415229 1075980.02364972  187217.20495814  492260.54002485
 1491366.21402858 -471739.27304873 1036198.67274499  -52846.29521126
  501078.6263693  1066408.13961191  104501.39890468 -192743.22413975
 1150332.50941853   84251.388981   1344764.75771592  749142.80379987
  935546.06322832]

The result for the 1th execution is
Time
785.988116979599
Query Result
[673644.8548082  755865.8179196  710571.1556705  732951.3047048
 675363.7989975  715596.0604893  636246.9610214  652590.4343335
 718304.1935096  713230.7742954  677607.000841   730962.5451465
 721601.1065042  695965.2016275  679608.9604112  704012.4295866
 655524.5838108  716860.3798908  722315.70257411 699872.1858327
 679611.9454342  654788.2244401  690613.8706187  695402.80405
 689973.9018399 ]
Noised Result
[ 317818.74746016 1351850.87514593  -72214.85308709 -590234.33006607
   45261.48449758 -122274.66898248 1054659.53201994 -342702.41213732
  793935.52924309 1045937.60439307 1042120.42576354 2135074.85593958
  730894.76897805 1378083.25456855  339168.44698281  285218.67599973
 1066237.46512353  757894.13872754  462241.03356012  349042.07066292
   57029.29830275  554196.2869193   371052.81898943 1333673.33066724
  -54252.01380589]

The result for the 2th execution is
Time
528.7281601428986
Query Result
[673644.8548082  755865.8179196  710571.1556705  732951.3047048
 675363.7989975  715596.0604893  636246.9610214  652590.4343335
 718304.1935096  713230.7742954  677607.000841   730962.5451465
 721601.1065042  695965.2016275  679608.9604112  704012.4295866
 655524.5838108  716860.3798908  722315.70257411 699872.1858327
 679611.9454342  654788.2244401  690613.8706187  695402.80405
 689973.9018399 ]
Noised Result
[ 2533668.67062172 -1171779.1860893   1472905.96210659 -2520696.74972518
    52238.68521386  5311412.61069864  3002589.70579335  -648044.89363465
   864752.1306575   2154157.76359506 -1892613.51012375 -1507476.28087213
 -1608305.97587026  -553966.33076345  2772809.49428892     6420.65805815
   -78819.87420323  -745447.12279509  1923277.87532489   605149.16357672
   351959.39828762  2050129.81467645  2280026.45050281  1043519.55883361
   161673.28357636]

The result for the 3th execution is
Time
521.4336760044098
Query Result
[673644.8548082  755865.8179196  710571.1556705  732951.3047048
 675363.7989975  715596.0604893  636246.9610214  652590.4343335
 718304.1935096  713230.7742954  677607.000841   730962.5451465
 721601.1065042  695965.2016275  679608.9604112  704012.4295866
 655524.5838108  716860.3798908  722315.70257411 699872.1858327
 679611.9454342  654788.2244401  690613.8706187  695402.80405
 689973.9018399 ]
Noised Result
[-1333751.47577598 -3818465.79501845  -531863.6898038   -224754.66133508
  4421570.41792043 -1714777.42515276  1608400.60233905  -500693.68765846
  3835266.08201342 -3056359.40818855  -886861.05722402  -741972.93428549
  -684491.23239638  2290219.4696015   -445507.88769736   240550.88088778
   916583.18108866  2841146.39874979  -831856.09049595  -453265.48458719
  1232133.44502505  1946376.20792332  2675704.66058487   808461.99664436
  2127925.78162739]

The result for the 4th execution is
Time
866.5214691162109
Query Result
[673644.8548082  755865.8179196  710571.1556705  732951.3047048
 675363.7989975  715596.0604893  636246.9610214  652590.4343335
 718304.1935096  713230.7742954  677607.000841   730962.5451465
 721601.1065042  695965.2016275  679608.9604112  704012.4295866
 655524.5838108  716860.3798908  722315.70257411 699872.1858327
 679611.9454342  654788.2244401  690613.8706187  695402.80405
 689973.9018399 ]
Noised Result
[ 812926.25818551 1084815.14553917  903813.20370377  344958.00979225
  569877.13690427 1199006.71194409 1303063.15476208  888204.86440382
  263301.03495526  397546.69245173 1055452.70935088  201975.19305128
  234575.36896477  334531.78327461  509373.15951942  822164.54507629
 1091606.01652126  942586.00865102   64377.27938814 -219272.77272937
  695383.9948096    10025.54786552  379804.06389465 1117972.78141465
 1276272.89238023]

The result for the 5th execution is
Time
888.8174350261688
Query Result
[673644.8548082  755865.8179196  710571.1556705  732951.3047048
 675363.7989975  715596.0604893  636246.9610214  652590.4343335
 718304.1935096  713230.7742954  677607.000841   730962.5451465
 721601.1065042  695965.2016275  679608.9604112  704012.4295866
 655524.5838108  716860.3798908  722315.70257411 699872.1858327
 679611.9454342  654788.2244401  690613.8706187  695402.80405
 689973.9018399 ]
Noised Result
[ 744232.56899446  783328.02156017  210709.25844374 -227458.37207522
  979722.07257553  976334.85729851  -78292.74046536  667259.95329308
  683417.13602023  542662.73093438  730652.5034504   123785.07064683
 1859884.74839505  916694.72617827  492892.29398287 -671143.2111687
 1947264.76747687  -34612.3283347   296779.23356739 -455263.9715416
   74306.11468241  423002.59688471  778473.65656203  537147.47532431
  328128.75486604]

The result for the 6th execution is
Time
828.4363434314728
Query Result
[673644.8548082  755865.8179196  710571.1556705  732951.3047048
 675363.7989975  715596.0604893  636246.9610214  652590.4343335
 718304.1935096  713230.7742954  677607.000841   730962.5451465
 721601.1065042  695965.2016275  679608.9604112  704012.4295866
 655524.5838108  716860.3798908  722315.70257411 699872.1858327
 679611.9454342  654788.2244401  690613.8706187  695402.80405
 689973.9018399 ]
Noised Result
[ 522285.77826768 1199243.46027569  821105.06210264  820299.34995122
  702154.79023    1482503.34838919 1454903.7637047  2020051.36166512
 1138984.49205136  -97156.86000019  423524.68515834  490136.00261943
   33078.43395284  600635.17111742  786911.02518148  592279.13718596
 -500794.80690103  217514.811924   1054431.97918962  637126.78881876
   23788.0500202   562789.79754648 1284931.91712253  717938.95670999
  901270.9667196 ]

The result for the 7th execution is
Time
864.0028297901154
Query Result
[673644.8548082  755865.8179196  710571.1556705  732951.3047048
 675363.7989975  715596.0604893  636246.9610214  652590.4343335
 718304.1935096  713230.7742954  677607.000841   730962.5451465
 721601.1065042  695965.2016275  679608.9604112  704012.4295866
 655524.5838108  716860.3798908  722315.70257411 699872.1858327
 679611.9454342  654788.2244401  690613.8706187  695402.80405
 689973.9018399 ]
Noised Result
[ 832879.8951597  1359543.9272867   928832.69370325  668491.74266559
  576080.30901552  893071.1260862   817807.09588202  949002.83458722
 1447046.10888162 -210851.77455424 1519495.24382032  800800.00277129
 1360295.9518536   564501.37798442 -255791.48044256 1414719.91248016
  766078.23631013  670848.27719803 1706108.80151432  455489.04888584
  417862.92840854  260732.17565823  239515.40405341 1014945.76205904
  985080.31784941]

The result for the 8th execution is
Time
731.8247983455658
Query Result
[673644.8548082  755865.8179196  710571.1556705  732951.3047048
 675363.7989975  715596.0604893  636246.9610214  652590.4343335
 718304.1935096  713230.7742954  677607.000841   730962.5451465
 721601.1065042  695965.2016275  679608.9604112  704012.4295866
 655524.5838108  716860.3798908  722315.70257411 699872.1858327
 679611.9454342  654788.2244401  690613.8706187  695402.80405
 689973.9018399 ]
Noised Result
[ 763198.91172341 1372409.6327993  1954252.91798373  503574.37508551
 1234706.57561169 1632816.32963314  806449.89935792 1176457.51625604
  417390.48011382 1034354.31568928  839688.23352459  682072.05444986
   38808.78296524 1117522.74548293 1284756.57491926  -70119.69707983
  405109.55792874  867769.09592852  405933.09235578  280818.63358267
 -438022.01775314  686905.76151899 1302785.95759816  218876.36706068
 1527978.3507841 ]

The result for the 9th execution is
Time
510.28496837615967
Query Result
[673644.8548082  755865.8179196  710571.1556705  732951.3047048
 675363.7989975  715596.0604893  636246.9610214  652590.4343335
 718304.1935096  713230.7742954  677607.000841   730962.5451465
 721601.1065042  695965.2016275  679608.9604112  704012.4295866
 655524.5838108  716860.3798908  722315.70257411 699872.1858327
 679611.9454342  654788.2244401  690613.8706187  695402.80405
 689973.9018399 ]
Noised Result
[ 740655.88150003  428950.62379739  565436.42774118 -600789.74698121
  877393.54295396 1782668.15140234 -458457.32281164 1363922.85990235
 -139223.43804409 2316681.21456047 1653418.69696585 3169171.18414752
 1224471.97788267  317114.76830293  827539.8272273  -136534.58816583
  195373.4116713   890504.77626433  784665.6033427  2852996.5791412
   27978.34481499  196769.00187592 -882413.32956797 1089856.95252781
 1081286.99652472]

The result for the 10th execution is
Time
644.2964475154877
Query Result
[673644.8548082  755865.8179196  710571.1556705  732951.3047048
 675363.7989975  715596.0604893  636246.9610214  652590.4343335
 718304.1935096  713230.7742954  677607.000841   730962.5451465
 721601.1065042  695965.2016275  679608.9604112  704012.4295866
 655524.5838108  716860.3798908  722315.70257411 699872.1858327
 679611.9454342  654788.2244401  690613.8706187  695402.80405
 689973.9018399 ]
Noised Result
[1472596.41581453  -93576.80448939  841109.81132161  218460.62104372
   78450.39293622  496063.78676828  357663.76552817 1410361.4261526
  714519.07565749  229059.2080495   881986.53747829  432938.48426757
  531910.78624202 1016800.27783919  437578.89543331  589935.03093836
  715161.66057025 1161426.38811184 1201024.10326392  427174.5187522
   47112.35075172  266568.02971274  970990.39388016  798688.4848723
  996648.42258923]

The result for the 11th execution is
Time
870.5652732849121
Query Result
[673644.8548082  755865.8179196  710571.1556705  732951.3047048
 675363.7989975  715596.0604893  636246.9610214  652590.4343335
 718304.1935096  713230.7742954  677607.000841   730962.5451465
 721601.1065042  695965.2016275  679608.9604112  704012.4295866
 655524.5838108  716860.3798908  722315.70257411 699872.1858327
 679611.9454342  654788.2244401  690613.8706187  695402.80405
 689973.9018399 ]
Noised Result
[ 344038.7687867  1247627.85069665 1381788.80419955 -154226.43244389
  858383.27782105   -8461.62490886   99107.86734724  889895.02518194
  703740.15292612 1336454.17089114 1012484.44332425  326304.69387238
  900299.92991874 1346676.24204017  666048.6761612   465201.2047628
  386393.32969337 1490426.57446962 1577806.27782331   78992.09233796
 1336640.47516686  682075.86159142  881604.96608938 1377214.16719831
  670793.35218955]

The result for the 12th execution is
Time
874.407009601593
Query Result
[673644.8548082  755865.8179196  710571.1556705  732951.3047048
 675363.7989975  715596.0604893  636246.9610214  652590.4343335
 718304.1935096  713230.7742954  677607.000841   730962.5451465
 721601.1065042  695965.2016275  679608.9604112  704012.4295866
 655524.5838108  716860.3798908  722315.70257411 699872.1858327
 679611.9454342  654788.2244401  690613.8706187  695402.80405
 689973.9018399 ]
Noised Result
[1172708.7281617  1471335.95288251  516631.55937873 -117866.79524285
  190805.55065343 1146737.78044072 1093167.88990319 1293272.2833793
   78697.25057934  767906.14221246  945454.78708001  905330.18280621
  554178.04551409  535659.82182272 1038682.04921021  661873.43931964
 1113757.93674952 1032693.0199026    30511.94112705  612629.477655
  498454.86389263  373688.75440755 -419152.71507419 1807990.25695507
  578777.21087253]

The result for the 13th execution is
Time
859.3224685192108
Query Result
[673644.8548082  755865.8179196  710571.1556705  732951.3047048
 675363.7989975  715596.0604893  636246.9610214  652590.4343335
 718304.1935096  713230.7742954  677607.000841   730962.5451465
 721601.1065042  695965.2016275  679608.9604112  704012.4295866
 655524.5838108  716860.3798908  722315.70257411 699872.1858327
 679611.9454342  654788.2244401  690613.8706187  695402.80405
 689973.9018399 ]
Noised Result
[ 710892.67199492  502385.35762974 1520799.23062098 1111831.0496459
 -210656.36895163  803361.96428822  590333.72931814 1989363.81938234
  884370.81649389  -71081.78866905  469522.0384509   118538.2418474
 -284659.89340897 -133107.79721473  696531.2614109   177310.63531089
  942225.90821055  165093.45614519  537693.95129913 1368683.24950964
  903497.86599774 1224384.247309     41819.72895267  623573.25084062
  663494.21666544]

The result for the 14th execution is
Time
867.2253413200378
Query Result
[673644.8548082  755865.8179196  710571.1556705  732951.3047048
 675363.7989975  715596.0604893  636246.9610214  652590.4343335
 718304.1935096  713230.7742954  677607.000841   730962.5451465
 721601.1065042  695965.2016275  679608.9604112  704012.4295866
 655524.5838108  716860.3798908  722315.70257411 699872.1858327
 679611.9454342  654788.2244401  690613.8706187  695402.80405
 689973.9018399 ]
Noised Result
[ 443302.44766117 1353192.95441033  610591.81113501 1284766.75590826
  462362.34000587  508516.38945431 1552593.01085188 1151223.25833166
 1020634.47097677  213750.79996087  542393.13237165  325594.28364577
 1072741.60558617 1113188.92678151 -637431.38017464  187655.20424842
 1893007.13045923 1880514.91501678  754240.28163706 -209956.74527476
   71780.64120299  984995.03786402  821442.40880137  561081.48914244
  322247.4623663 ]

The result for the 15th execution is
Time
876.471531867981
Query Result
[673644.8548082  755865.8179196  710571.1556705  732951.3047048
 675363.7989975  715596.0604893  636246.9610214  652590.4343335
 718304.1935096  713230.7742954  677607.000841   730962.5451465
 721601.1065042  695965.2016275  679608.9604112  704012.4295866
 655524.5838108  716860.3798908  722315.70257411 699872.1858327
 679611.9454342  654788.2244401  690613.8706187  695402.80405
 689973.9018399 ]
Noised Result
[ 298123.25405069  997754.18100223  495106.27618232 1562995.53172338
  712604.08812272  774415.30057712  714575.38966726  958119.5312436
  701620.57037184  659308.87587693 1355848.83768135  352854.96579937
  993484.34602844  204468.28388764 1214984.4930023   290806.25640179
   67307.1090688   845235.79717871  427013.14089889  259723.08348319
 1230657.29875026  624321.7800077  1372761.79925282  548198.78742942
  424648.4475957 ]

The result for the 16th execution is
Time
780.7926003932953
Query Result
[673644.8548082  755865.8179196  710571.1556705  732951.3047048
 675363.7989975  715596.0604893  636246.9610214  652590.4343335
 718304.1935096  713230.7742954  677607.000841   730962.5451465
 721601.1065042  695965.2016275  679608.9604112  704012.4295866
 655524.5838108  716860.3798908  722315.70257411 699872.1858327
 679611.9454342  654788.2244401  690613.8706187  695402.80405
 689973.9018399 ]
Noised Result
[-153406.43411739  779133.20350177  305990.62290038  900025.88657808
  853822.86731643 1614860.2569189   718154.06325337 -711024.39063968
  999400.30989379 1037506.81710731  565585.8823754   990168.79230573
  523071.34908527  488027.23705947 -310507.52834337  444009.06722398
 1257134.67107629  663509.31725937  447399.81244678 -518967.44785063
  356463.15576689  707410.18958743  511223.72409818 1378406.66643723
  679383.46806528]

The result for the 17th execution is
Time
876.4400925636292
Query Result
[673644.8548082  755865.8179196  710571.1556705  732951.3047048
 675363.7989975  715596.0604893  636246.9610214  652590.4343335
 718304.1935096  713230.7742954  677607.000841   730962.5451465
 721601.1065042  695965.2016275  679608.9604112  704012.4295866
 655524.5838108  716860.3798908  722315.70257411 699872.1858327
 679611.9454342  654788.2244401  690613.8706187  695402.80405
 689973.9018399 ]
Noised Result
[ 112867.53046238  643286.49322563  538167.47822474  783659.03370774
  982853.70850865  658462.80330508  841143.36216497 -189377.27624934
  691746.14537933  615684.82149871 1034304.31985781  827821.62604842
  892800.10797301 -184739.95198564  765798.15452259  322072.19505136
 1201738.02835594  814542.68941343  632363.09386881  508649.16863384
 1024113.83181745 1527200.01782136  712926.97400464  556428.81739645
  280118.91538472]

The result for the 18th execution is
Time
936.5077781677246
Query Result
[673644.8548082  755865.8179196  710571.1556705  732951.3047048
 675363.7989975  715596.0604893  636246.9610214  652590.4343335
 718304.1935096  713230.7742954  677607.000841   730962.5451465
 721601.1065042  695965.2016275  679608.9604112  704012.4295866
 655524.5838108  716860.3798908  722315.70257411 699872.1858327
 679611.9454342  654788.2244401  690613.8706187  695402.80405
 689973.9018399 ]
Noised Result
[ 611796.08777537  999381.82835462  594474.05224405  918185.65991504
 1172867.02163662  604162.12246274  247564.74536786  545787.19946051
  933343.51628017  709655.70066411  886549.41372182  384419.29988348
  579156.41181806 1112884.23465014 -175128.60202931  257937.21024994
  832155.90034321  377737.16087591  448731.54951391 1145777.10468381
  973572.10514943  203296.52024318 -172410.6868366   176919.74014114
  500778.05054611]

The result for the 19th execution is
Time
879.2946698665619
Query Result
[673644.8548082  755865.8179196  710571.1556705  732951.3047048
 675363.7989975  715596.0604893  636246.9610214  652590.4343335
 718304.1935096  713230.7742954  677607.000841   730962.5451465
 721601.1065042  695965.2016275  679608.9604112  704012.4295866
 655524.5838108  716860.3798908  722315.70257411 699872.1858327
 679611.9454342  654788.2244401  690613.8706187  695402.80405
 689973.9018399 ]
Noised Result
[ 648045.80667023 1395039.01621099   -5815.32044477  -24723.79798629
  584478.68946732 1140925.87410782  106536.80321393 1125680.71464192
 1569301.91689483  415300.92753796 -166201.91067329 1152050.94176944
  -28295.84717453  444388.6160535    89224.16380977  566632.28034262
  718974.46699402  983876.70988789  631323.0245205  1556900.6612135
  995305.84135875  617371.43277122 1026885.95300762  209366.90306542
  -51084.47843831]

