The result for the 0th execution is
Time
22.433409929275513
Query Result
[178785.7374442 174557.9006419 181130.7630288 178007.1700508
 178629.3175895 183981.5265132 179508.79962   182054.2632795
 178433.1835237 180642.1173946 178696.3642979 179316.7024019
 181096.2497966 180508.6027005 182030.653957  184468.8014629
 180275.230355  179953.9629626 173598.8735155 182313.2524184
 178368.3961764 178718.5234658 180338.0075024 176499.9877865
 184757.5974145 180573.7660357 177992.5390311 179124.1205403
 180323.0249267 181473.5591624 182039.6893376 177833.9126938
 183240.4912288 180618.9906626 181229.5197118 182358.4277789
 174869.4016534 185311.4580631 184284.3233316 175125.1999545
 180636.3556173 178430.3771843 178886.7568026 183465.099696
 180332.4180482 174354.0324156 175975.1614044 179908.0860251
 182143.987523  184142.4632921]
Noised Result
[180450.31323426 177763.7210646  183916.56905878 181994.1402282
 170649.93195377 196252.08701933 177247.55053803 182020.18888176
 185106.71131609 183057.75735866 179831.50779761 173806.31250311
 176984.06149621 173498.47665494 176456.68123423 181972.11846266
 176251.22163468 176794.0138663  172089.37123886 181645.29894277
 177902.23416794 183866.2971499  171048.45160537 172691.04912858
 185001.22680831 179499.20861182 176455.85824279 178370.0157425
 180227.90701068 193177.45484964 174339.91281895 177945.35153595
 177094.64576321 180992.27606236 182761.14860606 191010.94095998
 172393.12996261 190588.98129489 191362.1189181  172261.07120535
 183826.28541622 174644.97809639 176731.66914017 191768.10660513
 184589.81478777 177410.95523015 169262.56235028 187308.99570903
 173584.08015288 185222.68125781]

The result for the 1th execution is
Time
22.5891170501709
Query Result
[178785.7374442 174557.9006419 181130.7630288 178007.1700508
 178629.3175895 183981.5265132 179508.79962   182054.2632795
 178433.1835237 180642.1173946 178696.3642979 179316.7024019
 181096.2497966 180508.6027005 182030.653957  184468.8014629
 180275.230355  179953.9629626 173598.8735155 182313.2524184
 178368.3961764 178718.5234658 180338.0075024 176499.9877865
 184757.5974145 180573.7660357 177992.5390311 179124.1205403
 180323.0249267 181473.5591624 182039.6893376 177833.9126938
 183240.4912288 180618.9906626 181229.5197118 182358.4277789
 174869.4016534 185311.4580631 184284.3233316 175125.1999545
 180636.3556173 178430.3771843 178886.7568026 183465.099696
 180332.4180482 174354.0324156 175975.1614044 179908.0860251
 182143.987523  184142.4632921]
Noised Result
[182013.93763596 174541.83835361 178607.36134307 174451.1175022
 165758.45787099 178223.64145834 177560.65136413 175147.94395396
 186057.03153565 179298.5423698  176988.31042935 176403.09625462
 174516.45221764 187833.77973857 171441.13754974 187648.15188455
 178174.67853702 183494.83704665 169413.9334839  183074.0732047
 179911.90813279 185918.66260161 185882.54516106 178976.64211081
 190532.97282714 179251.69463506 176175.14322647 176335.4547811
 177114.75046889 181799.35935716 175000.66343558 166056.82235193
 180865.93737464 179789.19003082 189195.78762916 175325.42281357
 175634.55862071 179741.0292725  182082.80772707 176292.85659285
 176683.62888037 179975.46254761 190623.85933421 170814.58225124
 171187.11239249 172181.3947738  176278.77818201 170018.09610212
 182255.28955048 174387.16247055]

The result for the 2th execution is
Time
23.98543930053711
Query Result
[178785.7374442 174557.9006419 181130.7630288 178007.1700508
 178629.3175895 183981.5265132 179508.79962   182054.2632795
 178433.1835237 180642.1173946 178696.3642979 179316.7024019
 181096.2497966 180508.6027005 182030.653957  184468.8014629
 180275.230355  179953.9629626 173598.8735155 182313.2524184
 178368.3961764 178718.5234658 180338.0075024 176499.9877865
 184757.5974145 180573.7660357 177992.5390311 179124.1205403
 180323.0249267 181473.5591624 182039.6893376 177833.9126938
 183240.4912288 180618.9906626 181229.5197118 182358.4277789
 174869.4016534 185311.4580631 184284.3233316 175125.1999545
 180636.3556173 178430.3771843 178886.7568026 183465.099696
 180332.4180482 174354.0324156 175975.1614044 179908.0860251
 182143.987523  184142.4632921]
Noised Result
[184975.64120963 174055.6471024  181188.84940494 180119.90655602
 175585.17528076 190966.81259558 190448.51667357 188756.94778817
 175324.01425185 176334.92863326 182426.2761955  167090.98545066
 173529.54470365 179806.47731986 180982.24704383 180856.25877563
 178810.4082173  186758.76156696 177310.32305449 184537.7037333
 182783.58053444 186021.81889449 196667.46056436 169879.83718389
 172432.97555401 176421.76295679 176240.63850081 176989.56214144
 181078.848515   174845.95305206 184982.4101649  180354.64550815
 185883.09655408 175489.15116943 181126.37618963 176839.25855404
 169085.87773522 188447.01194422 185589.20174954 178708.06557646
 175248.99697726 170835.69330502 179284.49924035 198257.91148193
 181142.46301163 173538.02305331 179125.32748967 179532.38105733
 177026.97994751 183677.1304041 ]

The result for the 3th execution is
Time
22.241332292556763
Query Result
[178785.7374442 174557.9006419 181130.7630288 178007.1700508
 178629.3175895 183981.5265132 179508.79962   182054.2632795
 178433.1835237 180642.1173946 178696.3642979 179316.7024019
 181096.2497966 180508.6027005 182030.653957  184468.8014629
 180275.230355  179953.9629626 173598.8735155 182313.2524184
 178368.3961764 178718.5234658 180338.0075024 176499.9877865
 184757.5974145 180573.7660357 177992.5390311 179124.1205403
 180323.0249267 181473.5591624 182039.6893376 177833.9126938
 183240.4912288 180618.9906626 181229.5197118 182358.4277789
 174869.4016534 185311.4580631 184284.3233316 175125.1999545
 180636.3556173 178430.3771843 178886.7568026 183465.099696
 180332.4180482 174354.0324156 175975.1614044 179908.0860251
 182143.987523  184142.4632921]
Noised Result
[176813.9167191  179188.69587952 173929.29384768 183054.27324868
 167551.42936883 182918.06027313 192954.94883107 178046.91770053
 172295.03270677 178548.40565855 174653.04714929 173604.67220349
 181471.10038581 181279.56798586 179324.95910598 179412.41747914
 183841.21984422 172877.40838732 169050.23652093 184762.46658591
 177281.46583853 186163.3618157  191154.63090076 180625.16987627
 188033.07050261 179784.86539306 174390.00952112 185236.36705571
 184373.29607702 185052.20570234 183825.73782581 179936.59842021
 168981.82045392 184389.83381788 189746.10361271 178778.26974173
 166386.83020163 189961.85441012 191076.37852082 175747.0583354
 176530.98868349 172773.43077563 176300.13052649 182405.10810065
 185731.72409805 179487.46686499 180905.65210947 182868.04576903
 192719.52295145 181164.83648232]

The result for the 4th execution is
Time
24.56570792198181
Query Result
[178785.7374442 174557.9006419 181130.7630288 178007.1700508
 178629.3175895 183981.5265132 179508.79962   182054.2632795
 178433.1835237 180642.1173946 178696.3642979 179316.7024019
 181096.2497966 180508.6027005 182030.653957  184468.8014629
 180275.230355  179953.9629626 173598.8735155 182313.2524184
 178368.3961764 178718.5234658 180338.0075024 176499.9877865
 184757.5974145 180573.7660357 177992.5390311 179124.1205403
 180323.0249267 181473.5591624 182039.6893376 177833.9126938
 183240.4912288 180618.9906626 181229.5197118 182358.4277789
 174869.4016534 185311.4580631 184284.3233316 175125.1999545
 180636.3556173 178430.3771843 178886.7568026 183465.099696
 180332.4180482 174354.0324156 175975.1614044 179908.0860251
 182143.987523  184142.4632921]
Noised Result
[184959.71929789 176116.34809107 182348.72974444 182335.92998058
 179639.12684718 189202.79396979 174257.27800717 183842.57951649
 186823.38472013 177144.98930937 179512.6287904  182461.7824022
 186478.90703999 160854.37837449 201868.18550976 179615.84665494
 178173.96882681 207032.06426866 160717.37537173 178276.27003158
 174677.84675767 180496.70414256 175804.95330139 166917.45158694
 184031.41476921 195583.31699505 175971.52578263 177601.58105273
 162421.12644082 180927.43568697 181970.05986527 178685.0108577
 179705.11335459 183528.36124103 197277.68865144 180961.69095558
 190879.67333504 186592.30409956 196507.54251823 185049.77538976
 197112.67174928 178389.83096298 185876.58685595 185398.67392463
 178869.52370042 165304.61355546 179777.21523981 160348.19368922
 164353.87389266 188035.67714588]

The result for the 5th execution is
Time
26.164048433303833
Query Result
[178785.7374442 174557.9006419 181130.7630288 178007.1700508
 178629.3175895 183981.5265132 179508.79962   182054.2632795
 178433.1835237 180642.1173946 178696.3642979 179316.7024019
 181096.2497966 180508.6027005 182030.653957  184468.8014629
 180275.230355  179953.9629626 173598.8735155 182313.2524184
 178368.3961764 178718.5234658 180338.0075024 176499.9877865
 184757.5974145 180573.7660357 177992.5390311 179124.1205403
 180323.0249267 181473.5591624 182039.6893376 177833.9126938
 183240.4912288 180618.9906626 181229.5197118 182358.4277789
 174869.4016534 185311.4580631 184284.3233316 175125.1999545
 180636.3556173 178430.3771843 178886.7568026 183465.099696
 180332.4180482 174354.0324156 175975.1614044 179908.0860251
 182143.987523  184142.4632921]
Noised Result
[174091.28333421 174224.85438983 179355.32736803 181201.51197857
 184008.31595919 186764.55338157 184272.8541818  179670.49116635
 180417.28573691 176057.89604139 176041.03891174 186221.38500441
 186647.87305313 180264.33587313 182659.85831137 184940.35672636
 181387.69067004 181477.6275665  169753.97128562 181552.96358528
 181870.22341945 179252.5276234  184727.40284368 172145.13901236
 191525.55937436 180930.74781292 179935.72786486 176081.33206222
 176190.76666338 180182.79028865 179309.78004177 184279.63587918
 178559.10715514 187516.14419053 186992.31599066 182312.33521538
 174650.77272762 182984.45149943 181542.08009739 172796.5226068
 182931.58931612 177881.51313088 174599.81308466 185404.49758335
 182930.3117611  167806.29385119 181161.61219878 182222.6746576
 180241.1391702  182840.39769292]

The result for the 6th execution is
Time
22.722781896591187
Query Result
[178785.7374442 174557.9006419 181130.7630288 178007.1700508
 178629.3175895 183981.5265132 179508.79962   182054.2632795
 178433.1835237 180642.1173946 178696.3642979 179316.7024019
 181096.2497966 180508.6027005 182030.653957  184468.8014629
 180275.230355  179953.9629626 173598.8735155 182313.2524184
 178368.3961764 178718.5234658 180338.0075024 176499.9877865
 184757.5974145 180573.7660357 177992.5390311 179124.1205403
 180323.0249267 181473.5591624 182039.6893376 177833.9126938
 183240.4912288 180618.9906626 181229.5197118 182358.4277789
 174869.4016534 185311.4580631 184284.3233316 175125.1999545
 180636.3556173 178430.3771843 178886.7568026 183465.099696
 180332.4180482 174354.0324156 175975.1614044 179908.0860251
 182143.987523  184142.4632921]
Noised Result
[174397.69798702 180426.41211432 180937.39518463 174979.40149041
 177551.49286276 180530.53371459 176325.97156454 164909.65908724
 178060.96853491 179862.31811856 180794.06046092 175668.049609
 172872.28022109 182680.32300578 183956.42691754 187707.75959674
 173590.50073899 176789.83515814 165716.65821585 188276.99366684
 186797.29590299 177025.55674121 174683.15019824 173616.10384569
 177576.87672097 180264.12479317 182586.80606156 171013.28210065
 184534.71937755 181341.99307084 189643.60163259 194040.80794432
 191166.30641577 174250.14951323 183612.45188675 179810.26459015
 167960.46688217 192506.06774902 183810.55405746 178041.23855747
 187854.69854763 177562.83664324 167973.01075241 175939.67416016
 174074.84650408 172870.4582252  186612.21075483 178028.92234499
 186811.55221929 179999.15671657]

The result for the 7th execution is
Time
23.56047773361206
Query Result
[178785.7374442 174557.9006419 181130.7630288 178007.1700508
 178629.3175895 183981.5265132 179508.79962   182054.2632795
 178433.1835237 180642.1173946 178696.3642979 179316.7024019
 181096.2497966 180508.6027005 182030.653957  184468.8014629
 180275.230355  179953.9629626 173598.8735155 182313.2524184
 178368.3961764 178718.5234658 180338.0075024 176499.9877865
 184757.5974145 180573.7660357 177992.5390311 179124.1205403
 180323.0249267 181473.5591624 182039.6893376 177833.9126938
 183240.4912288 180618.9906626 181229.5197118 182358.4277789
 174869.4016534 185311.4580631 184284.3233316 175125.1999545
 180636.3556173 178430.3771843 178886.7568026 183465.099696
 180332.4180482 174354.0324156 175975.1614044 179908.0860251
 182143.987523  184142.4632921]
Noised Result
[171031.35737905 156394.33897629 181309.75924724 171169.67793473
 177492.63987156 178881.26406815 178239.70777499 175604.43919932
 185445.08518042 187898.14550384 179355.33106811 176502.99056877
 170542.31010411 184380.14576333 185979.76586885 182463.77502608
 187094.86104098 179870.55189917 177383.94330597 177403.14861692
 175609.09036568 175967.06105015 182649.10550539 182613.68998779
 186140.39664673 179801.63823139 172353.48860158 179742.48583909
 169411.98407001 194335.1205128  183588.89726567 192440.98863517
 171482.36156548 184452.63562487 181079.14772759 187733.81050478
 170959.86246243 187401.26514313 187571.51052341 167475.89273574
 181915.69695867 179286.1074103  175740.29120705 180961.03952702
 184838.22681878 169593.81774394 173368.24144717 182143.19070751
 188031.56665408 192502.11804572]

The result for the 8th execution is
Time
23.467041969299316
Query Result
[178785.7374442 174557.9006419 181130.7630288 178007.1700508
 178629.3175895 183981.5265132 179508.79962   182054.2632795
 178433.1835237 180642.1173946 178696.3642979 179316.7024019
 181096.2497966 180508.6027005 182030.653957  184468.8014629
 180275.230355  179953.9629626 173598.8735155 182313.2524184
 178368.3961764 178718.5234658 180338.0075024 176499.9877865
 184757.5974145 180573.7660357 177992.5390311 179124.1205403
 180323.0249267 181473.5591624 182039.6893376 177833.9126938
 183240.4912288 180618.9906626 181229.5197118 182358.4277789
 174869.4016534 185311.4580631 184284.3233316 175125.1999545
 180636.3556173 178430.3771843 178886.7568026 183465.099696
 180332.4180482 174354.0324156 175975.1614044 179908.0860251
 182143.987523  184142.4632921]
Noised Result
[175870.64454883 167067.53789995 178849.65983879 177382.46783305
 171739.77594081 185054.91219431 180737.3732965  185583.33194035
 178803.641217   189033.26970623 177866.20335025 187107.09649096
 185709.13530941 180508.16772474 187735.6456503  180294.86913977
 178673.67984069 187158.5946201  181358.05961399 187367.09497168
 176410.63810416 181953.38243038 182917.33635915 172181.15337938
 178938.68523125 185750.94139933 186907.27531166 186730.02347577
 182196.25536768 176728.45763728 174790.31632715 188738.29788105
 185745.11621583 185358.88221765 181806.13061544 190429.02282868
 170306.07036035 189473.2901393  182692.88141936 180034.32581124
 172224.20249387 185133.05751909 177731.98127625 189586.44967135
 182835.17642807 169031.08154398 175708.27195746 180781.71108015
 184641.54743708 192488.7084439 ]

The result for the 9th execution is
Time
22.552080869674683
Query Result
[178785.7374442 174557.9006419 181130.7630288 178007.1700508
 178629.3175895 183981.5265132 179508.79962   182054.2632795
 178433.1835237 180642.1173946 178696.3642979 179316.7024019
 181096.2497966 180508.6027005 182030.653957  184468.8014629
 180275.230355  179953.9629626 173598.8735155 182313.2524184
 178368.3961764 178718.5234658 180338.0075024 176499.9877865
 184757.5974145 180573.7660357 177992.5390311 179124.1205403
 180323.0249267 181473.5591624 182039.6893376 177833.9126938
 183240.4912288 180618.9906626 181229.5197118 182358.4277789
 174869.4016534 185311.4580631 184284.3233316 175125.1999545
 180636.3556173 178430.3771843 178886.7568026 183465.099696
 180332.4180482 174354.0324156 175975.1614044 179908.0860251
 182143.987523  184142.4632921]
Noised Result
[176516.13925747 172475.67738425 188470.42705657 183385.41962335
 177536.5129892  188343.29936189 180354.18643079 185560.30831146
 172730.30935246 176582.21674099 184071.00565062 172011.55612639
 171580.31722808 177382.87450671 188250.20545997 184188.83916072
 188867.19634299 179169.19091339 170500.14599565 180263.05085606
 183126.21950211 171769.1765564  181543.12561537 169723.74562809
 186008.50542809 181576.50069936 176649.80932899 170535.9398672
 179748.71553295 177169.69789995 187144.67147805 176026.37290108
 183008.1091973  174208.06093791 181064.02193757 171691.43159601
 168796.09975671 179456.28864845 184517.84278973 169617.83663815
 175304.12051404 169002.47166348 169072.24746689 179214.46307354
 187124.53102679 180736.83094233 182899.19165981 179632.66398225
 187217.38078628 192694.62784295]

The result for the 10th execution is
Time
25.430042266845703
Query Result
[178785.7374442 174557.9006419 181130.7630288 178007.1700508
 178629.3175895 183981.5265132 179508.79962   182054.2632795
 178433.1835237 180642.1173946 178696.3642979 179316.7024019
 181096.2497966 180508.6027005 182030.653957  184468.8014629
 180275.230355  179953.9629626 173598.8735155 182313.2524184
 178368.3961764 178718.5234658 180338.0075024 176499.9877865
 184757.5974145 180573.7660357 177992.5390311 179124.1205403
 180323.0249267 181473.5591624 182039.6893376 177833.9126938
 183240.4912288 180618.9906626 181229.5197118 182358.4277789
 174869.4016534 185311.4580631 184284.3233316 175125.1999545
 180636.3556173 178430.3771843 178886.7568026 183465.099696
 180332.4180482 174354.0324156 175975.1614044 179908.0860251
 182143.987523  184142.4632921]
Noised Result
[174962.73059919 180362.8869564  177803.72631765 173328.38571178
 173077.20829362 184314.92700608 175794.46556631 186710.5149939
 175899.00660129 177274.14940988 175548.83621551 179312.03146334
 177475.82892068 181328.83004464 186147.06528201 187960.63753628
 179593.61876879 180703.3865215  180142.76064211 185150.69926572
 178523.03504404 171830.08206479 180180.09695181 172278.67899928
 186195.34106671 174979.94406791 181473.52399995 183555.0828251
 184291.77752165 179247.42365548 187339.75366064 172000.61106721
 192067.59629416 186900.36938528 196689.5291475  178432.65347607
 168812.15184432 189379.36488259 186153.48995452 181726.91314978
 177879.35330898 175843.49864076 182599.29402911 185015.99569734
 185157.73707894 163554.29182491 185803.51854793 186643.88760712
 186695.21589271 174080.04104748]

The result for the 11th execution is
Time
23.38315987586975
Query Result
[178785.7374442 174557.9006419 181130.7630288 178007.1700508
 178629.3175895 183981.5265132 179508.79962   182054.2632795
 178433.1835237 180642.1173946 178696.3642979 179316.7024019
 181096.2497966 180508.6027005 182030.653957  184468.8014629
 180275.230355  179953.9629626 173598.8735155 182313.2524184
 178368.3961764 178718.5234658 180338.0075024 176499.9877865
 184757.5974145 180573.7660357 177992.5390311 179124.1205403
 180323.0249267 181473.5591624 182039.6893376 177833.9126938
 183240.4912288 180618.9906626 181229.5197118 182358.4277789
 174869.4016534 185311.4580631 184284.3233316 175125.1999545
 180636.3556173 178430.3771843 178886.7568026 183465.099696
 180332.4180482 174354.0324156 175975.1614044 179908.0860251
 182143.987523  184142.4632921]
Noised Result
[185313.78122195 174811.45079625 181081.48276355 179544.83392893
 178806.66023016 192123.24345694 179171.61610356 180368.49687186
 190113.67745694 180612.24676249 172248.89035027 175943.16346393
 179339.33218692 175302.24392719 178729.10543696 182055.31340663
 170517.55582958 171629.23451348 176912.61571237 176275.95882625
 174100.27768772 177156.66084479 179448.22439178 181306.09472426
 181526.86450604 178909.01364216 180413.90870843 177718.39759426
 192188.74597849 181478.8278685  180654.36560209 179540.60228945
 182012.23160558 178165.95049025 190605.8291952  186740.51096991
 177098.83197185 176459.14329242 185333.40440813 170953.57203381
 175997.43356406 168710.02673697 171933.91550574 191500.2374428
 171703.28029782 180273.63770153 186033.30551241 185239.39948488
 173772.71678631 184353.04839401]

The result for the 12th execution is
Time
22.760382890701294
Query Result
[178785.7374442 174557.9006419 181130.7630288 178007.1700508
 178629.3175895 183981.5265132 179508.79962   182054.2632795
 178433.1835237 180642.1173946 178696.3642979 179316.7024019
 181096.2497966 180508.6027005 182030.653957  184468.8014629
 180275.230355  179953.9629626 173598.8735155 182313.2524184
 178368.3961764 178718.5234658 180338.0075024 176499.9877865
 184757.5974145 180573.7660357 177992.5390311 179124.1205403
 180323.0249267 181473.5591624 182039.6893376 177833.9126938
 183240.4912288 180618.9906626 181229.5197118 182358.4277789
 174869.4016534 185311.4580631 184284.3233316 175125.1999545
 180636.3556173 178430.3771843 178886.7568026 183465.099696
 180332.4180482 174354.0324156 175975.1614044 179908.0860251
 182143.987523  184142.4632921]
Noised Result
[183475.37517385 172136.22869608 194759.31284331 177451.21241034
 179007.98733276 182408.81432058 178498.95172217 174320.61762808
 188843.71557387 188754.43478398 173078.32071314 172052.49070643
 172869.79590337 167368.66031584 185214.24523075 184450.52356114
 190167.15919673 188381.93659139 176190.13711663 171838.25480605
 177176.25448846 175826.7416451  174412.00780477 182317.97155842
 183011.18311369 173040.23309356 181771.62371598 183956.50449908
 184864.02772732 177183.91070041 184070.89767148 181051.71375499
 179440.6604139  174579.55830688 184250.51622347 185518.07081773
 169213.35446639 188275.11704164 195392.73476206 177539.67482901
 189321.53708071 177485.38861808 178813.78856597 190238.44285731
 178461.48031471 173373.03682481 182216.37638724 176047.23706155
 183317.81367434 191544.67000324]

The result for the 13th execution is
Time
26.098304986953735
Query Result
[178785.7374442 174557.9006419 181130.7630288 178007.1700508
 178629.3175895 183981.5265132 179508.79962   182054.2632795
 178433.1835237 180642.1173946 178696.3642979 179316.7024019
 181096.2497966 180508.6027005 182030.653957  184468.8014629
 180275.230355  179953.9629626 173598.8735155 182313.2524184
 178368.3961764 178718.5234658 180338.0075024 176499.9877865
 184757.5974145 180573.7660357 177992.5390311 179124.1205403
 180323.0249267 181473.5591624 182039.6893376 177833.9126938
 183240.4912288 180618.9906626 181229.5197118 182358.4277789
 174869.4016534 185311.4580631 184284.3233316 175125.1999545
 180636.3556173 178430.3771843 178886.7568026 183465.099696
 180332.4180482 174354.0324156 175975.1614044 179908.0860251
 182143.987523  184142.4632921]
Noised Result
[195283.01618825  79170.38519797 177655.93487628 126358.00592974
 163226.39045523 211025.41732632 166781.48968071 190393.3456106
 248435.58646991 202928.00417086 211600.03876423 204320.51241928
 220198.98571591 186450.29221103 162660.35665418 241309.29632229
 181492.57062843 195468.35098679 127782.08294719 162468.26842669
 278003.47330399 240414.06125133 175038.27215351 215279.2945445
 196403.10733323 209489.26707221 229486.82342143 152451.27516952
 203656.03900333 158799.47215592 218586.96951832 190836.71767525
 246529.13958773 179328.78410961 164098.52275203 146223.40251497
 217564.76166743 214586.93699717 192688.3859336  215853.14978191
 125124.35489277 178854.92292987  94449.91266668 170957.59792221
 167036.648909   158925.75790783 161819.39666573 148499.08817798
 175623.29634514 239690.83045437]

The result for the 14th execution is
Time
23.12741708755493
Query Result
[178785.7374442 174557.9006419 181130.7630288 178007.1700508
 178629.3175895 183981.5265132 179508.79962   182054.2632795
 178433.1835237 180642.1173946 178696.3642979 179316.7024019
 181096.2497966 180508.6027005 182030.653957  184468.8014629
 180275.230355  179953.9629626 173598.8735155 182313.2524184
 178368.3961764 178718.5234658 180338.0075024 176499.9877865
 184757.5974145 180573.7660357 177992.5390311 179124.1205403
 180323.0249267 181473.5591624 182039.6893376 177833.9126938
 183240.4912288 180618.9906626 181229.5197118 182358.4277789
 174869.4016534 185311.4580631 184284.3233316 175125.1999545
 180636.3556173 178430.3771843 178886.7568026 183465.099696
 180332.4180482 174354.0324156 175975.1614044 179908.0860251
 182143.987523  184142.4632921]
Noised Result
[178904.57357123 176115.82208094 192265.13532207 174232.82559526
 181499.44758584 189176.73263876 177467.90778192 193159.12008705
 166815.34229478 182911.57561015 172558.3288944  179795.62621683
 176873.21176003 185862.35724002 184262.99095569 185909.16926894
 175405.59198973 177149.16366977 166897.6067142  185927.59481551
 174866.70600589 179614.68684945 179666.28099836 178584.31827388
 179030.82192982 189712.44567503 189236.79444061 175240.57271471
 182271.13048859 181440.11433488 185110.9207718  174493.70689363
 183485.40765339 180797.23356227 183343.0255638  181692.87743011
 181125.77248044 181495.98276292 186256.65647366 171688.74862697
 169114.49292176 181819.88506578 174529.14400806 177925.68274141
 183762.82209536 175450.26540539 174950.75364891 176006.59549451
 183451.73225674 178633.63865753]

The result for the 15th execution is
Time
25.7773699760437
Query Result
[178785.7374442 174557.9006419 181130.7630288 178007.1700508
 178629.3175895 183981.5265132 179508.79962   182054.2632795
 178433.1835237 180642.1173946 178696.3642979 179316.7024019
 181096.2497966 180508.6027005 182030.653957  184468.8014629
 180275.230355  179953.9629626 173598.8735155 182313.2524184
 178368.3961764 178718.5234658 180338.0075024 176499.9877865
 184757.5974145 180573.7660357 177992.5390311 179124.1205403
 180323.0249267 181473.5591624 182039.6893376 177833.9126938
 183240.4912288 180618.9906626 181229.5197118 182358.4277789
 174869.4016534 185311.4580631 184284.3233316 175125.1999545
 180636.3556173 178430.3771843 178886.7568026 183465.099696
 180332.4180482 174354.0324156 175975.1614044 179908.0860251
 182143.987523  184142.4632921]
Noised Result
[186972.59422512 172146.95006371 176845.05442269 179387.54238047
 187663.87321114 183375.38277945 187110.41416905 176855.91485958
 174521.57634963 174000.42785929 172860.90802002 173779.50057525
 185612.87782224 191189.00950879 177596.85111733 186359.36972225
 170227.31490542 177093.43924984 173535.93653385 181990.2177846
 172321.16459898 177111.03731286 178291.17216262 192042.14616245
 182140.29928236 184072.50088702 179752.0160153  181575.15188463
 187256.37098943 184705.12683765 189100.38629355 177031.91966733
 189680.45659672 184860.06299541 183266.51007755 181693.76416191
 176353.30907628 193325.75223813 194169.8973433  166803.48300565
 184418.12939935 179668.04345567 179956.76730174 184887.55052613
 183635.67514743 174163.26400311 176856.25770183 181704.21060706
 186219.95214602 186394.05347893]

The result for the 16th execution is
Time
23.299224138259888
Query Result
[178785.7374442 174557.9006419 181130.7630288 178007.1700508
 178629.3175895 183981.5265132 179508.79962   182054.2632795
 178433.1835237 180642.1173946 178696.3642979 179316.7024019
 181096.2497966 180508.6027005 182030.653957  184468.8014629
 180275.230355  179953.9629626 173598.8735155 182313.2524184
 178368.3961764 178718.5234658 180338.0075024 176499.9877865
 184757.5974145 180573.7660357 177992.5390311 179124.1205403
 180323.0249267 181473.5591624 182039.6893376 177833.9126938
 183240.4912288 180618.9906626 181229.5197118 182358.4277789
 174869.4016534 185311.4580631 184284.3233316 175125.1999545
 180636.3556173 178430.3771843 178886.7568026 183465.099696
 180332.4180482 174354.0324156 175975.1614044 179908.0860251
 182143.987523  184142.4632921]
Noised Result
[184942.09801704 177460.51190499 186657.79048902 170597.74135695
 186052.3664019  182025.59283687 172691.69344871 188749.44909714
 178625.48585702 179160.90864883 175792.29299192 179301.43965487
 176916.02939654 178026.06495276 183823.55894226 193592.22970314
 175524.99325613 191176.37234575 174867.120171   179777.11701353
 176832.10564894 187008.6284143  181930.56577325 167453.52390181
 198880.24947546 188788.29401636 180006.14639427 179093.77969497
 176397.06079012 181283.68827206 181771.73504867 175280.12911688
 183411.03824593 186981.44344712 180693.45297565 185059.64773325
 171230.6851493  191397.67876046 191421.09341195 179197.02472229
 184668.45842047 183480.24229138 179477.02917814 185640.08507135
 185704.83520107 170825.16928024 182343.55844325 187003.94837672
 188219.61184882 189661.69070359]

The result for the 17th execution is
Time
22.898637771606445
Query Result
[178785.7374442 174557.9006419 181130.7630288 178007.1700508
 178629.3175895 183981.5265132 179508.79962   182054.2632795
 178433.1835237 180642.1173946 178696.3642979 179316.7024019
 181096.2497966 180508.6027005 182030.653957  184468.8014629
 180275.230355  179953.9629626 173598.8735155 182313.2524184
 178368.3961764 178718.5234658 180338.0075024 176499.9877865
 184757.5974145 180573.7660357 177992.5390311 179124.1205403
 180323.0249267 181473.5591624 182039.6893376 177833.9126938
 183240.4912288 180618.9906626 181229.5197118 182358.4277789
 174869.4016534 185311.4580631 184284.3233316 175125.1999545
 180636.3556173 178430.3771843 178886.7568026 183465.099696
 180332.4180482 174354.0324156 175975.1614044 179908.0860251
 182143.987523  184142.4632921]
Noised Result
[168621.91398531 174552.56946026 182995.54840305 179902.20412671
 186649.73489534 177964.56706589 179128.71959711 177500.228433
 181482.74093333 183460.49357508 186097.36256283 187792.24277031
 174700.16444002 181694.41231592 194717.32307877 183538.05458427
 181057.73107989 177392.46886978 172700.29916369 182379.02116657
 184781.43733099 179472.8659214  182285.66444141 172142.43428138
 186007.12790502 186239.16827896 176901.00685924 188189.1201295
 176831.69529647 179255.29387657 177626.05756649 173954.48081506
 189913.94883851 182272.12471162 182291.09089054 184187.95915098
 169723.55767866 185626.34563869 186458.74596721 183531.60379818
 181735.77591048 186427.84669286 181808.44940851 180018.18461241
 185393.95596215 169631.83173718 176826.10042912 180135.54543797
 182205.07494159 186358.5191788 ]

The result for the 18th execution is
Time
26.97739005088806
Query Result
[178785.7374442 174557.9006419 181130.7630288 178007.1700508
 178629.3175895 183981.5265132 179508.79962   182054.2632795
 178433.1835237 180642.1173946 178696.3642979 179316.7024019
 181096.2497966 180508.6027005 182030.653957  184468.8014629
 180275.230355  179953.9629626 173598.8735155 182313.2524184
 178368.3961764 178718.5234658 180338.0075024 176499.9877865
 184757.5974145 180573.7660357 177992.5390311 179124.1205403
 180323.0249267 181473.5591624 182039.6893376 177833.9126938
 183240.4912288 180618.9906626 181229.5197118 182358.4277789
 174869.4016534 185311.4580631 184284.3233316 175125.1999545
 180636.3556173 178430.3771843 178886.7568026 183465.099696
 180332.4180482 174354.0324156 175975.1614044 179908.0860251
 182143.987523  184142.4632921]
Noised Result
[179312.93777755 177736.64229836 185611.31774872 171280.66406156
 179045.32310021 193076.51674064 172455.33895593 184200.84542521
 176649.04345658 177488.19175886 165796.82446788 171600.92307731
 179298.9331851  179653.96379504 187510.75697806 181253.88550498
 169728.57488215 183434.90301488 174756.13201624 173075.93984677
 182910.89958241 172932.57260269 172776.90644921 173022.30867534
 186088.18151499 181522.50999546 170620.22345007 177917.21977478
 185746.94887449 189186.34842407 188120.46731549 178565.57638654
 174070.57222175 174427.49371514 180299.66801747 180039.09391411
 162084.9509018  179294.32501891 181312.39179797 182243.09729789
 171587.13869816 182637.83190547 169619.54349098 172028.99842289
 186485.44599624 172234.28871019 176794.43981118 180370.23419344
 181553.81872058 188708.74994872]

The result for the 19th execution is
Time
22.81335997581482
Query Result
[178785.7374442 174557.9006419 181130.7630288 178007.1700508
 178629.3175895 183981.5265132 179508.79962   182054.2632795
 178433.1835237 180642.1173946 178696.3642979 179316.7024019
 181096.2497966 180508.6027005 182030.653957  184468.8014629
 180275.230355  179953.9629626 173598.8735155 182313.2524184
 178368.3961764 178718.5234658 180338.0075024 176499.9877865
 184757.5974145 180573.7660357 177992.5390311 179124.1205403
 180323.0249267 181473.5591624 182039.6893376 177833.9126938
 183240.4912288 180618.9906626 181229.5197118 182358.4277789
 174869.4016534 185311.4580631 184284.3233316 175125.1999545
 180636.3556173 178430.3771843 178886.7568026 183465.099696
 180332.4180482 174354.0324156 175975.1614044 179908.0860251
 182143.987523  184142.4632921]
Noised Result
[203907.57522908 153932.18718546 193398.08689512 168010.99123562
 163933.96779898 185673.67419771 186091.27405022 166354.24905102
 212564.99700976 185386.70107822 166988.98426564 180171.6302819
 171098.92019275 177296.22178185 179347.8974016  178401.15884695
 195712.86667373 185899.99600362 179710.64385954 183623.73746441
 172081.83149585 169970.10023419 193417.48276789 185849.16874911
 181234.23205899 178817.44153858 179101.80667279 171634.88653594
 171528.50474583 188308.84609819 189338.09451601 167665.92019033
 166799.58679469 176974.68941254 191539.09551603 175933.95773652
 150384.82797508 178161.17181914 189313.59736861 183042.55541461
 161061.68279385 173449.57840007 203214.23174438 170091.06655782
 169597.88486404 156818.05284777 183311.85297934 197215.64196318
 195688.32956388 180395.2240587 ]

