The result for the 0th execution is
Time
11.095142602920532
Query Result
[178785.7374442 174557.9006419 181130.7630288 178007.1700508
 178629.3175895 183981.5265132 179508.79962   182054.2632795
 178433.1835237 180642.1173946 178696.3642979 179316.7024019
 181096.2497966 180508.6027005 182030.653957  184468.8014629
 180275.230355  179953.9629626 173598.8735155 182313.2524184
 178368.3961764 178718.5234658 180338.0075024 176499.9877865
 184757.5974145]
Noised Result
[148183.31368055 167272.87701834  26470.9425452  149877.92492461
  55845.20206712 166200.82461536 205085.53410195  86843.46578459
 135256.21248581 114458.37232303 141755.64668741 212484.10975897
 200766.61311335  27470.76384827 131050.534867   219831.56739318
 171187.21026269 148009.88389584 223552.83200678 176628.28131773
 185100.56995746  52974.60274755 191767.80683531 194311.61928095
 239225.73748782]

The result for the 1th execution is
Time
19.749770164489746
Query Result
[178785.7374442 174557.9006419 181130.7630288 178007.1700508
 178629.3175895 183981.5265132 179508.79962   182054.2632795
 178433.1835237 180642.1173946 178696.3642979 179316.7024019
 181096.2497966 180508.6027005 182030.653957  184468.8014629
 180275.230355  179953.9629626 173598.8735155 182313.2524184
 178368.3961764 178718.5234658 180338.0075024 176499.9877865
 184757.5974145]
Noised Result
[293892.33036195 188776.82261993 207715.81044928 142961.98737956
 110110.16664581 237465.13676674 244269.01938962 175416.6351247
 211193.16922547 228334.87983878 164117.56013215 132213.62525658
 143088.70179192 246832.80953688 101458.57066433 152632.75305223
 188102.39770224 198738.09775773 114231.65309043 198222.89920152
 137265.56344554 101104.50796634 193371.54892203 171606.93383709
 191204.75447163]

The result for the 2th execution is
Time
19.4976749420166
Query Result
[178785.7374442 174557.9006419 181130.7630288 178007.1700508
 178629.3175895 183981.5265132 179508.79962   182054.2632795
 178433.1835237 180642.1173946 178696.3642979 179316.7024019
 181096.2497966 180508.6027005 182030.653957  184468.8014629
 180275.230355  179953.9629626 173598.8735155 182313.2524184
 178368.3961764 178718.5234658 180338.0075024 176499.9877865
 184757.5974145]
Noised Result
[203701.48384397 167434.20557747 178524.38292255 125782.60142719
 171891.28644449 233490.12639284 203207.38116711 179300.37253582
 135514.57990178 163425.51477763 193337.93917222 143253.74552601
 298137.51255506 140212.59204716 184762.5868072  257097.57336658
 181076.90071954 174375.38795833 183170.88176248 116963.06470389
 173997.92161136 209455.01570361 277246.55236004 202666.47298938
 190000.17276751]

The result for the 3th execution is
Time
20.075315475463867
Query Result
[178785.7374442 174557.9006419 181130.7630288 178007.1700508
 178629.3175895 183981.5265132 179508.79962   182054.2632795
 178433.1835237 180642.1173946 178696.3642979 179316.7024019
 181096.2497966 180508.6027005 182030.653957  184468.8014629
 180275.230355  179953.9629626 173598.8735155 182313.2524184
 178368.3961764 178718.5234658 180338.0075024 176499.9877865
 184757.5974145]
Noised Result
[199140.77970639 230817.5725747  115167.86115453 234084.49036943
 249138.70119838 153827.12224186 206318.20991562 226077.28668685
 169802.60300304 183355.15382299 197726.7136678  267242.44623314
 154049.99420522 220994.68263443 120838.67721094 142071.82386366
 -91839.81135453  60030.7928585  159691.09040746 162081.52925412
 154993.06431542  48473.1426381  199605.88833801  29775.11615526
 261572.53215661]

The result for the 4th execution is
Time
20.369626760482788
Query Result
[178785.7374442 174557.9006419 181130.7630288 178007.1700508
 178629.3175895 183981.5265132 179508.79962   182054.2632795
 178433.1835237 180642.1173946 178696.3642979 179316.7024019
 181096.2497966 180508.6027005 182030.653957  184468.8014629
 180275.230355  179953.9629626 173598.8735155 182313.2524184
 178368.3961764 178718.5234658 180338.0075024 176499.9877865
 184757.5974145]
Noised Result
[ 61823.95393202 186932.60395957 227547.23123003 266342.72095681
  77523.90975112 242047.67772787 138783.81585403 152651.75215565
 187480.17206846 311896.45072412 150126.28483599 212818.90691713
  91248.86016561 235370.5792029  235563.53788745 141614.46273161
 170358.05268076 200105.64854598 213014.82008605 186610.7101665
 198276.70615033 178851.04350135  81634.5580265  127231.4518279
  88741.42726129]

The result for the 5th execution is
Time
11.028952360153198
Query Result
[178785.7374442 174557.9006419 181130.7630288 178007.1700508
 178629.3175895 183981.5265132 179508.79962   182054.2632795
 178433.1835237 180642.1173946 178696.3642979 179316.7024019
 181096.2497966 180508.6027005 182030.653957  184468.8014629
 180275.230355  179953.9629626 173598.8735155 182313.2524184
 178368.3961764 178718.5234658 180338.0075024 176499.9877865
 184757.5974145]
Noised Result
[184481.11990812 113425.4541363  223321.41771641 113758.03599641
    399.2711577  136108.18785466 158792.39510268 199101.47083382
  91414.56640481  89532.42946092 216204.32186719 188367.02355277
  89344.91210179 163205.84274994 299032.64859943 169417.20683501
  77464.62447642 236582.42663482 163827.48851364 182500.17858274
  42914.29185652 172520.4966878  150970.65316005  97224.46489359
 212899.82441638]

The result for the 6th execution is
Time
19.801384210586548
Query Result
[178785.7374442 174557.9006419 181130.7630288 178007.1700508
 178629.3175895 183981.5265132 179508.79962   182054.2632795
 178433.1835237 180642.1173946 178696.3642979 179316.7024019
 181096.2497966 180508.6027005 182030.653957  184468.8014629
 180275.230355  179953.9629626 173598.8735155 182313.2524184
 178368.3961764 178718.5234658 180338.0075024 176499.9877865
 184757.5974145]
Noised Result
[203853.83076966 107515.23103236 257407.66104308 261434.5702716
 242386.7254097   83888.44641537 256748.53308167 221308.95818308
 189126.73432405 207321.1995353  260284.46415825 162504.16046018
 129350.34814659 327405.78082086 291135.06940974 189716.78366695
 191743.86083929 223918.44060555 115274.58987941 212989.89517712
 232279.06023365 153869.22095423 308566.04623539 162456.43838004
  90370.7787181 ]

The result for the 7th execution is
Time
19.687498569488525
Query Result
[178785.7374442 174557.9006419 181130.7630288 178007.1700508
 178629.3175895 183981.5265132 179508.79962   182054.2632795
 178433.1835237 180642.1173946 178696.3642979 179316.7024019
 181096.2497966 180508.6027005 182030.653957  184468.8014629
 180275.230355  179953.9629626 173598.8735155 182313.2524184
 178368.3961764 178718.5234658 180338.0075024 176499.9877865
 184757.5974145]
Noised Result
[199370.7981811  266817.17070216 221175.84283494 176680.61443022
 253021.45583463 109052.69908841  82857.63846883 224159.7712553
 190589.47588282 199748.8518582  203949.59377686 234714.75105452
 167559.35684085 177916.08308155 218043.35176471 131497.14688459
 174942.50330937 188925.58267103 191595.42926682 226119.85197799
 233638.03972632  57384.80225259 199933.33861257 211623.03307759
 138680.99540854]

The result for the 8th execution is
Time
20.056899070739746
Query Result
[178785.7374442 174557.9006419 181130.7630288 178007.1700508
 178629.3175895 183981.5265132 179508.79962   182054.2632795
 178433.1835237 180642.1173946 178696.3642979 179316.7024019
 181096.2497966 180508.6027005 182030.653957  184468.8014629
 180275.230355  179953.9629626 173598.8735155 182313.2524184
 178368.3961764 178718.5234658 180338.0075024 176499.9877865
 184757.5974145]
Noised Result
[142918.83953228 161163.53647003 237921.27217928 198785.10067982
 171180.07728368 117200.74681873 130595.60567302 257648.17422853
 196224.38122523 284777.27991234 188102.93398852 217883.34394909
 203852.94403984 124150.15586145 148962.1592656  250830.33637568
 178511.23538641 219077.21284489 258755.00477864 242025.86843109
 155277.24433318 147718.13092212 133440.34076361 204099.91356341
 183549.5225294 ]

The result for the 9th execution is
Time
20.42065405845642
Query Result
[178785.7374442 174557.9006419 181130.7630288 178007.1700508
 178629.3175895 183981.5265132 179508.79962   182054.2632795
 178433.1835237 180642.1173946 178696.3642979 179316.7024019
 181096.2497966 180508.6027005 182030.653957  184468.8014629
 180275.230355  179953.9629626 173598.8735155 182313.2524184
 178368.3961764 178718.5234658 180338.0075024 176499.9877865
 184757.5974145]
Noised Result
[187512.0959716  167225.98963409 203243.2583132  197964.26618091
 227707.12208034 131613.63519382 226793.28684265 269778.76560927
 100620.79284976 154415.54255183 150324.18543062 165358.88682573
 154838.92668454 124767.8976163  109203.12947112 209688.65215329
 217794.40645844 141803.39923511 154057.41939744 164552.88370131
 141367.34583297 201932.81295534 224112.48380594 154735.53024746
 208550.28769648]

The result for the 10th execution is
Time
19.206565380096436
Query Result
[178785.7374442 174557.9006419 181130.7630288 178007.1700508
 178629.3175895 183981.5265132 179508.79962   182054.2632795
 178433.1835237 180642.1173946 178696.3642979 179316.7024019
 181096.2497966 180508.6027005 182030.653957  184468.8014629
 180275.230355  179953.9629626 173598.8735155 182313.2524184
 178368.3961764 178718.5234658 180338.0075024 176499.9877865
 184757.5974145]
Noised Result
[192126.91237938 214617.69895351 121492.61059728 131179.00164629
 140892.26600301 241693.78621714 122859.70764326 201525.86201586
 171665.05409211 115742.86291057 177451.85172945 175023.67521765
 153199.31251527 219872.83391284 228476.5366731  266068.2960831
 188053.85624721 192260.82957102  78720.87131244 286631.23676194
 166958.04709146 166930.31325589 106453.35791784 268664.91335721
 155059.32444068]

The result for the 11th execution is
Time
19.87198519706726
Query Result
[178785.7374442 174557.9006419 181130.7630288 178007.1700508
 178629.3175895 183981.5265132 179508.79962   182054.2632795
 178433.1835237 180642.1173946 178696.3642979 179316.7024019
 181096.2497966 180508.6027005 182030.653957  184468.8014629
 180275.230355  179953.9629626 173598.8735155 182313.2524184
 178368.3961764 178718.5234658 180338.0075024 176499.9877865
 184757.5974145]
Noised Result
[215861.45842192 197016.18829223 293311.28250186  83387.92811593
 510373.19767724  15750.0860515   50073.1855099  121196.74232347
  42180.78553242 281625.13585191 107365.74739909  64654.55342737
 267583.08156188 244507.76008056 106639.33144999  97377.30396847
 105904.18337152 141931.2117242  128052.31780715 267230.88105819
 233629.91580487 -47837.69482895  48743.92470228 241308.35863843
 127387.9600363 ]

The result for the 12th execution is
Time
19.191444635391235
Query Result
[178785.7374442 174557.9006419 181130.7630288 178007.1700508
 178629.3175895 183981.5265132 179508.79962   182054.2632795
 178433.1835237 180642.1173946 178696.3642979 179316.7024019
 181096.2497966 180508.6027005 182030.653957  184468.8014629
 180275.230355  179953.9629626 173598.8735155 182313.2524184
 178368.3961764 178718.5234658 180338.0075024 176499.9877865
 184757.5974145]
Noised Result
[168970.23828519 122431.98385006  80110.76846735 159224.15272233
 145526.49888071  88837.13523805 139364.63606269  63427.50018608
 316757.17489634  55847.57636784 105222.77729506 245291.30176024
 111617.51804143 223967.31759796 147286.99890293 275872.21534163
 144956.99444482 206859.07617608 242364.65213337 130362.94394572
 227034.34724436  83316.63261117 274861.10580155 129753.50281124
 253977.20880395]

The result for the 13th execution is
Time
20.255343437194824
Query Result
[178785.7374442 174557.9006419 181130.7630288 178007.1700508
 178629.3175895 183981.5265132 179508.79962   182054.2632795
 178433.1835237 180642.1173946 178696.3642979 179316.7024019
 181096.2497966 180508.6027005 182030.653957  184468.8014629
 180275.230355  179953.9629626 173598.8735155 182313.2524184
 178368.3961764 178718.5234658 180338.0075024 176499.9877865
 184757.5974145]
Noised Result
[167039.0585477  218222.61499958 246108.20856679 283690.20932552
 190561.59715659 223683.2462337  169652.06978735 151566.1495189
 240480.13558938 207406.13172275 220999.33374092 117639.24381481
 228574.53365114 234878.95927604 198310.7592389   67898.3991115
 189236.81089731 144166.99661554 178912.5653348  285248.08155519
  10900.42094061 194604.37830412 152251.52039682 100464.18046642
 157167.46350311]

The result for the 14th execution is
Time
20.410295009613037
Query Result
[178785.7374442 174557.9006419 181130.7630288 178007.1700508
 178629.3175895 183981.5265132 179508.79962   182054.2632795
 178433.1835237 180642.1173946 178696.3642979 179316.7024019
 181096.2497966 180508.6027005 182030.653957  184468.8014629
 180275.230355  179953.9629626 173598.8735155 182313.2524184
 178368.3961764 178718.5234658 180338.0075024 176499.9877865
 184757.5974145]
Noised Result
[232463.53010027 208987.33248119 217977.71708072 148084.95694706
 175195.11849994 141963.46485257 165578.17891992 265128.06560626
 198517.61543804 198240.61937312 163488.24065686 213494.74532695
 254891.25757646 183654.50566094 152527.51890947 124673.65822394
 180057.77240608 152443.92913171 181100.60444177  93889.44976784
 169642.20891937 138393.58245839 125417.68763223 142671.58113888
 251352.42547667]

The result for the 15th execution is
Time
19.870795726776123
Query Result
[178785.7374442 174557.9006419 181130.7630288 178007.1700508
 178629.3175895 183981.5265132 179508.79962   182054.2632795
 178433.1835237 180642.1173946 178696.3642979 179316.7024019
 181096.2497966 180508.6027005 182030.653957  184468.8014629
 180275.230355  179953.9629626 173598.8735155 182313.2524184
 178368.3961764 178718.5234658 180338.0075024 176499.9877865
 184757.5974145]
Noised Result
[ 92676.831303   179400.27666211 192483.34881775 128078.6051009
 211936.28628133 237027.97347734 181441.94695131 278435.6096401
 150087.22051842 195698.00959806 217246.86498435 154839.63844956
 276764.74104295 248517.8497589  188091.53243042 164785.30821052
 162879.04378929 124268.62386564  93955.3989777  188924.99521154
  93230.82660936 169357.56381471 146411.73551665 185246.72392472
 199970.40760234]

The result for the 16th execution is
Time
19.435800552368164
Query Result
[178785.7374442 174557.9006419 181130.7630288 178007.1700508
 178629.3175895 183981.5265132 179508.79962   182054.2632795
 178433.1835237 180642.1173946 178696.3642979 179316.7024019
 181096.2497966 180508.6027005 182030.653957  184468.8014629
 180275.230355  179953.9629626 173598.8735155 182313.2524184
 178368.3961764 178718.5234658 180338.0075024 176499.9877865
 184757.5974145]
Noised Result
[202856.48030146 138414.05325544 196763.34698641  -4771.57847216
 363872.90923104 184380.59319914  26717.29402607  94742.7320442
 206646.74203266  54169.43780448  64630.06136512 123097.15838199
 204884.2540627  281946.66043292 122409.32981318 269253.5518335
 167993.07946521 181457.30726499 136184.06797352 172420.49764635
  73308.91154071 218831.82645569 272818.98309483  98538.22709881
 163814.52673553]

The result for the 17th execution is
Time
19.37613034248352
Query Result
[178785.7374442 174557.9006419 181130.7630288 178007.1700508
 178629.3175895 183981.5265132 179508.79962   182054.2632795
 178433.1835237 180642.1173946 178696.3642979 179316.7024019
 181096.2497966 180508.6027005 182030.653957  184468.8014629
 180275.230355  179953.9629626 173598.8735155 182313.2524184
 178368.3961764 178718.5234658 180338.0075024 176499.9877865
 184757.5974145]
Noised Result
[190302.08231486  81684.74839606 162115.50828991 230969.54882531
 171739.09651772 232690.56044362 135847.04040021 178751.39290658
 235662.75575753 137507.56593818 214858.30322688 181876.40940058
 217461.96141334 144618.8832607  196854.38255891 295142.81412897
 176814.14917845 171109.04062547 166893.74885587 120899.04704463
 188012.51441979 127580.35833539 138274.3137837  204627.71743253
 217686.00756085]

The result for the 18th execution is
Time
19.49000310897827
Query Result
[178785.7374442 174557.9006419 181130.7630288 178007.1700508
 178629.3175895 183981.5265132 179508.79962   182054.2632795
 178433.1835237 180642.1173946 178696.3642979 179316.7024019
 181096.2497966 180508.6027005 182030.653957  184468.8014629
 180275.230355  179953.9629626 173598.8735155 182313.2524184
 178368.3961764 178718.5234658 180338.0075024 176499.9877865
 184757.5974145]
Noised Result
[ 24848.14178613 188139.69143315 232083.61657149 245446.25316673
 197008.99103959 201841.22005309 200174.04134566 131193.72697183
 135859.10222312 168878.22756811 233930.74950908 131362.79918047
 135393.67955164 125331.18766991 324122.10184503 109651.97726743
 211377.69787205 164138.66631994 203604.4088316  212679.51547627
 168676.10345556 180911.76950997 252581.60676397 258648.94925434
 244578.78794923]

The result for the 19th execution is
Time
19.358520984649658
Query Result
[178785.7374442 174557.9006419 181130.7630288 178007.1700508
 178629.3175895 183981.5265132 179508.79962   182054.2632795
 178433.1835237 180642.1173946 178696.3642979 179316.7024019
 181096.2497966 180508.6027005 182030.653957  184468.8014629
 180275.230355  179953.9629626 173598.8735155 182313.2524184
 178368.3961764 178718.5234658 180338.0075024 176499.9877865
 184757.5974145]
Noised Result
[277481.07223048 166454.79809771 185082.0792703  170288.32179843
 105208.40403723 144794.28676069 205920.76954952 168852.30895376
 194775.2062834  257083.24298235 227760.39761415 126007.88593965
 243487.11534617 213005.19847954 155421.58580144 260742.12622961
  66893.44331422 207162.49285028 209578.43834648 223919.22712018
 168833.57231884 245942.91921765 109259.85247055 308607.06299731
 260849.62346277]

