The result for the 0th execution is
Time
8.837526321411133
Query Result
[ 80138.7943503  94305.3574157  85596.7791012  84275.9952993
  86434.52744    75597.0636118  80048.3229013  70648.4237574
  87963.2470068  74715.7911798  64856.3397205  79743.9829169
  84968.0606481  90817.8758401  73314.4873387  77413.9132165
  78506.1133175  80317.4207367  79817.2137293 113205.2016826
  89626.0175539  83448.5810321  77137.1366779  90783.1514642
  91081.314714 ]
Noised Result
[-201620.32488612  111218.706048    101462.28469978  -24084.84227287
   70971.12680278   90378.31053279 -112575.56521482  218662.72002104
  154099.45111356  205728.7679051    47503.92595502   10693.59776918
  -93811.19446612   21363.84935302  138240.04262029   59250.17030785
  -20797.77238325 -225077.34167776   70463.44242977 -140783.668648
  169691.36566362 -101434.880387    242519.7474486   236631.60277777
 -125484.84081858]

The result for the 1th execution is
Time
9.12457013130188
Query Result
[ 80138.7943503  94305.3574157  85596.7791012  84275.9952993
  86434.52744    75597.0636118  80048.3229013  70648.4237574
  87963.2470068  74715.7911798  64856.3397205  79743.9829169
  84968.0606481  90817.8758401  73314.4873387  77413.9132165
  78506.1133175  80317.4207367  79817.2137293 113205.2016826
  89626.0175539  83448.5810321  77137.1366779  90783.1514642
  91081.314714 ]
Noised Result
[  93846.05195166   42688.78075882  -34851.1943127   149558.03346946
  -12665.56179864  126589.82940213  213165.204954   -379310.40279064
 -285579.9210791    47328.99580654  -44782.23746482  271494.31663781
  200661.97748675  133653.25060774   58977.86763304   88175.65976553
   98434.92302289   16342.3839395    -8569.83820591  115492.81164658
   15657.46734936  121142.77274735  128146.14343804  -66140.52295571
  113883.65973841]

The result for the 2th execution is
Time
7.190063714981079
Query Result
[ 80138.7943503  94305.3574157  85596.7791012  84275.9952993
  86434.52744    75597.0636118  80048.3229013  70648.4237574
  87963.2470068  74715.7911798  64856.3397205  79743.9829169
  84968.0606481  90817.8758401  73314.4873387  77413.9132165
  78506.1133175  80317.4207367  79817.2137293 113205.2016826
  89626.0175539  83448.5810321  77137.1366779  90783.1514642
  91081.314714 ]
Noised Result
[ 109112.66991794 -113134.75410364  133037.21030852 -214486.48584584
   89620.81739208  -92329.01497301 -130265.41327251  211921.45642996
  -82145.3476388  -123620.2132634  -207095.1865015   -74522.65114411
   30171.44651591  247958.19229259  285687.16272703  250889.60873025
  248212.42404723 -153631.99173965  279180.02273563  145871.92761597
 -115310.23780857 -105683.55575468  -24238.21850045   86909.71037407
   75592.48102169]

The result for the 3th execution is
Time
7.251339435577393
Query Result
[ 80138.7943503  94305.3574157  85596.7791012  84275.9952993
  86434.52744    75597.0636118  80048.3229013  70648.4237574
  87963.2470068  74715.7911798  64856.3397205  79743.9829169
  84968.0606481  90817.8758401  73314.4873387  77413.9132165
  78506.1133175  80317.4207367  79817.2137293 113205.2016826
  89626.0175539  83448.5810321  77137.1366779  90783.1514642
  91081.314714 ]
Noised Result
[   802347.90282495 -23299812.79740766 -16180501.50286708
  28889826.33603711  11770686.0247363  -28765932.45299859
  59333974.88721078  -4743390.90455597 -41084834.3987399
  -5998119.97820071  12320840.65905096  49582485.89059103
  29632896.64104064  20479079.22665678 -63122296.89935622
  68996043.63674359   1692070.949974   -19283734.05205256
   5060568.75704299  39538545.11330329 -29792385.07444212
  22846781.27756531  22305996.40219779  -3190253.60209078
 -34106844.43602577]

The result for the 4th execution is
Time
14.75251293182373
Query Result
[ 80138.7943503  94305.3574157  85596.7791012  84275.9952993
  86434.52744    75597.0636118  80048.3229013  70648.4237574
  87963.2470068  74715.7911798  64856.3397205  79743.9829169
  84968.0606481  90817.8758401  73314.4873387  77413.9132165
  78506.1133175  80317.4207367  79817.2137293 113205.2016826
  89626.0175539  83448.5810321  77137.1366779  90783.1514642
  91081.314714 ]
Noised Result
[ 156899.52275764   91485.28659492 -145980.36923829  132702.62207455
  125551.53344643   53890.08302769  233850.25285359 -147465.60160023
  184286.67495223  249375.766534      9861.66378933  -25937.95462452
  136546.6587369   266092.05228118  283824.99482668  137396.31179495
  216656.98156131  255687.8455298   135953.51608978 -118433.36971681
 -218702.81932947  133249.1613864   215601.14756185  167233.7680805
   92800.58843475]

The result for the 5th execution is
Time
9.121554136276245
Query Result
[ 80138.7943503  94305.3574157  85596.7791012  84275.9952993
  86434.52744    75597.0636118  80048.3229013  70648.4237574
  87963.2470068  74715.7911798  64856.3397205  79743.9829169
  84968.0606481  90817.8758401  73314.4873387  77413.9132165
  78506.1133175  80317.4207367  79817.2137293 113205.2016826
  89626.0175539  83448.5810321  77137.1366779  90783.1514642
  91081.314714 ]
Noised Result
[ -26098.49649841  -67442.62972297  226717.58003807 -447984.04728105
  749689.87429386  164003.78865765  309548.23109079 -147108.30881941
 -344851.30636374 -710881.07182054  327405.5142556    31198.27011002
  281406.81533979   64051.82837059  618501.21722487  -19312.86319146
  642577.6801733   853942.89355406  224051.90659869  -11464.49805027
  384701.82308431  229300.3003787   246169.12877073 -161905.39036095
 -116656.87374513]

The result for the 6th execution is
Time
7.109213352203369
Query Result
[ 80138.7943503  94305.3574157  85596.7791012  84275.9952993
  86434.52744    75597.0636118  80048.3229013  70648.4237574
  87963.2470068  74715.7911798  64856.3397205  79743.9829169
  84968.0606481  90817.8758401  73314.4873387  77413.9132165
  78506.1133175  80317.4207367  79817.2137293 113205.2016826
  89626.0175539  83448.5810321  77137.1366779  90783.1514642
  91081.314714 ]
Noised Result
[ -20582.69577017  292910.46218322  365744.88135398  225142.92350634
  941293.87125394 -100596.24465109   90411.49556406 -220153.52516253
  211592.05637721 -112177.84894898   66861.98022448  589114.52616604
  215932.82533342 -337303.44007027  763983.05908394 -281439.65502645
 -202131.92277297  -77313.54209689  233064.64078393  232349.22131353
   31594.53347199   81392.81677754 -313714.24662499  448190.71670531
  190418.9822092 ]

The result for the 7th execution is
Time
8.92945408821106
Query Result
[ 80138.7943503  94305.3574157  85596.7791012  84275.9952993
  86434.52744    75597.0636118  80048.3229013  70648.4237574
  87963.2470068  74715.7911798  64856.3397205  79743.9829169
  84968.0606481  90817.8758401  73314.4873387  77413.9132165
  78506.1133175  80317.4207367  79817.2137293 113205.2016826
  89626.0175539  83448.5810321  77137.1366779  90783.1514642
  91081.314714 ]
Noised Result
[  64548.8724484   187194.98727339   98359.39590723  244502.20426579
   81652.44573571  102898.86996199   23706.0702131    -7064.18024223
  356336.00520067   70505.90133235 -162026.89163571  187486.9689351
  167083.97367649 -137130.57555529  150405.96671924 -275186.75793299
  150664.42561996  103452.38091365  227620.15540267 -136825.75705426
  230650.65298265   -1274.09588899   59413.74815791   43655.26109478
  323915.98926276]

The result for the 8th execution is
Time
14.832468509674072
Query Result
[ 80138.7943503  94305.3574157  85596.7791012  84275.9952993
  86434.52744    75597.0636118  80048.3229013  70648.4237574
  87963.2470068  74715.7911798  64856.3397205  79743.9829169
  84968.0606481  90817.8758401  73314.4873387  77413.9132165
  78506.1133175  80317.4207367  79817.2137293 113205.2016826
  89626.0175539  83448.5810321  77137.1366779  90783.1514642
  91081.314714 ]
Noised Result
[  71137.07944352  126122.73664639   67842.29037003   23141.16430068
   13793.27879424  189747.66963229  177849.24950257  230412.0016573
   67782.51524457   83362.85038213    4229.27591196   51335.19340014
  -94431.15237321   37489.70781072  226769.87460898  326232.99194098
  268231.79137107  -46834.24020673 -160579.98740015   26206.04045588
 -106560.14549913  249036.42815715  -59316.15875068  464495.8413143
  338966.41359035]

The result for the 9th execution is
Time
7.248348236083984
Query Result
[ 80138.7943503  94305.3574157  85596.7791012  84275.9952993
  86434.52744    75597.0636118  80048.3229013  70648.4237574
  87963.2470068  74715.7911798  64856.3397205  79743.9829169
  84968.0606481  90817.8758401  73314.4873387  77413.9132165
  78506.1133175  80317.4207367  79817.2137293 113205.2016826
  89626.0175539  83448.5810321  77137.1366779  90783.1514642
  91081.314714 ]
Noised Result
[ 321794.60843288  286978.53630055   57290.84784335  124718.79017646
 -221203.36359953  353505.35138137  244750.39560433  119847.25985267
  -61031.00579029  -18612.00192877  209595.08313153   17993.36687196
  163812.29307941  195239.83970163  -77520.96884227   25957.12733413
    1122.79779379   -2928.58441853  185326.40458208  -26701.19345424
   52011.61211425  184282.0664816     4728.14172079   44167.01977068
  275820.55814969]

The result for the 10th execution is
Time
7.194839715957642
Query Result
[ 80138.7943503  94305.3574157  85596.7791012  84275.9952993
  86434.52744    75597.0636118  80048.3229013  70648.4237574
  87963.2470068  74715.7911798  64856.3397205  79743.9829169
  84968.0606481  90817.8758401  73314.4873387  77413.9132165
  78506.1133175  80317.4207367  79817.2137293 113205.2016826
  89626.0175539  83448.5810321  77137.1366779  90783.1514642
  91081.314714 ]
Noised Result
[ 276537.5895143   -72814.01424415  314249.43821322   73441.25665969
   59211.12587456  -62796.22280885   45983.74350972   12707.51823765
   29027.47162571  -68104.10188313   10282.77914202  -69180.44329607
 -244731.72533794  114070.9343381   409072.19278127 -138093.05321604
   82567.09692894  350721.02094408   47766.51818394  238457.4221134
  200854.22701713  197202.03247572 -250918.37903623  161997.60471961
   90003.28468572]

The result for the 11th execution is
Time
9.037837743759155
Query Result
[ 80138.7943503  94305.3574157  85596.7791012  84275.9952993
  86434.52744    75597.0636118  80048.3229013  70648.4237574
  87963.2470068  74715.7911798  64856.3397205  79743.9829169
  84968.0606481  90817.8758401  73314.4873387  77413.9132165
  78506.1133175  80317.4207367  79817.2137293 113205.2016826
  89626.0175539  83448.5810321  77137.1366779  90783.1514642
  91081.314714 ]
Noised Result
[  43453.85322164  290481.32617692  -19535.75091919 -269522.50847742
   65779.49031796  -42964.93279706  -95960.72814679  -88128.86162856
  154168.79089305  351587.16762927  298612.23518478  362028.39970431
  626857.69939244   78260.78868852   -3345.6357656   -55603.86689587
  298696.14575729  124162.36610317  107725.09890788   54051.5508833
  423164.03501683 -173477.32288994  221809.97869893 -140041.51567613
   72299.37717628]

The result for the 12th execution is
Time
9.063091278076172
Query Result
[ 80138.7943503  94305.3574157  85596.7791012  84275.9952993
  86434.52744    75597.0636118  80048.3229013  70648.4237574
  87963.2470068  74715.7911798  64856.3397205  79743.9829169
  84968.0606481  90817.8758401  73314.4873387  77413.9132165
  78506.1133175  80317.4207367  79817.2137293 113205.2016826
  89626.0175539  83448.5810321  77137.1366779  90783.1514642
  91081.314714 ]
Noised Result
[  22863.32563783    4846.55688342  409724.61203696  208299.15448513
  364528.78969843  180854.58967411  357793.16654847 -168582.79219591
  237533.9396211   239235.76145222   16692.19575935  -33759.51787366
   13242.56570124   13788.19728908   64021.79714617  163726.31972851
 -131967.29842771   40207.77112774   72600.82088633 -114192.7594374
  305627.31302473 -146744.16091095   51913.32333242  -21931.50651347
   67522.62627867]

The result for the 13th execution is
Time
8.997631072998047
Query Result
[ 80138.7943503  94305.3574157  85596.7791012  84275.9952993
  86434.52744    75597.0636118  80048.3229013  70648.4237574
  87963.2470068  74715.7911798  64856.3397205  79743.9829169
  84968.0606481  90817.8758401  73314.4873387  77413.9132165
  78506.1133175  80317.4207367  79817.2137293 113205.2016826
  89626.0175539  83448.5810321  77137.1366779  90783.1514642
  91081.314714 ]
Noised Result
[ -252492.31349554   -84396.55101607  -761197.55625268 -1414445.12308462
  -273320.32728614  -448258.17499314   813286.12043117   438856.91350196
   613449.43245252  -555366.32074564  -117779.83614166   347988.19197028
  -666163.63750549  -909084.24982062   213204.80555644   479259.99727482
    48701.85718539  -558275.21571748   653989.13971695  -576657.52371934
  -128765.30191237  -748154.12632141   308778.92824072   543892.39791321
    10302.41802284]

The result for the 14th execution is
Time
8.997520685195923
Query Result
[ 80138.7943503  94305.3574157  85596.7791012  84275.9952993
  86434.52744    75597.0636118  80048.3229013  70648.4237574
  87963.2470068  74715.7911798  64856.3397205  79743.9829169
  84968.0606481  90817.8758401  73314.4873387  77413.9132165
  78506.1133175  80317.4207367  79817.2137293 113205.2016826
  89626.0175539  83448.5810321  77137.1366779  90783.1514642
  91081.314714 ]
Noised Result
[  53320.00524116  223298.29993218  261956.34870462  319840.06874189
  145841.81898881  135182.94833127   92390.0067885   205776.04640775
  260369.56856303  332738.54275867  119871.60960396  346189.65836205
 -178481.43204255  102728.57428839  209284.42129153  229675.22704237
  127475.90892119   27523.9951026    96619.96279294  320276.60427915
  186076.47983442 -120773.11162465  136905.58084385    1191.52779406
  123680.99382088]

The result for the 15th execution is
Time
14.852646827697754
Query Result
[ 80138.7943503  94305.3574157  85596.7791012  84275.9952993
  86434.52744    75597.0636118  80048.3229013  70648.4237574
  87963.2470068  74715.7911798  64856.3397205  79743.9829169
  84968.0606481  90817.8758401  73314.4873387  77413.9132165
  78506.1133175  80317.4207367  79817.2137293 113205.2016826
  89626.0175539  83448.5810321  77137.1366779  90783.1514642
  91081.314714 ]
Noised Result
[  91986.6212927   207596.97884832  197108.14438935   69536.56042805
  -59811.57881445   21512.73439638  127132.11287624 -157447.15473404
 -111202.82776956  211056.10502893   87529.86197077  257174.52321972
 -150579.57839318  -26202.93835891   26730.36958226  344076.78670265
 -179470.42629286  114371.67482275   94234.95500321  272578.01599798
 -100746.9458024    47127.95622704  -83489.54554934  217390.42303357
  -25277.02397338]

The result for the 16th execution is
Time
9.009045600891113
Query Result
[ 80138.7943503  94305.3574157  85596.7791012  84275.9952993
  86434.52744    75597.0636118  80048.3229013  70648.4237574
  87963.2470068  74715.7911798  64856.3397205  79743.9829169
  84968.0606481  90817.8758401  73314.4873387  77413.9132165
  78506.1133175  80317.4207367  79817.2137293 113205.2016826
  89626.0175539  83448.5810321  77137.1366779  90783.1514642
  91081.314714 ]
Noised Result
[-19568.93380593 326022.61474431  28059.46189686  27555.77311186
  21125.72936979  72660.27603805 315452.89879808 127721.50633422
 -19927.56054062 -35513.10667252   3059.04198003 -81967.94474162
 193601.62106138 -36722.65977524 169041.27080594 218371.60551865
  57970.74436939  15636.68584854 -53552.05070047 258992.65136819
 367700.42558016 -47962.996927    98676.00147148 182845.46163579
 130801.34108926]

The result for the 17th execution is
Time
9.038065910339355
Query Result
[ 80138.7943503  94305.3574157  85596.7791012  84275.9952993
  86434.52744    75597.0636118  80048.3229013  70648.4237574
  87963.2470068  74715.7911798  64856.3397205  79743.9829169
  84968.0606481  90817.8758401  73314.4873387  77413.9132165
  78506.1133175  80317.4207367  79817.2137293 113205.2016826
  89626.0175539  83448.5810321  77137.1366779  90783.1514642
  91081.314714 ]
Noised Result
[-25193.96895712 130202.8686752   76462.7154716  205873.70837729
  87217.54803541  46116.87960278  15835.80786542 237148.17660223
 146219.28101486 -16386.84673973  53725.99584856  14327.3380687
 171255.13197824 335166.61482549 347826.9872932  297291.03790568
 -40194.41540893  79035.19275073  41352.92390949 -99140.62948984
 202440.67693006  57815.56049395  63343.55932853 329367.8152753
 123135.82240203]

The result for the 18th execution is
Time
8.735631704330444
Query Result
[ 80138.7943503  94305.3574157  85596.7791012  84275.9952993
  86434.52744    75597.0636118  80048.3229013  70648.4237574
  87963.2470068  74715.7911798  64856.3397205  79743.9829169
  84968.0606481  90817.8758401  73314.4873387  77413.9132165
  78506.1133175  80317.4207367  79817.2137293 113205.2016826
  89626.0175539  83448.5810321  77137.1366779  90783.1514642
  91081.314714 ]
Noised Result
[-163781.15519297 -111731.99330502  283889.37668157   42711.48029935
   10187.49334695  218240.23735852  302162.30861638 -192643.62749996
   74713.68413968  125466.30914749   23109.60168582  166489.49622525
 -165963.58226407  113319.50890062  -55530.06836918   71264.28395378
   72649.15462043  205034.30557582  242540.70292618  201544.9839416
  243427.99594037  279103.81945995 -397495.8919263   -93477.54944308
   46165.981624  ]

The result for the 19th execution is
Time
8.948378562927246
Query Result
[ 80138.7943503  94305.3574157  85596.7791012  84275.9952993
  86434.52744    75597.0636118  80048.3229013  70648.4237574
  87963.2470068  74715.7911798  64856.3397205  79743.9829169
  84968.0606481  90817.8758401  73314.4873387  77413.9132165
  78506.1133175  80317.4207367  79817.2137293 113205.2016826
  89626.0175539  83448.5810321  77137.1366779  90783.1514642
  91081.314714 ]
Noised Result
[ -182997.54502401  -181787.32904207   971016.15032802   965467.41915065
   510678.03837555    52335.85189062   714427.20493298  -281454.43719273
   598620.56582494  -738581.75781485    57169.52516898  1196583.56120102
   906696.01532421  -469280.84671281   345152.48921463 -1293312.44713286
   343056.47438279   288284.03097737  1016579.26387211   -51364.75968382
  -385819.52236835  -541978.12132481  -338748.77446026   520105.36878773
  -384649.82254923]

