The result for the 0th execution is
Time
4965.923236608505
Query Result
[229231.3464149 291039.9319045 232336.2112384 271793.5697669
 233252.7029271 282075.1964856 225900.90695   290379.5779162
 235689.0316744 283641.2117318 229290.1969185 280979.7867061
 234128.951951  289151.4051546 236794.4068266 284137.3163718
 227369.8348061 282683.0841657 233818.7238117 287479.3708049
 235126.4266756 286020.3238325 247999.4774847 290455.8989044
 233562.5908317 290951.8307871 231772.8975182 270184.9353079
 226891.3228437 287862.9700363 227034.0123126 271936.2261741
 233302.3442994 276246.3993008 230056.1675103 280153.7047556
 237676.4152759 278517.0094024 235463.1861664 275714.0258841
 240786.7247686 285501.2211212 234065.0491029 283465.6351371
 230894.1339505 273834.3742133 222882.5436653 285777.7018647
 232271.4493658 277397.746109 ]
Noised Result
[248245.04372827 252638.80523666 198403.52285777 268778.94181535
 237157.86681771 279076.65094961 190956.21375904 313419.78927635
 212936.64905728 280929.78612295 232251.24934763 268561.89762346
 237503.84715916 310019.77744348 280526.75016831 305068.64606403
 201496.95450717 357329.77073615 240749.64459252 285027.79553031
 232575.08317015 239469.39773099 201141.96959803 276766.10094745
 240104.5809498  353450.12228023 206592.70367705 295907.74795747
 224142.11902029 308562.42499151 163343.04598263 185607.40643626
 282964.28027547 197283.47320162 247821.37497517 272357.09380228
 247196.32462438 313925.65255548 115162.56562585 249667.19267461
 231931.99563192 311048.57512782 252166.12492889 308142.13717315
 303065.25532414 247660.52280017 158038.46217673 352093.63298007
 201606.61835767 249962.67845076]

The result for the 1th execution is
Time
2789.0398499965668
Query Result
[229231.3464149 291039.9319045 232336.2112384 271793.5697669
 233252.7029271 282075.1964856 225900.90695   290379.5779162
 235689.0316744 283641.2117318 229290.1969185 280979.7867061
 234128.951951  289151.4051546 236794.4068266 284137.3163718
 227369.8348061 282683.0841657 233818.7238117 287479.3708049
 235126.4266756 286020.3238325 247999.4774847 290455.8989044
 233562.5908317 290951.8307871 231772.8975182 270184.9353079
 226891.3228437 287862.9700363 227034.0123126 271936.2261741
 233302.3442994 276246.3993008 230056.1675103 280153.7047556
 237676.4152759 278517.0094024 235463.1861664 275714.0258841
 240786.7247686 285501.2211212 234065.0491029 283465.6351371
 230894.1339505 273834.3742133 222882.5436653 285777.7018647
 232271.4493658 277397.746109 ]
Noised Result
[240447.27996763 338360.8964422  225839.37397856 248899.09524744
 149770.76621709 207047.92790582 216834.46327332 310670.00157159
 260181.40238424 305101.52403824 237679.97952377 330060.22955613
 164359.40454744 205442.38204484 240066.79291401 200628.35626953
 222041.91026246 236340.00689936 165577.69377618 328760.42665836
 365424.20153528  69104.74562314 166846.15185712 278222.67150613
 259164.61522717 227026.54051729 243619.68233069 285063.04433783
 298795.25365633 280046.06818997 277042.3164524  271327.33717623
 296908.37430134 288587.83813539 253628.79273794 158874.47293313
 162495.15798204 187054.51922424 318749.810868   286005.20786475
 345455.00265406 182858.54481754 296402.55973113 235931.282313
 336691.00174791 279853.61257548 147514.72475847 297476.92383434
 214742.56348909 302837.36999564]

The result for the 2th execution is
Time
4974.267392158508
Query Result
[229231.3464149 291039.9319045 232336.2112384 271793.5697669
 233252.7029271 282075.1964856 225900.90695   290379.5779162
 235689.0316744 283641.2117318 229290.1969185 280979.7867061
 234128.951951  289151.4051546 236794.4068266 284137.3163718
 227369.8348061 282683.0841657 233818.7238117 287479.3708049
 235126.4266756 286020.3238325 247999.4774847 290455.8989044
 233562.5908317 290951.8307871 231772.8975182 270184.9353079
 226891.3228437 287862.9700363 227034.0123126 271936.2261741
 233302.3442994 276246.3993008 230056.1675103 280153.7047556
 237676.4152759 278517.0094024 235463.1861664 275714.0258841
 240786.7247686 285501.2211212 234065.0491029 283465.6351371
 230894.1339505 273834.3742133 222882.5436653 285777.7018647
 232271.4493658 277397.746109 ]
Noised Result
[282500.95765528 237258.25546618 251961.73929282 296583.50734207
 249636.5857505  319185.95129833 266227.77468985 226502.35714213
 243940.48404795 347152.62276883 190430.04303783 266278.18411122
 196486.53733411 244448.44136514 251059.65703031 283663.83197027
 230797.61749152 250652.84851589 251416.31602409 330175.11821035
 213298.50815852 312135.93041088 218566.8195823  345322.5823105
 219488.4181988  299521.32441788 321253.30118898 297054.41478375
 245122.20727874 228085.66296829 149741.5178562  292333.59261664
 209582.86572199 269965.75020041 211253.58245289 254662.31989654
 152835.00606793 246989.99912884 202357.33472912 274622.80440408
 243528.34533458 171869.92244692 319052.00636649 245404.73141222
 206488.96493645 206903.23335492 242835.42997498 299216.63009495
 251218.77169881 280349.82595032]

The result for the 3th execution is
Time
4964.771958112717
Query Result
[229231.3464149 291039.9319045 232336.2112384 271793.5697669
 233252.7029271 282075.1964856 225900.90695   290379.5779162
 235689.0316744 283641.2117318 229290.1969185 280979.7867061
 234128.951951  289151.4051546 236794.4068266 284137.3163718
 227369.8348061 282683.0841657 233818.7238117 287479.3708049
 235126.4266756 286020.3238325 247999.4774847 290455.8989044
 233562.5908317 290951.8307871 231772.8975182 270184.9353079
 226891.3228437 287862.9700363 227034.0123126 271936.2261741
 233302.3442994 276246.3993008 230056.1675103 280153.7047556
 237676.4152759 278517.0094024 235463.1861664 275714.0258841
 240786.7247686 285501.2211212 234065.0491029 283465.6351371
 230894.1339505 273834.3742133 222882.5436653 285777.7018647
 232271.4493658 277397.746109 ]
Noised Result
[226217.92020524 174111.1058168  169715.99601377 191417.64581424
 231678.1273564  244553.96534347 323345.04255352 456945.76916406
 148781.19621476 446663.19652104 316746.08545433 429402.55758161
 241221.57458785 249128.02364016 276689.9935467  291278.64934085
  65664.54692859 256026.64050579 319468.6323338  187303.06927549
 293780.24848644 376484.55321573 279187.05114708 131618.63938131
 140536.9847598  306593.04348048 151371.88517162 214369.17012409
 326038.22644918 306726.38259958 176405.22478619 313821.71928262
 110285.9329485  191087.24849024 335880.42537727 303709.96347291
 255697.53993401 323699.14064033 151231.97207759 443162.97214097
 221449.2035275  253347.76105237 273412.35507101 312186.21244622
 288477.13229996 376339.88882743 112851.443482   381834.78680246
 281423.28552898 189624.65516721]

The result for the 4th execution is
Time
3513.2978370189667
Query Result
[229231.3464149 291039.9319045 232336.2112384 271793.5697669
 233252.7029271 282075.1964856 225900.90695   290379.5779162
 235689.0316744 283641.2117318 229290.1969185 280979.7867061
 234128.951951  289151.4051546 236794.4068266 284137.3163718
 227369.8348061 282683.0841657 233818.7238117 287479.3708049
 235126.4266756 286020.3238325 247999.4774847 290455.8989044
 233562.5908317 290951.8307871 231772.8975182 270184.9353079
 226891.3228437 287862.9700363 227034.0123126 271936.2261741
 233302.3442994 276246.3993008 230056.1675103 280153.7047556
 237676.4152759 278517.0094024 235463.1861664 275714.0258841
 240786.7247686 285501.2211212 234065.0491029 283465.6351371
 230894.1339505 273834.3742133 222882.5436653 285777.7018647
 232271.4493658 277397.746109 ]
Noised Result
[178833.1402292  303847.05888377 198451.54642443 233845.069902
 219040.82598097 184809.67048464 108996.37490684 154637.40071304
 279353.24786075 361535.84928553 242412.52814622 231151.3732349
 157333.9743579  286494.3188135  191858.09152227 290014.96438369
 305354.91608087 239495.01662214 298488.9090827  258266.06547725
 361879.69551608 299509.26427378 303727.00851783 325639.86105308
 230068.10084293 274565.4714783  202256.41181153 205852.57640284
 186135.13425186 261308.33485011 248922.23453958 237925.63408014
 247296.09076963 321002.86419698 163212.80317828 333570.80672865
 187106.52206596 355320.55682636 226932.18861255 422449.49361407
 249937.52629201 336696.85107372 130552.86402454 330800.13596171
 181424.97164821 210212.65438206 343270.89105134 228182.99764357
 251929.40707265 278192.11034814]

The result for the 5th execution is
Time
5017.063720703125
Query Result
[229231.3464149 291039.9319045 232336.2112384 271793.5697669
 233252.7029271 282075.1964856 225900.90695   290379.5779162
 235689.0316744 283641.2117318 229290.1969185 280979.7867061
 234128.951951  289151.4051546 236794.4068266 284137.3163718
 227369.8348061 282683.0841657 233818.7238117 287479.3708049
 235126.4266756 286020.3238325 247999.4774847 290455.8989044
 233562.5908317 290951.8307871 231772.8975182 270184.9353079
 226891.3228437 287862.9700363 227034.0123126 271936.2261741
 233302.3442994 276246.3993008 230056.1675103 280153.7047556
 237676.4152759 278517.0094024 235463.1861664 275714.0258841
 240786.7247686 285501.2211212 234065.0491029 283465.6351371
 230894.1339505 273834.3742133 222882.5436653 285777.7018647
 232271.4493658 277397.746109 ]
Noised Result
[204251.61647615 250617.57193752 239864.86694479 183188.62108986
 251603.21368999 320714.48356731 233708.9518368  265738.23121065
 221918.47789995 191721.88421714 291010.48245168 324732.78010712
 225788.79278122 291151.20320504 245872.73826119 298960.50735564
 224369.88340509 258331.19217321 190362.41602308 275356.06144207
 211224.94353613 256297.29047072 212844.15070432 425182.19512358
 148467.71016307 333107.74939763 278922.17338921 238533.03162135
 182427.84824416 249258.05343725 198135.06672808 276906.35075859
 163665.3972324  220259.79935391 158644.81736593 268247.53835749
 238521.76163802 250728.79851337 161992.04209498 236322.54282916
 300149.81382731 308540.72392284 224020.2211182  306293.67925548
 239901.27393615 301940.35414368 150770.87994254 245024.34794986
 218935.78222059 262576.20174975]

The result for the 6th execution is
Time
4972.482546329498
Query Result
[229231.3464149 291039.9319045 232336.2112384 271793.5697669
 233252.7029271 282075.1964856 225900.90695   290379.5779162
 235689.0316744 283641.2117318 229290.1969185 280979.7867061
 234128.951951  289151.4051546 236794.4068266 284137.3163718
 227369.8348061 282683.0841657 233818.7238117 287479.3708049
 235126.4266756 286020.3238325 247999.4774847 290455.8989044
 233562.5908317 290951.8307871 231772.8975182 270184.9353079
 226891.3228437 287862.9700363 227034.0123126 271936.2261741
 233302.3442994 276246.3993008 230056.1675103 280153.7047556
 237676.4152759 278517.0094024 235463.1861664 275714.0258841
 240786.7247686 285501.2211212 234065.0491029 283465.6351371
 230894.1339505 273834.3742133 222882.5436653 285777.7018647
 232271.4493658 277397.746109 ]
Noised Result
[211207.5357452  305436.89262885 188124.17013929 250404.42807495
 203575.3181923  308606.5381476  265153.08917455 272324.52175782
 189016.57850752 251561.85612384 171298.92718364 251585.84662299
 255351.89269375 324415.38134058 195357.82090519 222275.300534
 244021.13741289 330721.55855332 222052.35103291 308534.92730804
 241583.66333483 320125.10390509 303133.26106632 215742.02925396
 225971.12505367 272439.27750792 161697.87356642 288845.22408076
 237259.32665807 290010.32978957 197210.4314123  278538.43174094
 253071.16915738 251969.50328747 213926.48544808 299913.70329691
 184435.79844817 283471.72854901 289977.85211499 239926.04766288
 292886.16899365 313123.96000004 167516.80260316 292261.36115391
 245669.69707509 232412.17775078 222553.08106129 293632.13354018
 328804.05216725 222700.72129327]

The result for the 7th execution is
Time
5459.842908382416
Query Result
[229231.3464149 291039.9319045 232336.2112384 271793.5697669
 233252.7029271 282075.1964856 225900.90695   290379.5779162
 235689.0316744 283641.2117318 229290.1969185 280979.7867061
 234128.951951  289151.4051546 236794.4068266 284137.3163718
 227369.8348061 282683.0841657 233818.7238117 287479.3708049
 235126.4266756 286020.3238325 247999.4774847 290455.8989044
 233562.5908317 290951.8307871 231772.8975182 270184.9353079
 226891.3228437 287862.9700363 227034.0123126 271936.2261741
 233302.3442994 276246.3993008 230056.1675103 280153.7047556
 237676.4152759 278517.0094024 235463.1861664 275714.0258841
 240786.7247686 285501.2211212 234065.0491029 283465.6351371
 230894.1339505 273834.3742133 222882.5436653 285777.7018647
 232271.4493658 277397.746109 ]
Noised Result
[318433.59233173 301612.00945344 236543.72701574 242953.89160659
 253191.20208564 333163.64155234 264109.79757542 300627.90811344
 292781.04473043 330815.72094168 189756.6820618  224730.90005662
 276470.8940898  348093.82336946 206610.75087546 312204.65575182
 212036.1259475  330145.33329547 295968.4084743  329376.85646561
 240471.57376237 282964.48267719 250175.81051229 334763.51952387
 285819.7952073  275103.72538802 186701.87475826 205297.2680774
 161926.67485277 293644.69436409 273385.24831012 226462.35407572
 210668.8524487  228563.0432736  247648.62201432 330615.06425069
 147898.0931438  212373.69885263 245308.31102336 233113.52262961
 247455.9313682  337931.39756517 159039.43083113 227184.91960992
 185498.09749515 243988.48692581 218511.35437464 301316.27100043
 226169.61542589 355377.14170618]

The result for the 8th execution is
Time
5456.330037117004
Query Result
[229231.3464149 291039.9319045 232336.2112384 271793.5697669
 233252.7029271 282075.1964856 225900.90695   290379.5779162
 235689.0316744 283641.2117318 229290.1969185 280979.7867061
 234128.951951  289151.4051546 236794.4068266 284137.3163718
 227369.8348061 282683.0841657 233818.7238117 287479.3708049
 235126.4266756 286020.3238325 247999.4774847 290455.8989044
 233562.5908317 290951.8307871 231772.8975182 270184.9353079
 226891.3228437 287862.9700363 227034.0123126 271936.2261741
 233302.3442994 276246.3993008 230056.1675103 280153.7047556
 237676.4152759 278517.0094024 235463.1861664 275714.0258841
 240786.7247686 285501.2211212 234065.0491029 283465.6351371
 230894.1339505 273834.3742133 222882.5436653 285777.7018647
 232271.4493658 277397.746109 ]
Noised Result
[179024.50690471 234468.51010474 226242.9899079  273394.77336557
 253389.97950039 283442.06625724 257304.22337111 308903.04366045
 278102.02331583 234267.23012916 290079.39584335 288208.63814406
 201825.28023708 266053.97086423 184651.53399277 334992.53852317
 158438.23134602 249686.7489999  211019.91813661 302879.37569305
 219955.85108309 278493.48808584 244278.62386747 266521.40026433
 279986.70679225 269260.3193259  203940.89772175 249992.73979717
 178095.53238819 242543.58939886 246616.9125289  231869.3470413
 281587.17130837 322014.40872198 246615.69216269 200458.81275174
 239309.64809235 299905.10567971 299152.01281405 243511.25638798
 234849.76206878 316288.60006961 274219.57612517 270158.55914386
 225935.02481534 195406.55896826 121040.57493325 270285.75133178
 265536.01225699 317603.33593527]

The result for the 9th execution is
Time
5026.129759550095
Query Result
[229231.3464149 291039.9319045 232336.2112384 271793.5697669
 233252.7029271 282075.1964856 225900.90695   290379.5779162
 235689.0316744 283641.2117318 229290.1969185 280979.7867061
 234128.951951  289151.4051546 236794.4068266 284137.3163718
 227369.8348061 282683.0841657 233818.7238117 287479.3708049
 235126.4266756 286020.3238325 247999.4774847 290455.8989044
 233562.5908317 290951.8307871 231772.8975182 270184.9353079
 226891.3228437 287862.9700363 227034.0123126 271936.2261741
 233302.3442994 276246.3993008 230056.1675103 280153.7047556
 237676.4152759 278517.0094024 235463.1861664 275714.0258841
 240786.7247686 285501.2211212 234065.0491029 283465.6351371
 230894.1339505 273834.3742133 222882.5436653 285777.7018647
 232271.4493658 277397.746109 ]
Noised Result
[264728.03857995 265867.77557929 190892.86716605 175945.72737522
 292400.29965286 230813.40105075 252015.64119624 317201.13036901
 233985.68052472 365681.7066336  194478.89640448 259680.92783029
 259824.48245025 259216.02415607 223414.9161047  252884.77694002
 209206.38902296 273098.20142702 278470.12063495 245324.7899079
 166099.19296812 324154.52089137 204473.1469494  341454.63461059
 234183.37254074 329865.06973773 270604.92917891 226492.26324288
 233827.78455937 273952.55388072 211636.00432362 304778.92473095
 189363.30871103 333154.97232547 191553.71883126 213215.14733751
 281714.64058183 315256.68458691 220901.25924255 333480.27945218
 214035.84168045 299933.29308522 236400.56787132 298054.24915408
 225090.11586132 314186.00344491 247795.80056188 279441.89390796
 238947.80697139 298301.39784532]

The result for the 10th execution is
Time
5008.259072065353
Query Result
[229231.3464149 291039.9319045 232336.2112384 271793.5697669
 233252.7029271 282075.1964856 225900.90695   290379.5779162
 235689.0316744 283641.2117318 229290.1969185 280979.7867061
 234128.951951  289151.4051546 236794.4068266 284137.3163718
 227369.8348061 282683.0841657 233818.7238117 287479.3708049
 235126.4266756 286020.3238325 247999.4774847 290455.8989044
 233562.5908317 290951.8307871 231772.8975182 270184.9353079
 226891.3228437 287862.9700363 227034.0123126 271936.2261741
 233302.3442994 276246.3993008 230056.1675103 280153.7047556
 237676.4152759 278517.0094024 235463.1861664 275714.0258841
 240786.7247686 285501.2211212 234065.0491029 283465.6351371
 230894.1339505 273834.3742133 222882.5436653 285777.7018647
 232271.4493658 277397.746109 ]
Noised Result
[205903.73997191 282319.152354   222140.49974811 239688.87146891
 162693.72408993 293107.5930165  209381.17400683 279758.58687048
 185120.2743915  332122.39333651 251386.75295194 245203.80708292
 247894.09463465 330817.64066929 223502.08439176 330686.05721452
 244055.21617589 335472.43526676 159483.23492653 263188.70160743
 231466.24825885 331326.60831265 223971.23148091 325863.8775701
 169934.34239258 262553.81605443 258645.01800603 229149.52756963
 174911.13533767 306481.48019553 184475.90793306 251710.14137649
 268673.1436276  333547.26388839 223720.19629782 255817.95761847
 263201.2576552  286222.00884316 299675.95174259 314820.94629813
 363626.62320311 212040.94544841 196912.75599774 296803.2471685
 225050.86108548 322548.76774297 144866.75070548 263505.56708939
 226399.5173045  327672.76165705]

The result for the 11th execution is
Time
4942.334705352783
Query Result
[229231.3464149 291039.9319045 232336.2112384 271793.5697669
 233252.7029271 282075.1964856 225900.90695   290379.5779162
 235689.0316744 283641.2117318 229290.1969185 280979.7867061
 234128.951951  289151.4051546 236794.4068266 284137.3163718
 227369.8348061 282683.0841657 233818.7238117 287479.3708049
 235126.4266756 286020.3238325 247999.4774847 290455.8989044
 233562.5908317 290951.8307871 231772.8975182 270184.9353079
 226891.3228437 287862.9700363 227034.0123126 271936.2261741
 233302.3442994 276246.3993008 230056.1675103 280153.7047556
 237676.4152759 278517.0094024 235463.1861664 275714.0258841
 240786.7247686 285501.2211212 234065.0491029 283465.6351371
 230894.1339505 273834.3742133 222882.5436653 285777.7018647
 232271.4493658 277397.746109 ]
Noised Result
[245741.45792118 252611.90018819 308412.00863153 325031.29492734
 248814.18195394 251782.96993319 272258.6706891  358084.59227766
 191352.9745963  328353.67028598 252127.1565059  245454.65499976
 250504.65791735 338826.04938236 189148.16180204 271589.7947364
 189511.27009782 266458.1421036  226044.1336875  270094.60312317
 173209.45446794 202991.69663625 198049.78913959 298910.08829455
 152648.10172573 261682.62191231 254416.12746156 220228.62070551
 208694.66599323 272841.54125453 270318.99763471 302789.47563904
 227176.32875878 197424.29789692 164076.31805344 386862.89545649
 224301.25822449 319844.71346285 296696.3759554  198548.16348901
 278033.77789171 322867.05617201 191716.33414532 171215.87251065
 319354.18212061 195119.02982637 198668.04702118 281703.72203752
 204382.60728245 304108.39013644]

The result for the 12th execution is
Time
5461.1996121406555
Query Result
[229231.3464149 291039.9319045 232336.2112384 271793.5697669
 233252.7029271 282075.1964856 225900.90695   290379.5779162
 235689.0316744 283641.2117318 229290.1969185 280979.7867061
 234128.951951  289151.4051546 236794.4068266 284137.3163718
 227369.8348061 282683.0841657 233818.7238117 287479.3708049
 235126.4266756 286020.3238325 247999.4774847 290455.8989044
 233562.5908317 290951.8307871 231772.8975182 270184.9353079
 226891.3228437 287862.9700363 227034.0123126 271936.2261741
 233302.3442994 276246.3993008 230056.1675103 280153.7047556
 237676.4152759 278517.0094024 235463.1861664 275714.0258841
 240786.7247686 285501.2211212 234065.0491029 283465.6351371
 230894.1339505 273834.3742133 222882.5436653 285777.7018647
 232271.4493658 277397.746109 ]
Noised Result
[252527.13063217 270876.30623241 208821.10017653 295954.84668094
 289767.30099543 318718.81389272 147275.29212411 242886.15248723
 314515.09757254 254739.05319219 282293.17924582 284918.91658897
 247994.74142117 250041.34237065 261933.91959452 330029.80930122
 237294.40188479 275171.5258791  216598.75384552 219716.50295703
 216937.59775749 258525.89492018 271981.64146709 300216.63394939
 214402.39796273 274345.21414966 287365.79778487 247382.33881209
 221537.25140837 290745.1662013  236328.96197828 253027.02940108
 233439.6135001  333644.07331518 223600.91167268 258321.12587634
 225437.53342161 245840.52876621 323402.4596181  265312.07084471
 235695.36549241 263326.61462169 300344.70011616 314616.73797568
 280940.33610621 264725.69486742 264065.12973474 304742.25383412
 252115.44164415 282922.5435895 ]

The result for the 13th execution is
Time
4962.668468236923
Query Result
[229231.3464149 291039.9319045 232336.2112384 271793.5697669
 233252.7029271 282075.1964856 225900.90695   290379.5779162
 235689.0316744 283641.2117318 229290.1969185 280979.7867061
 234128.951951  289151.4051546 236794.4068266 284137.3163718
 227369.8348061 282683.0841657 233818.7238117 287479.3708049
 235126.4266756 286020.3238325 247999.4774847 290455.8989044
 233562.5908317 290951.8307871 231772.8975182 270184.9353079
 226891.3228437 287862.9700363 227034.0123126 271936.2261741
 233302.3442994 276246.3993008 230056.1675103 280153.7047556
 237676.4152759 278517.0094024 235463.1861664 275714.0258841
 240786.7247686 285501.2211212 234065.0491029 283465.6351371
 230894.1339505 273834.3742133 222882.5436653 285777.7018647
 232271.4493658 277397.746109 ]
Noised Result
[154664.07109898 311737.09180639 232642.56471187 282746.25592872
 214748.22831997 293761.42245881 252793.94691734 255937.40623487
 255714.96720767 288293.08811538 231222.13589281 362027.58209455
 278666.61173533 304990.75775793 242839.37942875 297077.29020752
 247627.27911568 285423.39307524 234341.90419161 358672.78606699
 198003.54567444 316894.78859176 210959.58495398 273458.65041359
 204540.04856239 391380.90531913 284373.04984529 295923.55953133
 248797.06387047 326716.91042386 223095.40460448 229171.40741037
 272180.45390209 255368.69825835 202287.75729362 312642.20941286
 186574.27372651 312975.71996444 233624.22648627 272432.2243754
 209893.36266565 277498.36289487 222067.41694399 293485.67712298
 241342.25205836 237445.34713218 162271.85508901 249948.34846807
 277298.20199832 324308.29931913]

The result for the 14th execution is
Time
2801.5811383724213
Query Result
[229231.3464149 291039.9319045 232336.2112384 271793.5697669
 233252.7029271 282075.1964856 225900.90695   290379.5779162
 235689.0316744 283641.2117318 229290.1969185 280979.7867061
 234128.951951  289151.4051546 236794.4068266 284137.3163718
 227369.8348061 282683.0841657 233818.7238117 287479.3708049
 235126.4266756 286020.3238325 247999.4774847 290455.8989044
 233562.5908317 290951.8307871 231772.8975182 270184.9353079
 226891.3228437 287862.9700363 227034.0123126 271936.2261741
 233302.3442994 276246.3993008 230056.1675103 280153.7047556
 237676.4152759 278517.0094024 235463.1861664 275714.0258841
 240786.7247686 285501.2211212 234065.0491029 283465.6351371
 230894.1339505 273834.3742133 222882.5436653 285777.7018647
 232271.4493658 277397.746109 ]
Noised Result
[164701.21675544 213900.84013138 371077.44160979 215686.97041056
 340715.86918309 226966.9441052  284380.71958294 214740.62978119
 202920.90156347 453922.72990089 315690.88482625 327505.62092696
 276382.92029531 228065.49919283 250435.42011936 332577.5342122
 283638.02317888 191330.22491105 284664.63959147 282688.01627896
 318562.89107095 380376.39393093 268224.2623533  409520.57403161
 374338.83195495 240294.81549166 265740.44780108 383903.83582805
 239687.95802328 290530.13202211 206248.33214802 379511.22532099
 169821.75717123 275272.00849716 222210.04748273 419796.11312105
 307268.77529473 241067.75291473 291320.81775489 252548.5805925
 298766.90944239 175758.35395731 256215.86686045 272847.11631973
 116118.54323315 178450.30793367 119553.06869287 251454.63776832
 379564.76934489 402319.47639545]

The result for the 15th execution is
Time
2808.670116662979
Query Result
[229231.3464149 291039.9319045 232336.2112384 271793.5697669
 233252.7029271 282075.1964856 225900.90695   290379.5779162
 235689.0316744 283641.2117318 229290.1969185 280979.7867061
 234128.951951  289151.4051546 236794.4068266 284137.3163718
 227369.8348061 282683.0841657 233818.7238117 287479.3708049
 235126.4266756 286020.3238325 247999.4774847 290455.8989044
 233562.5908317 290951.8307871 231772.8975182 270184.9353079
 226891.3228437 287862.9700363 227034.0123126 271936.2261741
 233302.3442994 276246.3993008 230056.1675103 280153.7047556
 237676.4152759 278517.0094024 235463.1861664 275714.0258841
 240786.7247686 285501.2211212 234065.0491029 283465.6351371
 230894.1339505 273834.3742133 222882.5436653 285777.7018647
 232271.4493658 277397.746109 ]
Noised Result
[214845.28370924 315742.64470042 288386.99571546 230990.62645302
 193673.55723691 333228.73785087 160794.98756279 220558.46084483
 173831.38630739 215146.27284664 193651.36152778 409951.31191429
 207227.70203519 290990.29143995 281265.90550501 218888.26420539
 132054.17404931 367038.73594014 274864.63240363 274730.25090083
 359258.17878442 294044.62379554 223503.61967976 159104.60774507
 262345.94798441 258177.24928106 194194.0687757  309906.44154586
 200324.0265159  262813.89081128 -15934.42683368 267129.87146858
 192801.1109738  251623.05705843 139997.11765131 250944.27277856
 308710.03868418 313186.51223154 165898.61947047 300613.68788542
 126299.57665848 140366.23272103 344475.41306852 280158.71439486
 249413.44786404 237830.15281639 263714.70707386 352557.96324759
 136299.16342218 209119.32655581]

The result for the 16th execution is
Time
4946.577942371368
Query Result
[229231.3464149 291039.9319045 232336.2112384 271793.5697669
 233252.7029271 282075.1964856 225900.90695   290379.5779162
 235689.0316744 283641.2117318 229290.1969185 280979.7867061
 234128.951951  289151.4051546 236794.4068266 284137.3163718
 227369.8348061 282683.0841657 233818.7238117 287479.3708049
 235126.4266756 286020.3238325 247999.4774847 290455.8989044
 233562.5908317 290951.8307871 231772.8975182 270184.9353079
 226891.3228437 287862.9700363 227034.0123126 271936.2261741
 233302.3442994 276246.3993008 230056.1675103 280153.7047556
 237676.4152759 278517.0094024 235463.1861664 275714.0258841
 240786.7247686 285501.2211212 234065.0491029 283465.6351371
 230894.1339505 273834.3742133 222882.5436653 285777.7018647
 232271.4493658 277397.746109 ]
Noised Result
[216613.17396338 165643.73421193 257214.95562141 289949.07922557
 186203.61256095 239570.34502808 243520.6236054  283882.27485628
 216980.35754382 291769.02948496 283642.21018095 243170.80219106
 311844.98090301 332251.00408248 210478.07880096 283347.66042081
 198142.02293659 331757.59637357 288142.09204377 266905.26168051
 223048.07825117 254599.14442206 286570.63273546 269917.05921068
 225034.27086791 257386.9741501  207693.15347183 256888.95365564
 162675.47441955 373284.28740937 307562.65211476 241758.3956485
 171083.27194206 261389.87965135 263300.31995668 169391.30302472
 180962.00281019 259798.17803966 163275.24614468 250192.22465533
 217879.34762122 273992.05206194 275390.93084763 335213.65095448
 188053.36765996 263727.4208986  285744.40263098 343778.63586803
 223369.32114941 280196.62927707]

The result for the 17th execution is
Time
5013.458570957184
Query Result
[229231.3464149 291039.9319045 232336.2112384 271793.5697669
 233252.7029271 282075.1964856 225900.90695   290379.5779162
 235689.0316744 283641.2117318 229290.1969185 280979.7867061
 234128.951951  289151.4051546 236794.4068266 284137.3163718
 227369.8348061 282683.0841657 233818.7238117 287479.3708049
 235126.4266756 286020.3238325 247999.4774847 290455.8989044
 233562.5908317 290951.8307871 231772.8975182 270184.9353079
 226891.3228437 287862.9700363 227034.0123126 271936.2261741
 233302.3442994 276246.3993008 230056.1675103 280153.7047556
 237676.4152759 278517.0094024 235463.1861664 275714.0258841
 240786.7247686 285501.2211212 234065.0491029 283465.6351371
 230894.1339505 273834.3742133 222882.5436653 285777.7018647
 232271.4493658 277397.746109 ]
Noised Result
[262221.65290586 257086.55750131 280134.7918464  197433.53337348
 247030.68922254 337145.29937552 334461.256699   325028.7125491
 219238.59240557 283480.14212979 286645.74011427 346324.60064589
 277823.7819511  236674.66258478 320036.38310513 299265.32927166
 242480.76985147 243764.71584692 317080.77716737 224258.8609401
 237424.60479372 218410.08288838 131583.19111397 177615.49251937
 274385.04161949 244179.04826664 323076.70845791 219662.44559366
 207213.40933376 292199.51851276 219592.24944175 368822.07783166
 134048.34099831 277365.22602689 245165.58158269 261565.2811199
 217900.2832876  231407.06205836 133069.61953694 241953.63497903
 225565.97113819 201330.95587333 125301.86967922 306593.53482113
 161639.40316658 261565.06946673 176889.62769748 269424.17022529
 325534.97966408 301205.43132986]

The result for the 18th execution is
Time
4962.588351011276
Query Result
[229231.3464149 291039.9319045 232336.2112384 271793.5697669
 233252.7029271 282075.1964856 225900.90695   290379.5779162
 235689.0316744 283641.2117318 229290.1969185 280979.7867061
 234128.951951  289151.4051546 236794.4068266 284137.3163718
 227369.8348061 282683.0841657 233818.7238117 287479.3708049
 235126.4266756 286020.3238325 247999.4774847 290455.8989044
 233562.5908317 290951.8307871 231772.8975182 270184.9353079
 226891.3228437 287862.9700363 227034.0123126 271936.2261741
 233302.3442994 276246.3993008 230056.1675103 280153.7047556
 237676.4152759 278517.0094024 235463.1861664 275714.0258841
 240786.7247686 285501.2211212 234065.0491029 283465.6351371
 230894.1339505 273834.3742133 222882.5436653 285777.7018647
 232271.4493658 277397.746109 ]
Noised Result
[387939.38030655 407864.66961845 289266.75860396 177426.30250059
 317275.55525653 150155.81859875 315108.04389416 441715.20973479
 300730.06494098 363209.78298703 238090.20815272 181866.71690489
 216250.51125533 413438.52782192 204031.69548693 241362.79588986
 183658.948613   256123.82101834 182330.31825082 340253.48910572
 402925.01309946 438999.85080535 341534.48958313 253161.23026147
 251914.53218666 272598.40290946 163804.31230479 368568.00177542
 224963.03066332 315575.56947275 281121.51193435 357272.87121245
 276662.64389645 225482.03632726 266889.4211794  313347.86931608
 296863.43586847 380554.79087024 210754.98358243 215354.47723481
 234595.81779787 366276.08626714 130524.79810184 237167.29504604
 285473.73066931 338813.8924993  292536.75983262 171108.27818706
  74994.68374913 248967.14225828]

The result for the 19th execution is
Time
5502.325673818588
Query Result
[229231.3464149 291039.9319045 232336.2112384 271793.5697669
 233252.7029271 282075.1964856 225900.90695   290379.5779162
 235689.0316744 283641.2117318 229290.1969185 280979.7867061
 234128.951951  289151.4051546 236794.4068266 284137.3163718
 227369.8348061 282683.0841657 233818.7238117 287479.3708049
 235126.4266756 286020.3238325 247999.4774847 290455.8989044
 233562.5908317 290951.8307871 231772.8975182 270184.9353079
 226891.3228437 287862.9700363 227034.0123126 271936.2261741
 233302.3442994 276246.3993008 230056.1675103 280153.7047556
 237676.4152759 278517.0094024 235463.1861664 275714.0258841
 240786.7247686 285501.2211212 234065.0491029 283465.6351371
 230894.1339505 273834.3742133 222882.5436653 285777.7018647
 232271.4493658 277397.746109 ]
Noised Result
[195038.79710576 245571.69102318 176240.05473796 241064.1048533
 247603.923074   293624.96537909 208429.98229669 309343.73478312
 205200.01667175 251674.70005551 200473.12816126 305532.5896108
 237700.96252152 250525.54622903 251591.36540336 335406.4039202
 165214.77794153 286509.81937961 245974.3197191  253645.56927091
 306396.23400931 288357.20917168 222447.05449993 320647.7595991
 200650.98647545 347475.58589561 230221.28230166 259539.7318131
 224694.65913856 265747.03344547 247641.54906489 308331.60951722
 189740.21991078 227211.83709444 248807.91809735 296214.39730081
 277303.66851941 252350.5659737  204547.96320624 227742.77798638
 235225.47708978 326889.98449378 217622.33004917 237810.96397652
 269578.87514187 252402.0798333  285139.79833914 237092.43409361
 214091.47969755 243635.97678554]

