The result for the 0th execution is
Time
2.9637949466705322
Query Result
[757. 825. 771. 818. 783. 710. 828. 775. 812. 823. 762. 812. 813. 794.
 772. 769. 816. 712. 771. 794. 752. 814. 716. 762. 784. 756. 750. 726.
 706. 799. 741. 751. 728. 742. 812. 796. 757. 797. 755. 701. 775. 764.
 744. 784. 756. 771. 774. 734. 836. 759.]
Noised Result
[-2290047.52272803  4561262.76523363 -2955877.42048787  1334266.56967191
  1634523.65125102   963796.37850274  1097174.77944173 -1262751.63807048
   734148.37488556 -3218093.75060021   522759.04907543   488806.50422712
 -1148143.80884372 -1443968.11705687  -264753.46711091 -1471848.93380693
  1803245.67934549  -639086.93482195 -1781990.33184694 -3495279.83952433
  1403153.48122986 -1551848.33086452   511995.80569094 -2462938.12423767
  -110117.32027421  1511923.64384932  -731563.08193064  -404569.51868728
  1796623.2257277    780969.69143326  2325208.37118236 -2165207.37196632
   -74143.45702446  3764909.49779308   597436.07576653   226920.2562342
  -124220.06723035 -2525070.3395069   -385625.61871256   940406.27778077
 -3535698.19329069   461584.08807265 -4725370.63655406 -6822588.61918042
  -492577.46941314 -4160586.594542   -1850565.14229539    64642.98228931
  1855407.83903844  -264738.37386694]

The result for the 1th execution is
Time
5.013890743255615
Query Result
[757. 825. 771. 818. 783. 710. 828. 775. 812. 823. 762. 812. 813. 794.
 772. 769. 816. 712. 771. 794. 752. 814. 716. 762. 784. 756. 750. 726.
 706. 799. 741. 751. 728. 742. 812. 796. 757. 797. 755. 701. 775. 764.
 744. 784. 756. 771. 774. 734. 836. 759.]
Noised Result
[  352.04070101  -889.88841415   508.24449137  -830.87931106
  2546.49562155  -202.04670623  1671.66058412  1437.94458471
  1122.90827127  1273.08818021  -661.55704148   880.46161051
  1931.47854558   -30.43477476   -74.38912162   963.75480195
  -178.33472774  2275.21913897   115.75134152   539.05706419
  1134.07508489   431.96344705    62.71026258  1470.70630911
  1444.91829416   270.29437164   340.65201098    81.59907178
   940.10182097   709.59110283   777.74732668   820.70265724
  -413.00127221   157.24768103  1039.19074302  -689.01195214
  -117.99265041  -246.9714471   -127.63103025  1633.39253743
 -1214.97994653  2603.01931151  -108.68065541   712.7153891
  2601.31818591  1173.62981875  1488.14777902  -697.2628974
    47.1399874    722.50222927]

The result for the 2th execution is
Time
5.710907459259033
Query Result
[757. 825. 771. 818. 783. 710. 828. 775. 812. 823. 762. 812. 813. 794.
 772. 769. 816. 712. 771. 794. 752. 814. 716. 762. 784. 756. 750. 726.
 706. 799. 741. 751. 728. 742. 812. 796. 757. 797. 755. 701. 775. 764.
 744. 784. 756. 771. 774. 734. 836. 759.]
Noised Result
[  458.26045965   448.82401866  -186.8406895   1287.01027476
   905.96122884  -582.18717344  2027.67831424  1248.80342954
  1242.75426758  1312.84410362  1503.8733669    -29.50198368
  -879.84271999  1527.53218316  1384.47998426  1253.83168346
  1976.54406779   164.17232254  1858.66755661  1124.30198936
   489.908014     430.57753309   111.3630623   -450.99810497
   549.6549833   1215.76295903    89.05734019  2875.4575714
   -87.09706709  1361.46928887   262.96739318 -1819.54585103
   -88.36406862   877.78554236  2229.31422029   -41.64779626
   783.87201979   579.7249311    -42.84384044   178.36022188
   730.85768464  2044.63794235   664.44225462  1466.86384783
  2159.16772204  1038.63981119  1981.51564665  1521.84343507
  -141.41218942   610.51963504]

The result for the 3th execution is
Time
5.182161331176758
Query Result
[757. 825. 771. 818. 783. 710. 828. 775. 812. 823. 762. 812. 813. 794.
 772. 769. 816. 712. 771. 794. 752. 814. 716. 762. 784. 756. 750. 726.
 706. 799. 741. 751. 728. 742. 812. 796. 757. 797. 755. 701. 775. 764.
 744. 784. 756. 771. 774. 734. 836. 759.]
Noised Result
[2566.44327174 1970.40736134 1268.42100264  560.99965967  719.38573125
 1509.31673617  619.07932997 1062.12417858  142.14408311  445.8759421
   91.03357293 2255.61561421  423.87896927  444.96802755 -312.90693054
 -440.87173942 -759.26791328 3065.04736279  960.72173109 1784.63635762
  -34.75001218  577.13052332  723.45996179  929.88266245  484.44337371
  345.20144155  591.95028434 -730.14859925 -527.79828786  959.2926602
  528.36622071 1357.07471796   43.34590228 -174.4530906   561.31473327
 -330.82826415 2262.71184984  608.0422914  -349.05878214  191.15192005
 -659.84856167 1039.52902321  775.5736384  1194.26098327 1324.82866919
 -208.15884142 -364.95849126 1185.45744436  -99.87009447 -202.5607981 ]

The result for the 4th execution is
Time
2.8402137756347656
Query Result
[757. 825. 771. 818. 783. 710. 828. 775. 812. 823. 762. 812. 813. 794.
 772. 769. 816. 712. 771. 794. 752. 814. 716. 762. 784. 756. 750. 726.
 706. 799. 741. 751. 728. 742. 812. 796. 757. 797. 755. 701. 775. 764.
 744. 784. 756. 771. 774. 734. 836. 759.]
Noised Result
[ 2059.97539292   589.96556265  2411.51927786  1979.1154326
  4439.1506438   1045.56271251 -2007.28166158  2326.4705503
  2951.50398165  3017.24355874   705.52852403 -4507.34612969
  1158.32799004   590.81885043    39.46003395  2354.61807868
 -1827.86482142 -1295.70779975  3293.46387126  4603.44075032
   689.59136177  -919.19389374 -1126.79313622  3781.28854597
  1594.97304918    38.38881668  -927.45692742   524.96854809
 -1629.24262672 -1652.34430808  1321.6739437   2169.43054831
   682.30115714  2401.82619042  2961.50830612  -878.58794022
  5150.90930125   900.35243126 -1043.45890823 -4368.86945589
 -3259.42137476  -763.99024473  7245.40944669  -899.67728235
  2441.48346628  -833.95486485 -5433.88569827  7024.65191076
  3141.96388653  -780.5190912 ]

The result for the 5th execution is
Time
5.115171432495117
Query Result
[757. 825. 771. 818. 783. 710. 828. 775. 812. 823. 762. 812. 813. 794.
 772. 769. 816. 712. 771. 794. 752. 814. 716. 762. 784. 756. 750. 726.
 706. 799. 741. 751. 728. 742. 812. 796. 757. 797. 755. 701. 775. 764.
 744. 784. 756. 771. 774. 734. 836. 759.]
Noised Result
[  262.39528339   832.97015383   356.43433821   306.10612689
 -1303.8105533   1170.62424291  1617.21023076   794.1362435
  -598.19217979  2636.15081498   596.99197049  2620.35133587
  1375.3986433   1549.81604206  1248.7629985    896.37262789
  1771.76284955  -181.35938245   268.87047707  1924.24339645
   905.54100903  -214.76084061  -672.23412861  -315.70593797
  -381.02360009   958.45029561  1556.57135045  -258.55480732
  1157.45032     1767.15220728  2386.97466566  -143.3001887
  1005.71320557   310.73924459   704.19780025  2567.60868241
   687.95981179   527.69145446  1354.53889827  2287.28426485
   782.07545743  -196.6694426   1305.8348886   1902.42039638
  1430.09524628  1422.68722113  2334.77746454   105.71616548
  -285.23381114  1842.3450659 ]

The result for the 6th execution is
Time
5.640533924102783
Query Result
[757. 825. 771. 818. 783. 710. 828. 775. 812. 823. 762. 812. 813. 794.
 772. 769. 816. 712. 771. 794. 752. 814. 716. 762. 784. 756. 750. 726.
 706. 799. 741. 751. 728. 742. 812. 796. 757. 797. 755. 701. 775. 764.
 744. 784. 756. 771. 774. 734. 836. 759.]
Noised Result
[1998.16237432   12.30982498  -81.35856861  503.27562869 1783.2117269
  506.03498582 1581.46144645 -114.91552176 1217.85421352 -224.97419511
  475.40950804 1132.38267486 2481.97236161  630.24433336 -192.02790015
  655.97695238  308.538934    953.10941686  883.7686102   928.87763838
  469.50810432  575.3734431  1033.98342552   42.07153767  706.24048699
 -433.51330152  112.32971985 -266.43238535 -346.29851666 1001.28312289
   34.67172861 1106.07559615 -179.03469197  580.12893104 1274.37472026
 1713.56348601 -750.55949219  804.86000312  959.75219174 -694.30195363
 -861.58546782 1197.75873119  735.73964981  586.51787246  302.77810111
  277.27467909  169.84608334  693.28787072   -5.81035341 -701.03270706]

The result for the 7th execution is
Time
5.043249607086182
Query Result
[757. 825. 771. 818. 783. 710. 828. 775. 812. 823. 762. 812. 813. 794.
 772. 769. 816. 712. 771. 794. 752. 814. 716. 762. 784. 756. 750. 726.
 706. 799. 741. 751. 728. 742. 812. 796. 757. 797. 755. 701. 775. 764.
 744. 784. 756. 771. 774. 734. 836. 759.]
Noised Result
[1316.596808    245.05094303 1725.59218645  987.68907519 1673.76828197
  643.29780175 1975.55860426 -637.17560286 1449.51585796  577.79773019
 -439.40600051  759.84606338 -193.99401698 -227.71526881 2342.84145501
 1617.4786998  -324.84322224 -214.87066617  825.72918793 -166.35711907
 1243.94574956 1521.27470489 1385.44035115 -468.47739735 1444.94807142
 -266.76847161  642.18259671 1252.3064079  1053.82034561  -75.84462418
  -38.2800603   296.65428202 1974.33786404  138.78667373  297.10930503
  406.69990738   -6.85277909 1273.7362555  -489.9520328  1041.51893947
 1001.78958191 -445.01775484  492.77455273 1251.53178462 1043.71293357
 -495.06527677 -342.53143592 -168.81681258 1106.36354103 1348.77743339]

The result for the 8th execution is
Time
2.8161203861236572
Query Result
[757. 825. 771. 818. 783. 710. 828. 775. 812. 823. 762. 812. 813. 794.
 772. 769. 816. 712. 771. 794. 752. 814. 716. 762. 784. 756. 750. 726.
 706. 799. 741. 751. 728. 742. 812. 796. 757. 797. 755. 701. 775. 764.
 744. 784. 756. 771. 774. 734. 836. 759.]
Noised Result
[  507.17748407  1835.08680505  -764.72385077  1941.13959641
  -725.04245263  1018.02257622  1851.17550742  -338.3741435
  1689.01894802 -1310.15052707  2176.58579241    44.8560236
   143.77170929   346.71455322   823.92423135  1483.56412313
  3260.79905844   314.35368765   294.94429623  1037.75445881
   784.98977967  -432.45384293  2021.42730563  -127.30438679
  -494.87896738  1538.8331647   1093.15373173  -243.44088387
  1217.18307089  -163.58351727   526.76848134  1982.52331741
 -2280.74788285 -1927.7853076  -1052.1164816    421.8672594
  1408.71256073   401.56671477  1182.36450892 -1141.71136006
  1171.09425148  1502.963056     636.15290648   474.15858532
   909.30698395  1622.59319544  1752.743513    3207.46302786
   530.20397003  2546.74221773]

The result for the 9th execution is
Time
5.1499552726745605
Query Result
[757. 825. 771. 818. 783. 710. 828. 775. 812. 823. 762. 812. 813. 794.
 772. 769. 816. 712. 771. 794. 752. 814. 716. 762. 784. 756. 750. 726.
 706. 799. 741. 751. 728. 742. 812. 796. 757. 797. 755. 701. 775. 764.
 744. 784. 756. 771. 774. 734. 836. 759.]
Noised Result
[1846.67426576 -265.05427833  532.64703244 1344.90465724 1496.95344542
 1176.50294286 1388.97940946  138.62686765 -119.42875169 -439.51310961
  945.07021219 2118.211924    505.8406168  1870.20327007 1663.89681365
  332.31679414 -192.20169103  834.21552399  698.36303164 -491.62814185
 1454.16317133 -610.2294947   692.80503541 -179.62172542 1885.89674928
  637.19154832 1941.33548093  127.67191671  450.37070857 1431.60023659
  558.2918319  -401.30172628  178.62152153 1024.68620717 1689.78264289
  918.07395172  977.61644214  349.04366998 -700.66763121   34.18143484
 1548.09909039  195.55423604 2221.76910389  898.1811072   444.72017273
 1555.28824599 1773.01918245  716.57065834  163.228198    532.77616109]

The result for the 10th execution is
Time
2.801710605621338
Query Result
[757. 825. 771. 818. 783. 710. 828. 775. 812. 823. 762. 812. 813. 794.
 772. 769. 816. 712. 771. 794. 752. 814. 716. 762. 784. 756. 750. 726.
 706. 799. 741. 751. 728. 742. 812. 796. 757. 797. 755. 701. 775. 764.
 744. 784. 756. 771. 774. 734. 836. 759.]
Noised Result
[-1177.64416542  2478.50583269  1212.9682049   -353.4859578
  3416.91419209  2737.37724506   269.93046635  2979.2269164
 -1908.6473106   -374.08750298  2111.81856553  1612.61402777
   981.9842647    302.95359017   507.095988    -728.14685619
 -2906.38933062  -659.9745369  -2586.07861332  1793.5271932
  2965.48790873  3301.58404269  2026.7444569   -296.71423044
  2611.35769134  1691.07757768  1771.15083245   817.18611889
 -2622.42112333 -1461.79302871  3723.14967203  1865.73824159
 -5440.89824767  4529.48513531 -1151.4367483   1388.36001724
  3257.51479612  3324.86693908 -2431.12312763 -2420.50135429
   792.00150783 -1214.77213684    45.94347648  2299.26451135
  2705.9348812   1995.20389763 -1259.57171888  1458.03660002
  6959.74094508  2859.68393533]

The result for the 11th execution is
Time
5.159595251083374
Query Result
[757. 825. 771. 818. 783. 710. 828. 775. 812. 823. 762. 812. 813. 794.
 772. 769. 816. 712. 771. 794. 752. 814. 716. 762. 784. 756. 750. 726.
 706. 799. 741. 751. 728. 742. 812. 796. 757. 797. 755. 701. 775. 764.
 744. 784. 756. 771. 774. 734. 836. 759.]
Noised Result
[-1064.43822766   -90.57296186  1663.77605794   472.46908315
   312.57860897   -93.0278532     99.67686281   567.80448931
    83.07692489   216.60098884  1116.42726219   469.14402654
   186.89816431   374.82734192   313.49487228   -93.28630519
  -313.13876093   853.22561426   214.24222162  1677.22196071
   349.89436019  1544.47575057  1326.24572319  1988.02035577
   652.02200942   615.13746304   814.24961558  1287.27724853
  1453.57313962  1648.14428374  1300.38265341  2382.46151392
  -292.43659588   436.6711188   3171.70400662 -1158.38403777
  1251.71972198  1051.49554221  1341.58157411 -1547.37636816
   -44.79577448  1400.10237866  -110.45269664   181.60887974
   950.80079825   964.08651177  1424.79299771   -10.74246556
   124.51627969   522.5690687 ]

The result for the 12th execution is
Time
5.033941030502319
Query Result
[757. 825. 771. 818. 783. 710. 828. 775. 812. 823. 762. 812. 813. 794.
 772. 769. 816. 712. 771. 794. 752. 814. 716. 762. 784. 756. 750. 726.
 706. 799. 741. 751. 728. 742. 812. 796. 757. 797. 755. 701. 775. 764.
 744. 784. 756. 771. 774. 734. 836. 759.]
Noised Result
[  682.32605383  -760.14748776  -565.43793333  1461.57641335
  1187.95504385   936.47168643  -101.22603232   822.26036344
  1799.77959977   -17.87137507   592.99841179  1324.32530091
   922.49413514   199.25022831  1097.76493021  1789.97197636
    68.02982595   974.10773929   938.97030132  1175.73475471
   209.77830487  1610.76635752   766.76923493  1617.91359614
   590.04570038   354.49071445  1496.94118943  2758.59752023
   943.0962409   -627.04722661   -69.72112835  1098.18597473
    74.68300173  1124.18844231  1863.13630966   799.25224334
   202.00613497  -467.38518066   317.73021321  2557.74555639
   348.40162279  2414.27905421   517.841941   -1227.92685796
 -1076.27597573  1395.11481602   316.21981127  -239.52606851
  -682.77485302   200.5116935 ]

The result for the 13th execution is
Time
5.1867146492004395
Query Result
[757. 825. 771. 818. 783. 710. 828. 775. 812. 823. 762. 812. 813. 794.
 772. 769. 816. 712. 771. 794. 752. 814. 716. 762. 784. 756. 750. 726.
 706. 799. 741. 751. 728. 742. 812. 796. 757. 797. 755. 701. 775. 764.
 744. 784. 756. 771. 774. 734. 836. 759.]
Noised Result
[ -597.92134449  1315.69167709  2602.84853591  -104.67057381
  -861.80430897 -1183.35302284  -242.51135515  1844.1960789
  2096.04734896   914.1768294    -89.69469431   761.31822091
   841.57800551   372.94752152  1935.23338345   864.70364228
  1618.29648034    98.57993875   724.94566473    77.00260442
  1317.83671378  2084.96415466  1916.17868569 -1289.82638972
  -318.41244777   855.32068397  1272.73453851   102.98014905
    58.51778763  1063.54950525  -189.97524284   572.12408655
   429.57496129   432.85151514  2110.26182928   231.57894125
    68.33019036  1940.49214062   936.19998797  -649.07476816
  1104.6886887   1101.41822906  -186.56333459   849.43887102
  -523.41393666  -108.8337346   1215.08848916   216.78689314
   689.93983707 -1544.57247319]

The result for the 14th execution is
Time
5.583518743515015
Query Result
[757. 825. 771. 818. 783. 710. 828. 775. 812. 823. 762. 812. 813. 794.
 772. 769. 816. 712. 771. 794. 752. 814. 716. 762. 784. 756. 750. 726.
 706. 799. 741. 751. 728. 742. 812. 796. 757. 797. 755. 701. 775. 764.
 744. 784. 756. 771. 774. 734. 836. 759.]
Noised Result
[   88.05505919   992.76193495   547.23371551  1730.04906585
   584.45016337  1067.73299234  -426.76503272  2041.74870416
   -82.83309142   785.09681779     7.89324828  2197.82314925
   926.06675028  1711.99311357  -897.79466598  1155.73472345
  -356.55638315  -314.4728486     59.17478868   253.04887882
  -537.78456838   977.36950395  -636.11150996  1453.37194291
   -83.08551259  2174.07978384   898.06445518  1164.12637691
   108.7989925   3676.99208837   114.78589669    82.85792469
   888.76013977   820.10095308   173.41546943   914.72151269
  1195.82308052  1185.75754586    40.53354966  -892.40696064
  2519.27013383 -1297.51748382   818.34008742   285.02952895
   867.41530865  1523.73111805  -520.75972392  1657.69032133
  -550.37342103  -765.77140642]

The result for the 15th execution is
Time
5.596161603927612
Query Result
[757. 825. 771. 818. 783. 710. 828. 775. 812. 823. 762. 812. 813. 794.
 772. 769. 816. 712. 771. 794. 752. 814. 716. 762. 784. 756. 750. 726.
 706. 799. 741. 751. 728. 742. 812. 796. 757. 797. 755. 701. 775. 764.
 744. 784. 756. 771. 774. 734. 836. 759.]
Noised Result
[  591.15027952   -38.88887056   826.45258325  -722.15557101
  1333.76770138   382.91836282  1264.30072245  -567.891407
  1556.50760718   416.23019333   962.9342893   1494.45302705
   658.98563641   990.71058789   -65.56366808  1441.72234969
   383.31792942  1401.72826528  1115.19735435   532.75086948
 -1426.27793589   245.80379935   651.4916348    951.59371576
  1757.8396963   -502.06239918  -294.32464141   -60.48756843
    12.55754235  -315.90912925  2123.10821709   285.18693825
  1211.7722466   -604.00306676  -714.24061767 -1179.70749009
  2056.40527034  -301.85317855  1031.52233697  1148.24766225
  1017.178771    1787.54660395  1189.89640933  1206.93108607
  1288.55052581   -64.00077087  1793.94970006  1779.90961307
  1209.70711287   887.0150804 ]

The result for the 16th execution is
Time
5.249819040298462
Query Result
[757. 825. 771. 818. 783. 710. 828. 775. 812. 823. 762. 812. 813. 794.
 772. 769. 816. 712. 771. 794. 752. 814. 716. 762. 784. 756. 750. 726.
 706. 799. 741. 751. 728. 742. 812. 796. 757. 797. 755. 701. 775. 764.
 744. 784. 756. 771. 774. 734. 836. 759.]
Noised Result
[  765.18324987   150.48299162  1502.92563267   957.27316656
    21.9352516    735.8570136   -243.50181654  1618.7216558
   163.3047649   1281.4565085  -1056.23635026  2633.12530406
   -22.52731783  1258.08850229  2098.19489836  -391.27414598
  1560.47527284  -219.39292361  1437.7321245    630.49901099
  1085.8503899    380.45927944  1873.29804235  -155.53204136
  2209.14111911  2134.2339465     36.43656196   706.51867264
  1124.29434121  3451.80809113   641.5468931   1561.34059875
  -856.64204073  2790.13541647   633.64022503  1116.80769694
  2417.71582353  -220.44385344   917.87190222  -869.37271552
  1559.30430054   481.93740713  2204.91873289  1487.36077601
  1898.2800653    139.37304318  1378.29499608   897.51784393
 -1302.87402694  -397.66913935]

The result for the 17th execution is
Time
5.088045597076416
Query Result
[757. 825. 771. 818. 783. 710. 828. 775. 812. 823. 762. 812. 813. 794.
 772. 769. 816. 712. 771. 794. 752. 814. 716. 762. 784. 756. 750. 726.
 706. 799. 741. 751. 728. 742. 812. 796. 757. 797. 755. 701. 775. 764.
 744. 784. 756. 771. 774. 734. 836. 759.]
Noised Result
[1597.02891902 1021.65014694 -732.52457    1373.99180312  245.06266351
 -430.20871108 1228.14453287 1036.70953072 1651.28458889   62.82302605
  920.7905858    81.19784888 -401.21396531 2551.20722748 1865.28441734
  -12.45779544 -610.98918364 1550.11780281  457.86790579 1120.32582004
  489.62734877 1943.08566731  130.68720567 1537.80650426 1094.99270159
  234.37782487 1982.41832457  328.45768735  -65.43852378 2080.95527427
  699.75707781 1221.09774416 -450.24271676 -215.1652463  1886.9831371
  880.4139616  1337.28917091  434.42399143  533.83107956 1075.8665805
 -757.4525327  2344.99921908  595.17860172 1176.5544632  2155.31666977
 1402.15468163 1652.81316392 -248.76457117 1235.08091593 1099.4402601 ]

The result for the 18th execution is
Time
5.215690612792969
Query Result
[757. 825. 771. 818. 783. 710. 828. 775. 812. 823. 762. 812. 813. 794.
 772. 769. 816. 712. 771. 794. 752. 814. 716. 762. 784. 756. 750. 726.
 706. 799. 741. 751. 728. 742. 812. 796. 757. 797. 755. 701. 775. 764.
 744. 784. 756. 771. 774. 734. 836. 759.]
Noised Result
[1623.40439567 3290.49215263 1148.20632433 1567.04741665  817.30440076
 1284.48227479  -47.5663871   982.40060946  179.43737635 2428.93508147
 1405.78022768 -938.30185791  121.94709806 1519.34946247 1438.00473427
  511.99411139   32.28255134    9.87205659  833.55760583  621.47388217
 1380.76077722  595.95004555   31.15562503  618.68167733  458.86321808
 -844.638281   1010.89062047 -336.48702144 1767.31591788 1247.34818502
 -495.56286395  962.05920752    5.62669646 -307.92480499 1409.36665827
  107.74206086 2029.19236146 1228.39740156 1470.43354859  420.61740125
 1263.13843621  275.49638416 2047.18667703  412.0717268  1987.19791423
  914.46494725  688.79068387 1887.99916257 -634.46856961   52.07907485]

The result for the 19th execution is
Time
2.805738925933838
Query Result
[757. 825. 771. 818. 783. 710. 828. 775. 812. 823. 762. 812. 813. 794.
 772. 769. 816. 712. 771. 794. 752. 814. 716. 762. 784. 756. 750. 726.
 706. 799. 741. 751. 728. 742. 812. 796. 757. 797. 755. 701. 775. 764.
 744. 784. 756. 771. 774. 734. 836. 759.]
Noised Result
[-3.24858299e+02  6.59307158e+02  2.49077757e+03  2.32383567e+02
  5.25087421e+02  8.31527483e+02 -8.66311674e+02  9.66712358e+02
 -1.64946183e+02  3.43126470e+02 -4.80328233e+02  3.45752246e+02
 -2.91277727e+02 -1.94588000e+00  2.00218785e+03 -1.02287755e+02
 -2.71630193e+02  1.43856107e+03  1.33586043e+03 -4.75564266e+02
  1.77325151e+03  2.79473916e+03  9.45417081e+02  1.51566539e+02
 -1.89728386e+03  9.63452210e+02  4.01617041e+01  2.24034360e+03
  1.00231133e+03  6.17304356e+02  1.38240162e+03  2.21114624e+03
 -1.12345089e+03  1.19555672e+03  8.82252977e+01  5.70572496e+02
  2.00177833e+03  1.00248413e+03 -3.58499985e+02 -3.33326547e+01
  1.13963255e+03  1.58672448e+03  9.00376482e+02 -3.20641116e+02
 -8.03048367e+02 -3.22588142e+02  1.95762688e+03 -1.13301625e+03
 -3.07947144e+02  1.07276026e+03]

