The result for the 0th execution is
Time
10.576592683792114
Query Result
[1602. 1517. 1557. 1626. 1444. 1538. 1593. 1525. 1692. 1621. 1475. 1501.
 1548. 1545. 1582. 1646. 1501. 1527. 1535. 1535. 1549. 1628. 1479. 1526.
 1493. 1545. 1552. 1578. 1478. 1443. 1578. 1573. 1518. 1389. 1601. 1587.
 1582. 1498. 1605. 1616. 1599. 1468. 1578. 1455. 1541. 1557. 1623. 1626.
 1426. 1545.]
Noised Result
[2575.59785667 1275.80339271  894.75194422 1083.14831974 1928.64244362
  866.73712291 1370.21239472  566.25380488 1098.2368637  2845.47119777
 1932.44801579 2307.54007345 1552.19209691  496.852932   1031.27590594
  856.64003661 1135.80098973 3127.46420246 4150.5215229  1683.0816072
 1622.09115176 2172.9989404  1320.10328364 2492.6403847   642.50389319
 2122.68794715  281.10671247 1299.80214238 1984.42692536 1996.83184256
 2556.8453508  1430.2774967  1258.89943676  303.83486129 1385.70884059
 1212.51941169 2152.74540561 1339.05923582  998.93745636 2082.47516283
 2354.17717636 2952.57652165 1860.44998612  807.81370725 1478.60209398
 3375.98651694 1101.29478984 2848.85138579  327.79787699  356.18152598]

The result for the 1th execution is
Time
0.781792402267456
Query Result
[1602. 1517. 1557. 1626. 1444. 1538. 1593. 1525. 1692. 1621. 1475. 1501.
 1548. 1545. 1582. 1646. 1501. 1527. 1535. 1535. 1549. 1628. 1479. 1526.
 1493. 1545. 1552. 1578. 1478. 1443. 1578. 1573. 1518. 1389. 1601. 1587.
 1582. 1498. 1605. 1616. 1599. 1468. 1578. 1455. 1541. 1557. 1623. 1626.
 1426. 1545.]
Noised Result
[-4.37486879e+12 -1.69214325e+12  3.84632499e+12 -2.94882778e+12
 -7.38520785e+11 -1.52494052e+12  8.09763556e+10 -2.91719134e+12
  1.97790700e+12  1.73939565e+12 -9.60417825e+11  2.67742918e+12
  4.24271261e+12 -1.68748742e+11  3.65538836e+11  2.35482318e+12
 -3.89177374e+12  6.86204966e+11  1.99552136e+12 -1.59540652e+12
  1.12902489e+12  5.46078685e+11  4.33430187e+11 -1.49816420e+12
 -4.37477365e+12  1.63531586e+12 -3.48412094e+11 -2.80720492e+12
 -4.78099586e+12 -1.05556727e+12 -1.27523503e+12 -5.20016975e+11
  1.38190819e+12 -2.21473074e+12 -4.13793782e+12 -1.49490085e+12
  1.83700939e+11 -3.48958057e+11  7.23909826e+11  2.23521324e+12
  1.46571713e+12 -1.89394958e+12  3.37125421e+12  1.51064048e+12
 -2.52142709e+12  1.26016332e+12  1.71877133e+12 -5.19726976e+12
  1.18910211e+12 -2.08930092e+12]

The result for the 2th execution is
Time
10.495193481445312
Query Result
[1602. 1517. 1557. 1626. 1444. 1538. 1593. 1525. 1692. 1621. 1475. 1501.
 1548. 1545. 1582. 1646. 1501. 1527. 1535. 1535. 1549. 1628. 1479. 1526.
 1493. 1545. 1552. 1578. 1478. 1443. 1578. 1573. 1518. 1389. 1601. 1587.
 1582. 1498. 1605. 1616. 1599. 1468. 1578. 1455. 1541. 1557. 1623. 1626.
 1426. 1545.]
Noised Result
[ -97.24907456 -364.0188153  1654.61252628 2289.21214512 3934.01544373
  738.44125275 3200.51852537 1460.36295918 1139.98618927 -673.76895065
 1232.32237124 -257.11186423 1085.8397076   366.31648151 1346.36250662
 4653.26960943 2989.87797486 2709.97195395 1279.60570739 2174.3127559
 2882.40670061  184.01644269 2074.76165976  -75.49636536 1274.73502574
 1958.10045496 2510.67894064 1853.53317086 2743.15765155 1983.9147143
 2040.18237597 1821.7958286    14.57943112 1010.26826607 1867.31649642
  581.34778737 1730.99713969 1210.94251906 1879.19677415 1602.77939471
 3252.20072733 1983.97885769  341.33342079 2511.96100742 1268.71670147
  509.65778032 1941.99664232   21.03731749  608.44227046 1173.17099736]

The result for the 3th execution is
Time
11.678555727005005
Query Result
[1602. 1517. 1557. 1626. 1444. 1538. 1593. 1525. 1692. 1621. 1475. 1501.
 1548. 1545. 1582. 1646. 1501. 1527. 1535. 1535. 1549. 1628. 1479. 1526.
 1493. 1545. 1552. 1578. 1478. 1443. 1578. 1573. 1518. 1389. 1601. 1587.
 1582. 1498. 1605. 1616. 1599. 1468. 1578. 1455. 1541. 1557. 1623. 1626.
 1426. 1545.]
Noised Result
[1643.01733608 1578.81780309  938.03439039 1451.86077795  342.87388878
 1247.24112777 2326.14166135 1636.43153272 3650.7786864  1802.03386514
  410.59636004 1543.95511558 1737.90087989 2215.50209859 2848.59558128
 4272.65466739 -844.22627172  591.06677169 2342.37572586 2036.6820502
 2116.93839106 1896.42945204 1496.78695396  364.55625835 2626.69831909
 1364.42833594 1256.02855271  893.39688176 1037.83058722  651.07506437
 1291.70826102 1086.09721428 1736.74558955 1750.4918348  -216.08598829
 2989.04780129 2698.75039023 1182.82268875  919.35636233 2247.15589843
 1492.53035671 2287.07452095 1651.4330737  2087.44970633  737.95828213
 3678.73368304 3013.05693317 2125.66878126  809.658147   1635.98625474]

The result for the 4th execution is
Time
10.401946544647217
Query Result
[1602. 1517. 1557. 1626. 1444. 1538. 1593. 1525. 1692. 1621. 1475. 1501.
 1548. 1545. 1582. 1646. 1501. 1527. 1535. 1535. 1549. 1628. 1479. 1526.
 1493. 1545. 1552. 1578. 1478. 1443. 1578. 1573. 1518. 1389. 1601. 1587.
 1582. 1498. 1605. 1616. 1599. 1468. 1578. 1455. 1541. 1557. 1623. 1626.
 1426. 1545.]
Noised Result
[1443.25930734 2045.69816297 2444.60428939 1623.72253377  731.95843563
 2248.42833186 2113.86972156  708.7347756  2900.64941869 1641.93603175
 3328.72067477  902.36860756 1684.5627828  2562.85825758 1200.54118088
 -916.64101301 1251.45091216 2528.82043668  550.87939412 2492.73011913
 2234.76656808 2464.65874109 1850.56797031  126.30439604  728.30613998
 1995.07370465 1720.8414331  3584.82198446 2592.66042373 2907.21466897
 1577.84083118 1267.27988465 2085.83831253 1073.10808494 2612.26860708
 1053.38205091  297.12445997  442.63140343 1478.37950662 3641.94047144
  678.44831288 1642.06057255  388.88519062  510.51111695 1081.04307878
 2022.36602648 1934.75959418 2892.89256044 1229.7759931  2269.69487693]

The result for the 5th execution is
Time
11.27582859992981
Query Result
[1602. 1517. 1557. 1626. 1444. 1538. 1593. 1525. 1692. 1621. 1475. 1501.
 1548. 1545. 1582. 1646. 1501. 1527. 1535. 1535. 1549. 1628. 1479. 1526.
 1493. 1545. 1552. 1578. 1478. 1443. 1578. 1573. 1518. 1389. 1601. 1587.
 1582. 1498. 1605. 1616. 1599. 1468. 1578. 1455. 1541. 1557. 1623. 1626.
 1426. 1545.]
Noised Result
[ 5.69776644e+02  1.64967773e+03  1.18797417e+03  1.37805913e+03
 -1.38568873e+03  2.09904452e+03  2.27079064e+03  2.66966941e+03
  2.39000184e+03  1.03739187e+03  2.67389623e+03  8.58248832e+02
  1.85503854e+03  1.33386907e+03  1.26557047e+03  1.88101749e+03
  2.14788042e+02  9.71366278e+02  2.16561851e+03 -7.86081994e+02
  2.14975009e+03  1.30434785e+03  3.44360990e+03  3.00083084e+03
  1.99928410e+03  1.32103276e+03  6.62375698e+02  4.40084713e-01
  7.17421232e+02  9.47483092e+02  2.59216990e+03  7.48440291e+02
  1.15518627e+03 -1.00813205e+03  6.79106197e+02  1.06391128e+03
  1.31125347e+03  1.55964226e+03  2.01694408e+03  2.42531396e+03
  3.20834599e+03  2.87808177e+03  2.07583462e+03  3.81143921e+03
  1.88851996e+03  1.18988787e+03  1.17103517e+03  1.84149457e+03
  4.19162646e+02  3.86903793e+03]

The result for the 6th execution is
Time
11.849400997161865
Query Result
[1602. 1517. 1557. 1626. 1444. 1538. 1593. 1525. 1692. 1621. 1475. 1501.
 1548. 1545. 1582. 1646. 1501. 1527. 1535. 1535. 1549. 1628. 1479. 1526.
 1493. 1545. 1552. 1578. 1478. 1443. 1578. 1573. 1518. 1389. 1601. 1587.
 1582. 1498. 1605. 1616. 1599. 1468. 1578. 1455. 1541. 1557. 1623. 1626.
 1426. 1545.]
Noised Result
[1643.86457332 -776.3569409  2024.54805024  613.57122668 2173.0250467
  683.44492414   49.21794256 2238.42065336 2860.68299446 1652.49107386
  858.48299214 1453.14213206 1684.05507711 1891.48042689 1172.56718989
 -317.29563142 -270.79520822 1414.34779433 1085.76222461 1931.47884547
 2140.01371811 -302.85655933  182.41893275 3250.18201957  299.58355962
 2683.94162539 -701.54991078  647.68320862  865.27398041 1588.00791695
 1072.40805936 2277.75153715 2099.6950845   209.04072296 -576.62747403
 2191.76464396 1531.12305202 1484.01995803 1543.35580364 1829.89013497
 1045.7619344   797.43332188 -116.58391474 2648.13146265  540.97060426
 2036.58834765  448.83871916 1478.55465334 -322.70324779  728.57271551]

The result for the 7th execution is
Time
6.263708829879761
Query Result
[1602. 1517. 1557. 1626. 1444. 1538. 1593. 1525. 1692. 1621. 1475. 1501.
 1548. 1545. 1582. 1646. 1501. 1527. 1535. 1535. 1549. 1628. 1479. 1526.
 1493. 1545. 1552. 1578. 1478. 1443. 1578. 1573. 1518. 1389. 1601. 1587.
 1582. 1498. 1605. 1616. 1599. 1468. 1578. 1455. 1541. 1557. 1623. 1626.
 1426. 1545.]
Noised Result
[1265.36382732 3230.20644829 1562.46017743 1191.14410311 2285.82470643
 2889.97536322 -976.9609042  4122.62697493 2687.37978313 2819.07970748
 1197.90406128 3154.61369927  477.24866687 1102.47887518 1599.68024428
 1533.18757391 2917.04876901 1389.94121253 1169.79305613 3208.3753494
 1517.10998592 2988.84285324 2099.98198532 -294.28245076 2042.48724597
 2144.59287949  664.73415255 3327.57797302 3061.43069147 1199.6794232
 1791.17300016  952.18156813 -427.70243365  879.64746107 1202.0381983
 2964.69468527 1240.01379397  626.72226371 1916.17654388 2305.40501641
 1770.80819164 1660.40336181 2044.347568    373.68977324 2912.37038584
  820.10235486 2169.93806184 2381.82374291  212.25974517  982.30283618]

The result for the 8th execution is
Time
10.682686567306519
Query Result
[1602. 1517. 1557. 1626. 1444. 1538. 1593. 1525. 1692. 1621. 1475. 1501.
 1548. 1545. 1582. 1646. 1501. 1527. 1535. 1535. 1549. 1628. 1479. 1526.
 1493. 1545. 1552. 1578. 1478. 1443. 1578. 1573. 1518. 1389. 1601. 1587.
 1582. 1498. 1605. 1616. 1599. 1468. 1578. 1455. 1541. 1557. 1623. 1626.
 1426. 1545.]
Noised Result
[1462.97762598  159.41809645 4428.8828834   777.70557007  129.60370174
 2216.824292   1650.29286086 3311.5567685  2807.2714359   436.79581772
 2466.76369188 1531.48553427 1929.03166416 2304.52039691 3398.83749672
 1132.10967198 2065.92063639 3654.57269987  486.68973132 -408.93416933
 1750.79650921  677.11603335 -503.80807491 1642.84434316  977.41641271
  956.30624386  902.1824214   762.38139978 3079.76923165 1508.90338332
 1127.97022722  770.64446933 -186.62367706  830.46465401 1753.28244269
 1898.70454331 1523.58395663 1367.84705973 4132.1273681    55.82521949
 3416.88138957  458.5447952   761.91977621 1253.55502201  137.70126085
 -883.50434621 2668.95995937  392.74975693 2763.1623069  -317.47978887]

The result for the 9th execution is
Time
11.415555238723755
Query Result
[1602. 1517. 1557. 1626. 1444. 1538. 1593. 1525. 1692. 1621. 1475. 1501.
 1548. 1545. 1582. 1646. 1501. 1527. 1535. 1535. 1549. 1628. 1479. 1526.
 1493. 1545. 1552. 1578. 1478. 1443. 1578. 1573. 1518. 1389. 1601. 1587.
 1582. 1498. 1605. 1616. 1599. 1468. 1578. 1455. 1541. 1557. 1623. 1626.
 1426. 1545.]
Noised Result
[2217.49200431 1584.27106192  516.5321008  4754.77156438 2614.87454678
 1114.77639287 1775.72393988 1489.9834278  2313.47060649 1067.10166525
 4338.99585268 2486.32356408 2303.38638562 2510.47085916  102.9056806
 1826.15475896 1895.94961623  287.21407139   -9.38784591 1280.80156644
 1356.04872053 3058.55880162 1968.48302864  754.84463334 1458.42035595
 1526.96049686 3015.3537065   573.88259834 1876.58994539 1073.19544177
 3186.69446147 1581.34897607 1421.62638191 2480.61236869 3341.59077051
 2530.36097779 2867.27358096 2679.0534117  1012.11143187 3457.07062338
 2650.31384869 1539.15808176 1208.11211564 4089.26155394 2319.56341767
 3980.10127328 1341.86141206  464.97525305 3561.25198639  543.75047202]

The result for the 10th execution is
Time
11.471899271011353
Query Result
[1602. 1517. 1557. 1626. 1444. 1538. 1593. 1525. 1692. 1621. 1475. 1501.
 1548. 1545. 1582. 1646. 1501. 1527. 1535. 1535. 1549. 1628. 1479. 1526.
 1493. 1545. 1552. 1578. 1478. 1443. 1578. 1573. 1518. 1389. 1601. 1587.
 1582. 1498. 1605. 1616. 1599. 1468. 1578. 1455. 1541. 1557. 1623. 1626.
 1426. 1545.]
Noised Result
[3047.10639967  340.47588325 -120.21693833 -445.23444305 1242.09852974
  743.10038888 3702.5667929  2800.04865606 1446.4883865   803.39680363
 1460.22725969 1204.69327996  900.60285026 1460.00959969 1082.15652535
 1453.79181448 2285.91858599 2645.24464395 1717.27243156 2035.45195393
 3945.89723101 1600.99059429 2698.73619104 2789.54695265 2539.35299963
  949.62839421 1402.06717548 2046.85504986  246.06702574 2291.86826197
  830.06528    2597.06562925 3227.65108818  493.93251601  602.2738796
  696.13965654 1128.52365014 2114.68567776 2857.82889908 -423.85003808
 1696.8429164  3158.22771035   98.38764656 2167.25351693 2318.31635867
  313.14725296  686.43841043 1319.048577    557.92862119  448.27837535]

The result for the 11th execution is
Time
10.66869568824768
Query Result
[1602. 1517. 1557. 1626. 1444. 1538. 1593. 1525. 1692. 1621. 1475. 1501.
 1548. 1545. 1582. 1646. 1501. 1527. 1535. 1535. 1549. 1628. 1479. 1526.
 1493. 1545. 1552. 1578. 1478. 1443. 1578. 1573. 1518. 1389. 1601. 1587.
 1582. 1498. 1605. 1616. 1599. 1468. 1578. 1455. 1541. 1557. 1623. 1626.
 1426. 1545.]
Noised Result
[3586.40562965  818.22231108 -338.7584002   326.81045432 2458.38527774
  963.64761597  882.41615268 1143.6562781  4826.77057754  983.88536883
 2060.5258301   923.179151   2750.85163179 1725.56615173  743.23607086
 2313.61576431 2101.74295109  854.69903988 1063.1929554  -338.88664013
 1047.8651774  2535.45967257  949.77187625 2090.26642228 1625.08788365
 2905.64861064  813.92101794 1062.48214507  343.25837391 1667.43742195
  631.86634277 1383.84002218 3369.39074183 1618.35551161 1219.56296718
 -587.54806288 1701.08663617 1633.2512981  2579.45332907 2293.7914227
 2375.60837367 1606.68106272  896.55402631 3338.87867144 2681.05160972
 2972.75867384 2184.93561946  944.88690479 -479.90906881 3461.27265486]

The result for the 12th execution is
Time
11.760740280151367
Query Result
[1602. 1517. 1557. 1626. 1444. 1538. 1593. 1525. 1692. 1621. 1475. 1501.
 1548. 1545. 1582. 1646. 1501. 1527. 1535. 1535. 1549. 1628. 1479. 1526.
 1493. 1545. 1552. 1578. 1478. 1443. 1578. 1573. 1518. 1389. 1601. 1587.
 1582. 1498. 1605. 1616. 1599. 1468. 1578. 1455. 1541. 1557. 1623. 1626.
 1426. 1545.]
Noised Result
[-1342.36028411  2546.39040567  1718.76923275  -341.74928186
  2011.11169504   583.76285652  3127.54144324  2185.70167562
   925.7590082   3401.37131305  1292.00983861  2425.44446524
   692.18456766   977.80318559  2755.7776797    732.4436406
  2482.72252372  2364.3309994    164.28315546  1615.0265993
 -1734.02144245  -484.61297493  2032.77586843  -175.1576524
  1298.04055613   998.70507672  2554.10997611  1776.78515262
   795.90514246  1916.84138948  1742.43794966  1990.86086555
    39.014457    2806.38353024  1743.76334332   686.37384874
  1590.75642254  1709.97209698  1280.02346401  2264.64839188
  2417.12404639  1499.67939586  1182.2077394   1103.09614091
  3074.0508255   1001.70326615  2340.58808736   537.05071896
  2566.42128518  2446.15868074]

The result for the 13th execution is
Time
11.590546131134033
Query Result
[1602. 1517. 1557. 1626. 1444. 1538. 1593. 1525. 1692. 1621. 1475. 1501.
 1548. 1545. 1582. 1646. 1501. 1527. 1535. 1535. 1549. 1628. 1479. 1526.
 1493. 1545. 1552. 1578. 1478. 1443. 1578. 1573. 1518. 1389. 1601. 1587.
 1582. 1498. 1605. 1616. 1599. 1468. 1578. 1455. 1541. 1557. 1623. 1626.
 1426. 1545.]
Noised Result
[  769.26490961  2838.79901526  2990.96481317  2307.455226
  3827.5567028   2211.5091704   3951.50752367   104.72894492
  1847.3127897   1977.33562269  1503.14714603 -1406.71784004
  1053.01638054  1592.47020184  1283.66584612  1841.95455071
  2363.98496683  -254.55547893  1591.05089199  1792.79261414
  1988.95200673  3056.37835106   474.05478618  2261.42513074
  1246.66342121   409.38164492  4497.8913727    827.8036634
  2289.28385192 -1232.90344257  3800.59603902   901.39928973
 -1942.13668892   720.3377404   2331.05918201  1863.49277001
  1402.7716559   1709.39629921  3326.6842016  -1003.27550386
  -399.65539254  1397.90250622  2635.58233182   495.47853768
   567.80487345   359.24996564   986.84660273  2478.51327191
   386.02798474  1645.04801589]

The result for the 14th execution is
Time
10.79881501197815
Query Result
[1602. 1517. 1557. 1626. 1444. 1538. 1593. 1525. 1692. 1621. 1475. 1501.
 1548. 1545. 1582. 1646. 1501. 1527. 1535. 1535. 1549. 1628. 1479. 1526.
 1493. 1545. 1552. 1578. 1478. 1443. 1578. 1573. 1518. 1389. 1601. 1587.
 1582. 1498. 1605. 1616. 1599. 1468. 1578. 1455. 1541. 1557. 1623. 1626.
 1426. 1545.]
Noised Result
[1920.99483412 1618.90133329 1717.49290431 2011.02797312  886.26828728
  618.13620034 1546.52152449 1498.82158639 1594.74505736 1380.04163562
  975.00022925 2500.44601107 2173.96782163 1251.32124964 2118.28308197
 2053.64134802 1881.04822382 -620.94748644 1910.54291384 1590.88308591
 1551.63622444 1406.34106316  544.3333659  1840.72394921 1571.42062507
  530.32055874 1739.12374536  589.42452745 1080.85833609 1280.61778335
 1030.05756008 1248.28741926  252.27225225 1999.34402334  988.02291723
 1233.30897281 1758.08676009  644.71978233 2502.84683186 1469.46698966
 3244.95816553 2277.12447043  117.82274172 1311.31980849 2101.18743932
 1850.81896014 2743.81451017 2551.24581212 1522.48589065 1432.39042805]

The result for the 15th execution is
Time
5.516655683517456
Query Result
[1602. 1517. 1557. 1626. 1444. 1538. 1593. 1525. 1692. 1621. 1475. 1501.
 1548. 1545. 1582. 1646. 1501. 1527. 1535. 1535. 1549. 1628. 1479. 1526.
 1493. 1545. 1552. 1578. 1478. 1443. 1578. 1573. 1518. 1389. 1601. 1587.
 1582. 1498. 1605. 1616. 1599. 1468. 1578. 1455. 1541. 1557. 1623. 1626.
 1426. 1545.]
Noised Result
[  5270.38143719  -8285.95949528  28871.59588939  27709.67211258
   2412.72755239 -67751.25383228  30544.45850558  12631.31095336
 -18929.20253771   7595.03083584  33596.58263079 -22615.03110056
 -21455.73686965    702.30173403  -4730.30829051  47798.355489
   6343.94648355 -73791.33129546 -54375.23158945 -58536.25824825
  20349.04239923  21909.98828173 -15375.70521917  -2090.9790424
  25041.18301691 -18492.36727144  27158.81551736  40566.43910048
 -13615.78996178  33286.52201354   9433.75219153 -86958.79202958
 -13415.90231123 -22146.68794974  43015.27663383  32340.3852888
   3098.79238261 -17683.0686372  -29245.74704151   9266.94426575
  33056.79273682  30622.94514924  24146.89885717  49099.82136494
 -25608.51674387 -11882.72803641  49562.9104441   32677.0425523
   2795.77458225   9179.24753948]

The result for the 16th execution is
Time
6.0149986743927
Query Result
[1602. 1517. 1557. 1626. 1444. 1538. 1593. 1525. 1692. 1621. 1475. 1501.
 1548. 1545. 1582. 1646. 1501. 1527. 1535. 1535. 1549. 1628. 1479. 1526.
 1493. 1545. 1552. 1578. 1478. 1443. 1578. 1573. 1518. 1389. 1601. 1587.
 1582. 1498. 1605. 1616. 1599. 1468. 1578. 1455. 1541. 1557. 1623. 1626.
 1426. 1545.]
Noised Result
[-4069.80582422 -4473.49464342   508.83481345  6724.81042402
  7376.39397963  2955.40291687 14637.73554219   901.81853709
  2137.76923344  4960.37412999   609.94145131  2798.59217454
  6710.52855963 11253.86612482 -3064.70459742  4597.26900577
 -7889.69271199  -281.99915737  8635.70372338  -646.54514546
  2007.05341387  5623.17315549  1229.53619539  8838.36521696
  7641.72003308 -2197.17216081  1654.67030999  6280.81066613
  5071.22385725 -4894.07233955  -653.43384578 -6928.59599156
 -3395.31551799  7499.0623897   -720.87340646   382.07660543
 -1541.39919986  4646.50116792  6203.75169132 -6203.39829794
 -1168.1091805    390.31496867  6648.24921509  5794.79088894
  9223.83967277  6551.8428557  -1334.80328839 -1185.69084141
  1369.34133248  2607.88013527]

The result for the 17th execution is
Time
0.7308356761932373
Query Result
[1602. 1517. 1557. 1626. 1444. 1538. 1593. 1525. 1692. 1621. 1475. 1501.
 1548. 1545. 1582. 1646. 1501. 1527. 1535. 1535. 1549. 1628. 1479. 1526.
 1493. 1545. 1552. 1578. 1478. 1443. 1578. 1573. 1518. 1389. 1601. 1587.
 1582. 1498. 1605. 1616. 1599. 1468. 1578. 1455. 1541. 1557. 1623. 1626.
 1426. 1545.]
Noised Result
[-1.15496884e+05  7.36423157e+04 -2.33856048e+04 -8.09685881e+04
  1.20253700e+05  1.94956296e+05 -1.36396809e+04 -1.25648013e+05
 -8.99595112e+04  8.12047953e+04  1.40294255e+05 -9.57142999e+04
  5.05210805e+04 -3.51793134e+04  1.28365078e+05  3.90595460e+04
  2.33638986e+05 -2.13300085e+05 -1.97408500e+05 -9.54730112e+04
  1.22164883e+05  2.80834423e+04 -9.00686692e+04 -8.85116178e+04
  9.19532175e+04  3.36587506e+01 -6.22490368e+04 -1.46414131e+05
  9.29555420e+04  6.82532040e+03  1.15559446e+05  2.40863365e+04
  6.73588731e+04 -3.52479803e+04  2.95512949e+05 -2.33453017e+05
  2.11909818e+05 -1.20621292e+05  9.17832764e+04  1.79701099e+05
 -6.69276281e+04  2.05597175e+04 -9.21227986e+04 -6.67023432e+04
  1.38468901e+05 -1.20254715e+05 -5.87151755e+04  1.64893749e+05
 -1.81683966e+05 -6.05684202e+04]

The result for the 18th execution is
Time
5.832606077194214
Query Result
[1602. 1517. 1557. 1626. 1444. 1538. 1593. 1525. 1692. 1621. 1475. 1501.
 1548. 1545. 1582. 1646. 1501. 1527. 1535. 1535. 1549. 1628. 1479. 1526.
 1493. 1545. 1552. 1578. 1478. 1443. 1578. 1573. 1518. 1389. 1601. 1587.
 1582. 1498. 1605. 1616. 1599. 1468. 1578. 1455. 1541. 1557. 1623. 1626.
 1426. 1545.]
Noised Result
[ 3489.82414784  2601.79305175  1314.54629058  4265.61979438
  3019.81968674  3003.39146544  1262.04376897  1812.41965617
  1853.24015956  2838.00779626  -894.13051708    36.07845912
  2074.80494127   249.60280753  1827.80800099  1709.14992246
   721.69869336  1889.37147121  2064.64274785  1366.55541709
   582.43549344  1827.06216745   918.40836212  2078.94400302
  4464.55343928  1124.78317567  1598.13977857   933.4736893
  2370.21993308  1409.15597086  1405.25130542   895.88047126
  1883.13897049   604.4842803    884.98827086  1386.11162333
   868.10887683   352.15590589  1450.18186957  2281.63830167
  1082.49837129  2487.372966     -15.438355    -649.63324461
  1413.14420624   982.9736283   2328.49519029  2017.41076783
 -1791.01113669   741.62183376]

The result for the 19th execution is
Time
11.471731424331665
Query Result
[1602. 1517. 1557. 1626. 1444. 1538. 1593. 1525. 1692. 1621. 1475. 1501.
 1548. 1545. 1582. 1646. 1501. 1527. 1535. 1535. 1549. 1628. 1479. 1526.
 1493. 1545. 1552. 1578. 1478. 1443. 1578. 1573. 1518. 1389. 1601. 1587.
 1582. 1498. 1605. 1616. 1599. 1468. 1578. 1455. 1541. 1557. 1623. 1626.
 1426. 1545.]
Noised Result
[3298.4803725   315.64934285  617.48067164 1730.31552496 2114.14413423
  368.91621    1879.94923311 2277.16607493 1974.84525362 3233.52380104
 2206.15984387 1836.53673397 1564.06830882 2011.63453217 1143.17589169
 2380.14669329  754.61342473 1558.4581051  2387.64737403 2284.68708803
 2745.12086861  375.78770361 1606.73664046 1648.88422728 1447.15261174
  841.14907907  408.74871293 1655.23856925  999.7628996  1106.96179434
 2551.02154534 -611.81882612 1231.28578975 1983.65830376 2170.93569029
 1318.96408893 2437.19156509  477.06335611 2130.69827662 3036.79430922
 1644.51513552 2749.99539277 1465.42377258  807.81683562 1371.12603602
 -582.40311925 1184.89167002 1351.68221878 1680.39282891 1500.15260976]

