The result for the 0th execution is
Time
18.02306032180786
Query Result
[168005.3694956 165843.597865  157455.8440283 182763.7681723
 164402.4750887 149154.4094004 162713.1724077 156923.124978
 173259.210624  169003.6296738 157199.5673286 170539.9540517
 165952.8613323 162121.6657314 161655.5765561 175037.9320912
 159053.0425961 176370.2036018 181065.214241  194580.3102972
 169507.9040189 171786.372016  171956.4036065 179965.3606692
 182559.5516735]
Noised Result
[  109499.3077407   -193341.31138556   275978.46917934   -20548.09087505
   922996.62658183  -462282.71117779   210993.668151    -243799.81378398
  -474719.32381604   684753.82713677    59483.87344875   676044.07537989
 -1032254.11395727  -462353.10663827  1096333.54106097  -399398.15238927
   465914.01505108  1233242.56057483  -204103.71683829     5911.50499676
  -134167.5439564    692726.89244446   784881.97629488   689295.19251243
  -234911.16527084]

The result for the 1th execution is
Time
26.163365364074707
Query Result
[168005.3694956 165843.597865  157455.8440283 182763.7681723
 164402.4750887 149154.4094004 162713.1724077 156923.124978
 173259.210624  169003.6296738 157199.5673286 170539.9540517
 165952.8613323 162121.6657314 161655.5765561 175037.9320912
 159053.0425961 176370.2036018 181065.214241  194580.3102972
 169507.9040189 171786.372016  171956.4036065 179965.3606692
 182559.5516735]
Noised Result
[ 503635.76245754   90818.70445843  671807.08241967  689946.31581194
  898922.06964089  627994.59997499  489555.83489123 1007998.05644646
 -377602.40826132  -35608.00286515 -394411.68248043 -447623.29937002
 1023543.53523471  201908.14511993  360415.59338267  -53530.09388749
  -75445.21375958  671083.11634797  128230.64242043  572255.86068691
 -803747.59296994   79592.70232715   41292.60173685   -7638.64659152
 1175096.39459987]

The result for the 2th execution is
Time
26.05854105949402
Query Result
[168005.3694956 165843.597865  157455.8440283 182763.7681723
 164402.4750887 149154.4094004 162713.1724077 156923.124978
 173259.210624  169003.6296738 157199.5673286 170539.9540517
 165952.8613323 162121.6657314 161655.5765561 175037.9320912
 159053.0425961 176370.2036018 181065.214241  194580.3102972
 169507.9040189 171786.372016  171956.4036065 179965.3606692
 182559.5516735]
Noised Result
[-126343.43444559  690054.39422959 -808237.82254012  733522.03619128
 -807181.9779932  -476132.46746392  -16989.40802322 -409040.28257684
 -679133.15578505  500603.06138892 -229230.23315094 -148275.73183703
 -636791.4564583  -242194.84555005  551089.61816463  583392.83843577
 -372227.34181881 -735524.9738151   162494.18967566  540074.83524565
  867270.04669834 -256743.32300113  932416.43327674  -81347.78444099
 -246955.30516005]

The result for the 3th execution is
Time
21.560155391693115
Query Result
[168005.3694956 165843.597865  157455.8440283 182763.7681723
 164402.4750887 149154.4094004 162713.1724077 156923.124978
 173259.210624  169003.6296738 157199.5673286 170539.9540517
 165952.8613323 162121.6657314 161655.5765561 175037.9320912
 159053.0425961 176370.2036018 181065.214241  194580.3102972
 169507.9040189 171786.372016  171956.4036065 179965.3606692
 182559.5516735]
Noised Result
[ 1338891.37273985   193271.16355798   369927.61054731   129691.32719875
  -812939.15539097  1235142.77769973   503047.1319051    606715.99342698
  1256311.24785287  -900885.04779357 -1046933.91859641   377768.97464358
  1843139.25031577  -644492.86112834   112037.47837307  1526302.84023648
  1040085.78500626   556488.44939117   729197.17341949 -1542426.96571345
  2308297.75420348   926445.54405927  -999072.11224395  -110966.4026673
   913381.53579598]

The result for the 4th execution is
Time
25.691677570343018
Query Result
[168005.3694956 165843.597865  157455.8440283 182763.7681723
 164402.4750887 149154.4094004 162713.1724077 156923.124978
 173259.210624  169003.6296738 157199.5673286 170539.9540517
 165952.8613323 162121.6657314 161655.5765561 175037.9320912
 159053.0425961 176370.2036018 181065.214241  194580.3102972
 169507.9040189 171786.372016  171956.4036065 179965.3606692
 182559.5516735]
Noised Result
[-1162854.95493657  -313049.70737251  -437935.275626     598407.46380634
   216911.09618217    62891.36970312  -558453.58699581  -206658.30089162
  -686771.97278607  -145001.66441778   -62932.33932465    -2451.06658372
   475873.8435054   -678460.15570791    47929.38455312   643128.24803785
  -333923.50894627  -151547.60606918   194658.08881961  -167313.61177873
   481419.56943812  -191912.61047618  -730668.01313353   520148.14605759
    77264.62848284]

The result for the 5th execution is
Time
25.73865294456482
Query Result
[168005.3694956 165843.597865  157455.8440283 182763.7681723
 164402.4750887 149154.4094004 162713.1724077 156923.124978
 173259.210624  169003.6296738 157199.5673286 170539.9540517
 165952.8613323 162121.6657314 161655.5765561 175037.9320912
 159053.0425961 176370.2036018 181065.214241  194580.3102972
 169507.9040189 171786.372016  171956.4036065 179965.3606692
 182559.5516735]
Noised Result
[  542267.32849027   975478.49328833   366502.35543692  1258892.69280609
  -443106.68567897  -199752.33946682   140611.93341449  -179714.64934833
  -472777.91525365 -1276475.94715539  1175019.31594449   126847.27163082
    59394.14664768  -194523.40742674  1390766.74163737   210966.2806116
   908985.99535785 -1884093.85825272   396923.19103077   471660.25768817
  -397530.04240616  1165149.60979143    62936.62969939 -2339650.78308954
   346467.03681515]

The result for the 6th execution is
Time
21.88457202911377
Query Result
[168005.3694956 165843.597865  157455.8440283 182763.7681723
 164402.4750887 149154.4094004 162713.1724077 156923.124978
 173259.210624  169003.6296738 157199.5673286 170539.9540517
 165952.8613323 162121.6657314 161655.5765561 175037.9320912
 159053.0425961 176370.2036018 181065.214241  194580.3102972
 169507.9040189 171786.372016  171956.4036065 179965.3606692
 182559.5516735]
Noised Result
[-1305209.35424852  -376419.87181467   897512.39863412   612645.70319571
     3381.35825927 -1267707.6494831     72946.26684054  -234459.86052313
  1595506.43506537 -1174391.70381976  1543307.81236036    37872.6412733
  1513134.32823598   840546.37711557  2251663.47215512   503395.80783787
   136860.16173468 -1099637.93218264  -397254.51472888   -73066.53483625
  1845284.07498763  1077396.94733124  -877323.98727534  -190624.12459271
  2876880.02175733]

The result for the 7th execution is
Time
26.125089406967163
Query Result
[168005.3694956 165843.597865  157455.8440283 182763.7681723
 164402.4750887 149154.4094004 162713.1724077 156923.124978
 173259.210624  169003.6296738 157199.5673286 170539.9540517
 165952.8613323 162121.6657314 161655.5765561 175037.9320912
 159053.0425961 176370.2036018 181065.214241  194580.3102972
 169507.9040189 171786.372016  171956.4036065 179965.3606692
 182559.5516735]
Noised Result
[ 356714.67280787 -786847.34447998  -51283.97162422  182643.53877123
  126886.3034702    99172.28350277 -223756.54194095  569677.28519244
  102001.26516423 -840625.42486746  717946.75719661  363500.20270227
 -436224.44019571   98038.68885248 -153099.76809815  607042.64829499
  185100.58041127 -553925.77252372  203952.79720245 -273152.99976672
  982216.49070029  572326.19778872  212932.73646128   45790.42652055
 -463977.09854033]

The result for the 8th execution is
Time
25.799585103988647
Query Result
[168005.3694956 165843.597865  157455.8440283 182763.7681723
 164402.4750887 149154.4094004 162713.1724077 156923.124978
 173259.210624  169003.6296738 157199.5673286 170539.9540517
 165952.8613323 162121.6657314 161655.5765561 175037.9320912
 159053.0425961 176370.2036018 181065.214241  194580.3102972
 169507.9040189 171786.372016  171956.4036065 179965.3606692
 182559.5516735]
Noised Result
[ 1.96737274e+06  2.00351425e+04 -9.70493322e+04 -7.29253260e+05
 -2.69058274e+05 -1.96656980e+05  1.26593610e+06 -1.43738162e+06
 -2.23035662e+06 -3.84729343e+05 -7.46085089e+02  9.47189906e+05
 -6.81666043e+05  1.89850577e+05  4.57363047e+05 -6.72337741e+05
 -1.07060770e+05  8.96441228e+05  1.15975654e+06 -1.36569681e+06
  1.86757799e+06 -4.04885980e+05 -1.58340334e+06  1.91649758e+06
  5.92801077e+04]

The result for the 9th execution is
Time
26.142871379852295
Query Result
[168005.3694956 165843.597865  157455.8440283 182763.7681723
 164402.4750887 149154.4094004 162713.1724077 156923.124978
 173259.210624  169003.6296738 157199.5673286 170539.9540517
 165952.8613323 162121.6657314 161655.5765561 175037.9320912
 159053.0425961 176370.2036018 181065.214241  194580.3102972
 169507.9040189 171786.372016  171956.4036065 179965.3606692
 182559.5516735]
Noised Result
[-601840.53007962 -188709.58668786  145116.81882375   87700.46685283
 -139498.88897415  710201.34339685  285609.69669572   28011.8625371
  722744.01741161  121281.41934764 -224505.49044672 -179115.08370897
 -590132.20465275 -608203.32808771    9689.15214605  609538.02170924
  -53458.12351678 -519011.47332239 1019327.1516439  -299564.52751175
 -629637.41913812  319049.69221406   -9372.43324061 -380021.51220722
 1579056.15730516]

The result for the 10th execution is
Time
16.37173819541931
Query Result
[168005.3694956 165843.597865  157455.8440283 182763.7681723
 164402.4750887 149154.4094004 162713.1724077 156923.124978
 173259.210624  169003.6296738 157199.5673286 170539.9540517
 165952.8613323 162121.6657314 161655.5765561 175037.9320912
 159053.0425961 176370.2036018 181065.214241  194580.3102972
 169507.9040189 171786.372016  171956.4036065 179965.3606692
 182559.5516735]
Noised Result
[  36276.76835381   13769.86995535  174254.01538649 1200843.85683081
 -173401.29500899  590115.14738381  121489.13976613  168399.10360451
  370571.37851319  -37254.98290268 1222563.56692905  334946.37235778
  355121.79193978  295526.21564065 -199203.33766208 -594409.29005672
  650129.00761734  266367.58851607  625882.45820923   76735.95937207
 -171484.30369719   36530.27629568 -127848.96602058   53707.18173827
  209255.94886397]

The result for the 11th execution is
Time
26.635621547698975
Query Result
[168005.3694956 165843.597865  157455.8440283 182763.7681723
 164402.4750887 149154.4094004 162713.1724077 156923.124978
 173259.210624  169003.6296738 157199.5673286 170539.9540517
 165952.8613323 162121.6657314 161655.5765561 175037.9320912
 159053.0425961 176370.2036018 181065.214241  194580.3102972
 169507.9040189 171786.372016  171956.4036065 179965.3606692
 182559.5516735]
Noised Result
[ 405231.86444735 1092550.66508498  631429.56097554  758387.51249474
  128019.72089    -283233.34566849  255642.12974095 1087885.74617769
 -350237.24416743  558241.21043136   88979.23046844  525982.20288764
 -192610.84966495 -271533.89382914 -556320.98710617  433564.56324999
 -102352.6430249   235406.99611139  443566.24068674  888692.95027868
  521465.30231363 1278854.18944317  624109.1026505    51741.16131247
  -88512.50816271]

The result for the 12th execution is
Time
25.816759824752808
Query Result
[168005.3694956 165843.597865  157455.8440283 182763.7681723
 164402.4750887 149154.4094004 162713.1724077 156923.124978
 173259.210624  169003.6296738 157199.5673286 170539.9540517
 165952.8613323 162121.6657314 161655.5765561 175037.9320912
 159053.0425961 176370.2036018 181065.214241  194580.3102972
 169507.9040189 171786.372016  171956.4036065 179965.3606692
 182559.5516735]
Noised Result
[ 172252.10158998 -372158.62884054 -576256.85468888  727494.69096742
 -265651.5130516   879523.39661692  106718.87215514  469503.01669869
  670861.85527119 -298330.96384319  633261.63567891  751448.66978916
 -215522.44140728   35133.54973309  687318.51820228 -727749.90984659
  -24138.30866774 -178942.69141091 -270408.97404682  680645.0560244
 -148167.00464474 -315712.1646543   -78456.83986017   31132.08302723
  -84936.49238204]

The result for the 13th execution is
Time
25.687798738479614
Query Result
[168005.3694956 165843.597865  157455.8440283 182763.7681723
 164402.4750887 149154.4094004 162713.1724077 156923.124978
 173259.210624  169003.6296738 157199.5673286 170539.9540517
 165952.8613323 162121.6657314 161655.5765561 175037.9320912
 159053.0425961 176370.2036018 181065.214241  194580.3102972
 169507.9040189 171786.372016  171956.4036065 179965.3606692
 182559.5516735]
Noised Result
[  44706.35778062 -622746.93646594  278824.69285171  145135.07626869
  125530.03153763 -408435.49327684  369040.14975617 -177831.30648246
  779206.44521994  189236.53631034  759832.89745612  197906.04945709
  123375.45012172  206245.42526643  172311.0259607   191264.84882783
  -96197.03565886  256447.4878213  -472356.25802788  104422.37970265
   17800.83953046  360997.36316583  540075.30015364  205985.68790224
  548294.30022807]

The result for the 14th execution is
Time
25.52440118789673
Query Result
[168005.3694956 165843.597865  157455.8440283 182763.7681723
 164402.4750887 149154.4094004 162713.1724077 156923.124978
 173259.210624  169003.6296738 157199.5673286 170539.9540517
 165952.8613323 162121.6657314 161655.5765561 175037.9320912
 159053.0425961 176370.2036018 181065.214241  194580.3102972
 169507.9040189 171786.372016  171956.4036065 179965.3606692
 182559.5516735]
Noised Result
[-945518.75339416  160318.03232197 -111767.34519109  178334.07311858
  552344.56412145 1235987.70387441 -375524.21202049 -111305.66953604
 -523495.02469283 -621647.82803381   39736.92594855  261160.16398977
 -679974.04355697  124267.2393353  1077275.50323047 -691293.66704148
  586075.42348528 -270642.8524258   -62673.41857426  459904.30856427
  387280.3153364  -430598.27225114  229170.24426717  525464.95644725
   29737.86884328]

The result for the 15th execution is
Time
17.79528021812439
Query Result
[168005.3694956 165843.597865  157455.8440283 182763.7681723
 164402.4750887 149154.4094004 162713.1724077 156923.124978
 173259.210624  169003.6296738 157199.5673286 170539.9540517
 165952.8613323 162121.6657314 161655.5765561 175037.9320912
 159053.0425961 176370.2036018 181065.214241  194580.3102972
 169507.9040189 171786.372016  171956.4036065 179965.3606692
 182559.5516735]
Noised Result
[ -845366.45507231  -194097.94422668  -501947.72149888  -486733.34795952
   509254.19043128 -1269429.51372687    83188.02258575 -1159307.84093182
   472776.56845765 -1035550.3323291    568235.66335512   -40398.68695666
  2814690.38574217  -133209.72340694   217475.44547036   995162.85855812
   578883.29749816   308950.54400663   374307.57374277    26272.41394219
  -809586.90882927  1349883.52075477   856134.51574374    12797.05490167
  1356185.25680734]

The result for the 16th execution is
Time
25.693159341812134
Query Result
[168005.3694956 165843.597865  157455.8440283 182763.7681723
 164402.4750887 149154.4094004 162713.1724077 156923.124978
 173259.210624  169003.6296738 157199.5673286 170539.9540517
 165952.8613323 162121.6657314 161655.5765561 175037.9320912
 159053.0425961 176370.2036018 181065.214241  194580.3102972
 169507.9040189 171786.372016  171956.4036065 179965.3606692
 182559.5516735]
Noised Result
[ -113131.12720667  -653174.41957448    89776.5855886     58348.39458698
  1272504.6861099    332476.63642594   256116.94170634   706532.28761792
   733561.99323879   738710.3613652    -75322.5646756    134697.69160258
   455712.95396011  -170443.58486181    68585.29426067   523640.21924952
   117183.21842534 -1189058.97626705  -693004.06381679   201767.8383662
  1103622.89847717   214168.21024892   637619.09579756   577089.7636959
  -709257.20830875]

The result for the 17th execution is
Time
26.809263706207275
Query Result
[168005.3694956 165843.597865  157455.8440283 182763.7681723
 164402.4750887 149154.4094004 162713.1724077 156923.124978
 173259.210624  169003.6296738 157199.5673286 170539.9540517
 165952.8613323 162121.6657314 161655.5765561 175037.9320912
 159053.0425961 176370.2036018 181065.214241  194580.3102972
 169507.9040189 171786.372016  171956.4036065 179965.3606692
 182559.5516735]
Noised Result
[ -46787.53861363  768936.51537828  -73467.78203418 -314191.97003098
   39370.84371932 -419938.97103721  708957.83946431    9278.32938601
  210216.99240404 -199484.73972373  717817.18082842  701429.52508621
  244885.30535638 -311440.45105402  549177.78346449 -157759.08298618
  488190.6112315   564540.05275312 -481177.8923543  -339732.81187203
  421957.14976323 -319955.6117724   348242.01796249  320461.71642439
  803544.05423458]

The result for the 18th execution is
Time
26.87871479988098
Query Result
[168005.3694956 165843.597865  157455.8440283 182763.7681723
 164402.4750887 149154.4094004 162713.1724077 156923.124978
 173259.210624  169003.6296738 157199.5673286 170539.9540517
 165952.8613323 162121.6657314 161655.5765561 175037.9320912
 159053.0425961 176370.2036018 181065.214241  194580.3102972
 169507.9040189 171786.372016  171956.4036065 179965.3606692
 182559.5516735]
Noised Result
[ 406634.57029731  362439.95870023 -207908.06435733  837706.91069374
 -580585.73401761 -612809.07789507  363679.79371449  470080.27979082
  -93256.13210999  319749.84493488  -95049.57822087  524543.89060117
 -367587.31483856 -183218.1010507  -624267.04623035  159204.91348728
 -303710.31355108  716824.7823778   353276.92275112  609011.32224142
  203939.052767     99021.13248634  360832.54547961 -527355.86458051
  101347.89003272]

The result for the 19th execution is
Time
21.972021102905273
Query Result
[168005.3694956 165843.597865  157455.8440283 182763.7681723
 164402.4750887 149154.4094004 162713.1724077 156923.124978
 173259.210624  169003.6296738 157199.5673286 170539.9540517
 165952.8613323 162121.6657314 161655.5765561 175037.9320912
 159053.0425961 176370.2036018 181065.214241  194580.3102972
 169507.9040189 171786.372016  171956.4036065 179965.3606692
 182559.5516735]
Noised Result
[  718822.28336462   857327.27761182  -238229.09990962   527253.22719754
   719825.04076372    18159.8697989    -56929.64335781  -123735.51118543
   964515.92722875  -188180.97584099   237482.62193275   152942.34193643
   -11716.25976269  1472431.2214789    -99721.28002192  -783584.67270237
   142617.35619224  1427634.99746265    44947.24221964   547042.60282685
  -184491.90712715 -1054997.50208972   803826.70924574   586662.97639542
  -139008.46834973]

