The result for the 0th execution is
Time
15.028543949127197
Query Result
[ 80138.7943503  94305.3574157  85596.7791012  84275.9952993
  86434.52744    75597.0636118  80048.3229013  70648.4237574
  87963.2470068  74715.7911798  64856.3397205  79743.9829169
  84968.0606481  90817.8758401  73314.4873387  77413.9132165
  78506.1133175  80317.4207367  79817.2137293 113205.2016826
  89626.0175539  83448.5810321  77137.1366779  90783.1514642
  91081.314714 ]
Noised Result
[  314926.56158684 -1974156.97822076  -659722.66261661   432775.8248774
   611673.79050112  -246686.40713824  -279266.06043786  -442545.00498689
    47218.99936535  1697372.17903685   698436.22081235   822558.44930784
 -1782222.25999075   598507.31369223  1005504.36609864  -149412.23467741
  -939794.32251214   419811.80549049  -446163.42952722  1257519.48420737
     2146.21596237    70906.67728377 -1330610.76907626 -1254354.8932302
  1432780.40163789]

The result for the 1th execution is
Time
7.370776891708374
Query Result
[ 80138.7943503  94305.3574157  85596.7791012  84275.9952993
  86434.52744    75597.0636118  80048.3229013  70648.4237574
  87963.2470068  74715.7911798  64856.3397205  79743.9829169
  84968.0606481  90817.8758401  73314.4873387  77413.9132165
  78506.1133175  80317.4207367  79817.2137293 113205.2016826
  89626.0175539  83448.5810321  77137.1366779  90783.1514642
  91081.314714 ]
Noised Result
[-1538163.72607556  -267284.2974376   -138933.45614276   -68021.27291896
    31110.72399593  -875920.39848802   264703.06858306  1851789.02518051
   231844.09900526  2019508.47261276  -176640.21213889  -215432.97431726
  -269430.71881561  -953334.58596267  1195909.3733026    -86756.29526718
  -591419.87143711 -2390372.15920534 -1422627.76553089   524959.24444924
  -372890.08048649 -1035618.86208669  -634077.98298201 -2347901.90397118
   762278.08803923]

The result for the 2th execution is
Time
15.725005626678467
Query Result
[ 80138.7943503  94305.3574157  85596.7791012  84275.9952993
  86434.52744    75597.0636118  80048.3229013  70648.4237574
  87963.2470068  74715.7911798  64856.3397205  79743.9829169
  84968.0606481  90817.8758401  73314.4873387  77413.9132165
  78506.1133175  80317.4207367  79817.2137293 113205.2016826
  89626.0175539  83448.5810321  77137.1366779  90783.1514642
  91081.314714 ]
Noised Result
[ 390697.20300807   71510.68435251  636858.05611693  525175.24259861
 1080631.3870118  -692186.93392818  654112.10067242 -205466.19882926
   32864.66509543  254816.48968051  737282.58831184 -724677.44278532
    6506.39416606  245290.34875087 1044124.86684834 -406083.47158432
  572598.05276334 -470890.79336202 -213265.1750264   183079.68854055
  301023.11756051  253363.14213003  143847.30791677 -610442.45697177
  968515.29147527]

The result for the 3th execution is
Time
15.86972165107727
Query Result
[ 80138.7943503  94305.3574157  85596.7791012  84275.9952993
  86434.52744    75597.0636118  80048.3229013  70648.4237574
  87963.2470068  74715.7911798  64856.3397205  79743.9829169
  84968.0606481  90817.8758401  73314.4873387  77413.9132165
  78506.1133175  80317.4207367  79817.2137293 113205.2016826
  89626.0175539  83448.5810321  77137.1366779  90783.1514642
  91081.314714 ]
Noised Result
[-1.44604969e+02  1.69084907e+05 -6.20479572e+05 -8.46833107e+05
  1.10983999e+05 -1.07400616e+05  3.65062824e+05 -5.61629179e+04
 -7.97942489e+05  3.04033023e+05 -3.49709084e+05  6.48947353e+05
 -4.02738109e+05  2.80656290e+05  1.44534434e+05  8.53995554e+04
  5.38432714e+05  1.02590450e+06  2.68751051e+05  3.95470585e+05
 -5.98667067e+05  3.43786922e+05  7.21707257e+05  5.98169726e+05
 -1.27522620e+04]

The result for the 4th execution is
Time
14.938720703125
Query Result
[ 80138.7943503  94305.3574157  85596.7791012  84275.9952993
  86434.52744    75597.0636118  80048.3229013  70648.4237574
  87963.2470068  74715.7911798  64856.3397205  79743.9829169
  84968.0606481  90817.8758401  73314.4873387  77413.9132165
  78506.1133175  80317.4207367  79817.2137293 113205.2016826
  89626.0175539  83448.5810321  77137.1366779  90783.1514642
  91081.314714 ]
Noised Result
[ 556230.10572674  133087.62791291  927995.89578311  441029.25615945
 -260683.56774012  413100.9951361    -7008.04063954   50250.68284176
 -514445.32195492 -489403.027187   1776535.78082773 -101531.28327235
 -252239.83012648  551298.03931977 -378297.38939633 -222954.64431501
  296722.42590883 -139405.30369394  335226.32229633  654035.5178437
 -111262.92932056 -331094.19356241 -452428.39846442  156301.67990863
 -141604.35905949]

The result for the 5th execution is
Time
15.544262409210205
Query Result
[ 80138.7943503  94305.3574157  85596.7791012  84275.9952993
  86434.52744    75597.0636118  80048.3229013  70648.4237574
  87963.2470068  74715.7911798  64856.3397205  79743.9829169
  84968.0606481  90817.8758401  73314.4873387  77413.9132165
  78506.1133175  80317.4207367  79817.2137293 113205.2016826
  89626.0175539  83448.5810321  77137.1366779  90783.1514642
  91081.314714 ]
Noised Result
[-202767.54227238 -491487.5128925  -277126.65917335   76171.98987132
 -403256.27750533 -659447.23340916    4962.76745008 -803832.23399463
  966447.7956135  -596032.94275849  -82082.06886394 -348468.0100996
   53947.95334944 -136146.60710371  979179.63063026  156973.27434269
  636270.20440983   66040.50236197  197130.27709242   23543.33973449
  400393.85514099  713612.19509013  196719.65978111   -3106.37290428
  185272.41339322]

The result for the 6th execution is
Time
8.974200010299683
Query Result
[ 80138.7943503  94305.3574157  85596.7791012  84275.9952993
  86434.52744    75597.0636118  80048.3229013  70648.4237574
  87963.2470068  74715.7911798  64856.3397205  79743.9829169
  84968.0606481  90817.8758401  73314.4873387  77413.9132165
  78506.1133175  80317.4207367  79817.2137293 113205.2016826
  89626.0175539  83448.5810321  77137.1366779  90783.1514642
  91081.314714 ]
Noised Result
[   -5144.6126856   -375454.46406361  -513918.68759558   156330.54670974
   207607.8211546  -1124824.28764988  -173257.46644588   549632.90981835
    98931.27643123   -75028.27298268   539658.24643798 -1422363.10586613
 -1445891.75156598   832263.59471413  1577915.37090277   579533.40882986
   776682.64800555  1308693.01186545   581765.3933643   -187484.53797744
  -352028.89394308    55794.27263906  1118659.36258492  -250478.09729271
   187280.48411805]

The result for the 7th execution is
Time
15.38803243637085
Query Result
[ 80138.7943503  94305.3574157  85596.7791012  84275.9952993
  86434.52744    75597.0636118  80048.3229013  70648.4237574
  87963.2470068  74715.7911798  64856.3397205  79743.9829169
  84968.0606481  90817.8758401  73314.4873387  77413.9132165
  78506.1133175  80317.4207367  79817.2137293 113205.2016826
  89626.0175539  83448.5810321  77137.1366779  90783.1514642
  91081.314714 ]
Noised Result
[ 357446.3075537   107598.35166412 -331082.59427718  205385.43285118
 -164991.48603161   91124.72894951 -272200.58107806  277533.03430356
  340970.85923434  691277.33645882  493974.93582287  112330.46310328
  -68149.08529276 -288077.05472385  300060.8347893   340205.89146594
 -241144.95656539 -230231.74135584  530095.7032243  -469437.53616524
 -282490.42671319 1183159.96812937  146191.87408799  480190.11579865
  679666.38599127]

The result for the 8th execution is
Time
7.107477903366089
Query Result
[ 80138.7943503  94305.3574157  85596.7791012  84275.9952993
  86434.52744    75597.0636118  80048.3229013  70648.4237574
  87963.2470068  74715.7911798  64856.3397205  79743.9829169
  84968.0606481  90817.8758401  73314.4873387  77413.9132165
  78506.1133175  80317.4207367  79817.2137293 113205.2016826
  89626.0175539  83448.5810321  77137.1366779  90783.1514642
  91081.314714 ]
Noised Result
[1119420.43095311 -119805.92578418  106788.22065492 -162244.35069761
 -187882.34398475  286439.78545335  727445.52184352  180139.87012396
 -328997.17641011  388521.37901016  323003.88026652  446801.94816629
 -200633.38560028 -466895.20352031  814058.78500749 -272838.68771287
 -151236.44155726  187232.80376048   29260.0051323   186117.8637532
 -272532.00209283   37542.96073587 -807354.61413201 -129323.50727192
 1240431.24719636]

The result for the 9th execution is
Time
14.705110549926758
Query Result
[ 80138.7943503  94305.3574157  85596.7791012  84275.9952993
  86434.52744    75597.0636118  80048.3229013  70648.4237574
  87963.2470068  74715.7911798  64856.3397205  79743.9829169
  84968.0606481  90817.8758401  73314.4873387  77413.9132165
  78506.1133175  80317.4207367  79817.2137293 113205.2016826
  89626.0175539  83448.5810321  77137.1366779  90783.1514642
  91081.314714 ]
Noised Result
[  18340.65052017  545415.71788135   22046.44240548 -319596.22465949
 -187039.62501094  165558.25384481 -232253.4131062   875448.03439427
  830601.87905587 -182758.10497497  -45107.51617527 1298114.18671165
 -451528.76868702   29087.11290369 -340904.11691336 -859401.99621173
 -454810.98871755  124615.22485099 -553033.89555868  874438.76048539
  -35735.44107152 -232821.62515004 -513363.96875074 -363498.94868679
   98933.54033773]

The result for the 10th execution is
Time
7.275765895843506
Query Result
[ 80138.7943503  94305.3574157  85596.7791012  84275.9952993
  86434.52744    75597.0636118  80048.3229013  70648.4237574
  87963.2470068  74715.7911798  64856.3397205  79743.9829169
  84968.0606481  90817.8758401  73314.4873387  77413.9132165
  78506.1133175  80317.4207367  79817.2137293 113205.2016826
  89626.0175539  83448.5810321  77137.1366779  90783.1514642
  91081.314714 ]
Noised Result
[-1249935.25902048  1168907.71154807 -1083818.37400374  -373986.34244146
   291685.50419013  -892483.89138941  -924621.72390487  2291729.53852181
   736252.12840798   899435.62797987    47279.40915382  1463749.6092791
   217216.42783425 -1803991.62065935  2602544.30938411 -1058544.46193739
 -1616045.83862271  -782507.38406588  -125983.20957664   898046.50141015
   -88644.14862332 -3277114.91281517  1232784.35141116    62419.75298503
  -618322.0968612 ]

The result for the 11th execution is
Time
8.888582229614258
Query Result
[ 80138.7943503  94305.3574157  85596.7791012  84275.9952993
  86434.52744    75597.0636118  80048.3229013  70648.4237574
  87963.2470068  74715.7911798  64856.3397205  79743.9829169
  84968.0606481  90817.8758401  73314.4873387  77413.9132165
  78506.1133175  80317.4207367  79817.2137293 113205.2016826
  89626.0175539  83448.5810321  77137.1366779  90783.1514642
  91081.314714 ]
Noised Result
[ 1209191.62393872   978469.79303526  -910752.81940763   207800.67176471
  -114845.54233436   416967.58322862   624419.56073828  -434752.44464091
   554744.37233992 -2319551.50776509  2191246.7892799   -204878.69737396
  -294417.18597179   223990.50566127 -1108544.00073899  -330556.69346495
    23405.51378332   823036.17831311  1127623.20853926  -862355.64066018
  -870156.83338966   -77982.47544096   801688.29130311  -626743.02333982
   266007.65382418]

The result for the 12th execution is
Time
15.517033100128174
Query Result
[ 80138.7943503  94305.3574157  85596.7791012  84275.9952993
  86434.52744    75597.0636118  80048.3229013  70648.4237574
  87963.2470068  74715.7911798  64856.3397205  79743.9829169
  84968.0606481  90817.8758401  73314.4873387  77413.9132165
  78506.1133175  80317.4207367  79817.2137293 113205.2016826
  89626.0175539  83448.5810321  77137.1366779  90783.1514642
  91081.314714 ]
Noised Result
[ 1983057.14255867  -109001.15608445  -638201.61346473   583712.78329433
   538221.95351387  1723499.54113062  -349044.96561047   659812.68662909
   407884.26283243   523876.31966659   111519.41439115   429545.01780814
    67415.63931193   -35932.04761067   658890.91194469   588491.5284087
  -506709.61826111  -768475.69773975   470524.79984842   -98189.29170975
  1220991.34098552 -1362708.11693721  1204567.99452771  -571471.63872203
   437705.90352839]

The result for the 13th execution is
Time
6.493371248245239
Query Result
[ 80138.7943503  94305.3574157  85596.7791012  84275.9952993
  86434.52744    75597.0636118  80048.3229013  70648.4237574
  87963.2470068  74715.7911798  64856.3397205  79743.9829169
  84968.0606481  90817.8758401  73314.4873387  77413.9132165
  78506.1133175  80317.4207367  79817.2137293 113205.2016826
  89626.0175539  83448.5810321  77137.1366779  90783.1514642
  91081.314714 ]
Noised Result
[-1433056.46270129  -221830.00221108   821003.30130286  -750667.14463092
 -2135471.88018769 -1844890.03646978  1199154.20248136  -927274.31452123
 -3318216.47327755 -1477314.18550038 -2876942.32740217    63863.19989131
 -1297233.06440427 -1261456.22762772 -3290940.73774061 -1787291.05754488
   187465.71125946  -399439.74693044  1756817.16559751   -64252.10107034
  1166686.79743298  3894097.61090592   705763.16822371  4588988.2025681
 -1100772.90719822]

The result for the 14th execution is
Time
15.814888715744019
Query Result
[ 80138.7943503  94305.3574157  85596.7791012  84275.9952993
  86434.52744    75597.0636118  80048.3229013  70648.4237574
  87963.2470068  74715.7911798  64856.3397205  79743.9829169
  84968.0606481  90817.8758401  73314.4873387  77413.9132165
  78506.1133175  80317.4207367  79817.2137293 113205.2016826
  89626.0175539  83448.5810321  77137.1366779  90783.1514642
  91081.314714 ]
Noised Result
[ 388267.93994755 -293254.59075473  200838.93769517 -210095.14549307
 -116229.50498142 -305448.91244593  569091.14269198  744943.79721831
 -435034.71460598  286185.16770269  102952.14756782  604572.51794794
  181758.48904081  556230.96958416  112719.14465861 -151196.15891413
  387600.58749033  379998.87391072 -215722.02993948  641917.65575595
  554935.37514941  596974.31633535   -5279.43553686  380503.83725608
  253675.39423784]

The result for the 15th execution is
Time
15.842118978500366
Query Result
[ 80138.7943503  94305.3574157  85596.7791012  84275.9952993
  86434.52744    75597.0636118  80048.3229013  70648.4237574
  87963.2470068  74715.7911798  64856.3397205  79743.9829169
  84968.0606481  90817.8758401  73314.4873387  77413.9132165
  78506.1133175  80317.4207367  79817.2137293 113205.2016826
  89626.0175539  83448.5810321  77137.1366779  90783.1514642
  91081.314714 ]
Noised Result
[ 948351.17285106   67739.56884908 -553602.5187446  -731407.75772246
  620259.73961537  554426.50101654 -759146.77635795 -148806.70849071
  467693.07181156 -632323.77124263  672991.92484873 -740718.43618807
  370732.60821058 -680032.08365351  549894.41548614 -102976.67176016
  118625.22705274 -727272.87124001  431383.89677916  176483.55622409
 -580638.58675313  405804.43091333  960456.66719175 -649609.20970712
 -595885.56487744]

The result for the 16th execution is
Time
15.592387676239014
Query Result
[ 80138.7943503  94305.3574157  85596.7791012  84275.9952993
  86434.52744    75597.0636118  80048.3229013  70648.4237574
  87963.2470068  74715.7911798  64856.3397205  79743.9829169
  84968.0606481  90817.8758401  73314.4873387  77413.9132165
  78506.1133175  80317.4207367  79817.2137293 113205.2016826
  89626.0175539  83448.5810321  77137.1366779  90783.1514642
  91081.314714 ]
Noised Result
[1583052.47118112 -522370.64250271 1671240.02135787 -552458.89705542
  220280.44266601   80796.12527126  530283.29090237 -673646.88599401
  235828.61552662 -517485.18967428  576665.15655864 1203531.34981779
  340095.44842936 -776961.84678284  925757.85653298   69337.96177771
 -388245.49539723 -178245.15687386 -167446.14845255  459397.34460765
  792485.1231514   199271.45739353 1122041.37231433  569198.09575546
  624935.2197364 ]

The result for the 17th execution is
Time
15.021920442581177
Query Result
[ 80138.7943503  94305.3574157  85596.7791012  84275.9952993
  86434.52744    75597.0636118  80048.3229013  70648.4237574
  87963.2470068  74715.7911798  64856.3397205  79743.9829169
  84968.0606481  90817.8758401  73314.4873387  77413.9132165
  78506.1133175  80317.4207367  79817.2137293 113205.2016826
  89626.0175539  83448.5810321  77137.1366779  90783.1514642
  91081.314714 ]
Noised Result
[  -19318.92776868  2208020.96413747  -268184.12320512 -1336146.23455315
  1585661.98047422  2191019.07064366 -1630692.57886599 -1312464.97515381
  -185134.02720434   438395.17636642 -1602495.83193696  -346102.95528149
  -232842.03730162  -269704.45506083 -1006403.36597298 -1320005.5480891
  -337715.92519213  -100538.3102546   -225414.07931     -529772.01725335
  -495317.29665013   729247.09128391   277043.43147425  1343164.58579865
 -2627548.36653147]

The result for the 18th execution is
Time
15.555298805236816
Query Result
[ 80138.7943503  94305.3574157  85596.7791012  84275.9952993
  86434.52744    75597.0636118  80048.3229013  70648.4237574
  87963.2470068  74715.7911798  64856.3397205  79743.9829169
  84968.0606481  90817.8758401  73314.4873387  77413.9132165
  78506.1133175  80317.4207367  79817.2137293 113205.2016826
  89626.0175539  83448.5810321  77137.1366779  90783.1514642
  91081.314714 ]
Noised Result
[ 112839.36951556 -818354.82431648 -262768.64878942 1464639.1999322
  703392.64253178  394661.99777624  197467.29359636 -373320.22287658
 -354992.41056395  284095.92104059  -10615.3338814  -460434.92600697
  443986.27889222 -828720.22281178  366100.59029691 -102975.49318063
  382441.34018315  656527.6027128   -32678.34979358 -275046.61070725
 1172689.57876278 -416447.93584518 -109240.45585372  717701.30283602
  228182.31906549]

The result for the 19th execution is
Time
0.2557194232940674
Query Result
[ 80138.7943503  94305.3574157  85596.7791012  84275.9952993
  86434.52744    75597.0636118  80048.3229013  70648.4237574
  87963.2470068  74715.7911798  64856.3397205  79743.9829169
  84968.0606481  90817.8758401  73314.4873387  77413.9132165
  78506.1133175  80317.4207367  79817.2137293 113205.2016826
  89626.0175539  83448.5810321  77137.1366779  90783.1514642
  91081.314714 ]
Noised Result
[ -193614.96845269  -353849.77754804  -483726.65499208   313400.95568933
   381842.94245979   487519.74341626   608570.80355413   -33203.70634024
   536278.55758994  1486576.75416745    14278.34583467   369372.4101021
   441846.77067769  -170671.09774119   230713.18492117 -1195880.67320245
    89255.95263065  -389401.08987952  -694329.9122658   -234223.43572132
  -116438.40918568  -896403.72406613  -522097.54330362  -245219.46476584
  -230839.26844868]

