The result for the 0th execution is
Time
25.5388662815094
Query Result
[168005.3694956 165843.597865  157455.8440283 182763.7681723
 164402.4750887 149154.4094004 162713.1724077 156923.124978
 173259.210624  169003.6296738 157199.5673286 170539.9540517
 165952.8613323 162121.6657314 161655.5765561 175037.9320912
 159053.0425961 176370.2036018 181065.214241  194580.3102972
 169507.9040189 171786.372016  171956.4036065 179965.3606692
 182559.5516735]
Noised Result
[140605.85233575 194845.6233935  152425.28254139 121222.2853298
  93839.62057497 196001.70424579 120280.12769139  74051.29228464
 233422.50860042 232920.2563791  156566.31743831 136890.28543018
 209301.60978618 159938.06078293 175328.08567548 215628.60114796
 179457.49159552 225512.34742513 141235.37832403 280598.07403344
 139351.07374991 203916.86076687 109786.96554657 174916.82822639
 224135.56512704]

The result for the 1th execution is
Time
25.715882778167725
Query Result
[168005.3694956 165843.597865  157455.8440283 182763.7681723
 164402.4750887 149154.4094004 162713.1724077 156923.124978
 173259.210624  169003.6296738 157199.5673286 170539.9540517
 165952.8613323 162121.6657314 161655.5765561 175037.9320912
 159053.0425961 176370.2036018 181065.214241  194580.3102972
 169507.9040189 171786.372016  171956.4036065 179965.3606692
 182559.5516735]
Noised Result
[171095.31075483 213004.09818815 204880.70612047 143978.75799733
 169891.61171734  94690.32577278 115091.15441806 163613.37394658
 163707.04029129 165501.3763273  173399.83315584 170986.54691492
 150085.3073758  198936.43296133 128876.17038901 185496.31796178
 135585.37277957 278555.58065516  88273.95385787 222950.0910351
 141903.30242882 206005.1454749  150346.79028652 219352.22459112
 152764.59898728]

The result for the 2th execution is
Time
21.28329300880432
Query Result
[168005.3694956 165843.597865  157455.8440283 182763.7681723
 164402.4750887 149154.4094004 162713.1724077 156923.124978
 173259.210624  169003.6296738 157199.5673286 170539.9540517
 165952.8613323 162121.6657314 161655.5765561 175037.9320912
 159053.0425961 176370.2036018 181065.214241  194580.3102972
 169507.9040189 171786.372016  171956.4036065 179965.3606692
 182559.5516735]
Noised Result
[315385.51977949 109521.9181287  185625.79190369 231431.40971778
 264484.01697753 182548.78067574 294853.99659975  57101.46555899
 282363.10064398 136885.44607844 170861.16247444 403463.50178398
 -33753.36930898 212508.01443396 175866.54371871 219220.34418711
  50932.3152303  136860.71944412 150904.31687044 238276.00598458
 192360.91706582 196576.61680416 145256.21643234 191974.55271893
  49389.22353619]

The result for the 3th execution is
Time
17.65795350074768
Query Result
[168005.3694956 165843.597865  157455.8440283 182763.7681723
 164402.4750887 149154.4094004 162713.1724077 156923.124978
 173259.210624  169003.6296738 157199.5673286 170539.9540517
 165952.8613323 162121.6657314 161655.5765561 175037.9320912
 159053.0425961 176370.2036018 181065.214241  194580.3102972
 169507.9040189 171786.372016  171956.4036065 179965.3606692
 182559.5516735]
Noised Result
[ 35209.15950299 206930.69307779 371279.37270858 216922.81550403
  81757.83884436 136927.50360254   2245.16146099 341426.85383585
 147810.9994576   93325.39256925  60127.63371401 238803.21532279
  33566.40361275 272122.54035335 107751.69606345 204601.33473533
  57715.35752938   7494.48705315 218211.27992868 138990.35097946
  92854.85281964 240956.63471145 181535.15507998 333292.49406114
 134770.47706394]

The result for the 4th execution is
Time
25.812801599502563
Query Result
[168005.3694956 165843.597865  157455.8440283 182763.7681723
 164402.4750887 149154.4094004 162713.1724077 156923.124978
 173259.210624  169003.6296738 157199.5673286 170539.9540517
 165952.8613323 162121.6657314 161655.5765561 175037.9320912
 159053.0425961 176370.2036018 181065.214241  194580.3102972
 169507.9040189 171786.372016  171956.4036065 179965.3606692
 182559.5516735]
Noised Result
[165213.8849314  196168.32936853 149944.38819725 251448.33354129
 118947.11489373 177821.58121078 165062.66377143 136516.94999714
 132392.08426291 132461.93415046 163052.03856371 220643.33116716
  75476.81773962 126133.60294794 276886.4311966  136106.87337122
 113375.28154768 175971.24019996 144301.93056759 230328.39149402
 189896.09891678 194548.67872407 196216.93106399 233989.58106602
 229812.99528178]

The result for the 5th execution is
Time
25.92995834350586
Query Result
[168005.3694956 165843.597865  157455.8440283 182763.7681723
 164402.4750887 149154.4094004 162713.1724077 156923.124978
 173259.210624  169003.6296738 157199.5673286 170539.9540517
 165952.8613323 162121.6657314 161655.5765561 175037.9320912
 159053.0425961 176370.2036018 181065.214241  194580.3102972
 169507.9040189 171786.372016  171956.4036065 179965.3606692
 182559.5516735]
Noised Result
[172962.19364988 156893.85493168 218269.38432373 146865.00078973
 183489.99700108 163834.42103344 241614.57926194  88124.03567464
 135191.34324897 190969.80286681 103975.91619261 198067.11565615
 178568.20397437 142445.85924031 139075.40404    173878.72974305
 126398.26854846 157457.83269276 211884.46324849 128263.44227687
 181584.38591011 225999.31628639 240736.37765573 249498.97531458
 313272.89550906]

The result for the 6th execution is
Time
26.02597999572754
Query Result
[168005.3694956 165843.597865  157455.8440283 182763.7681723
 164402.4750887 149154.4094004 162713.1724077 156923.124978
 173259.210624  169003.6296738 157199.5673286 170539.9540517
 165952.8613323 162121.6657314 161655.5765561 175037.9320912
 159053.0425961 176370.2036018 181065.214241  194580.3102972
 169507.9040189 171786.372016  171956.4036065 179965.3606692
 182559.5516735]
Noised Result
[178124.19076503 175939.89621208 110530.72246012 187460.9663614
 214276.97406524 107517.40245362 152237.30702541 187735.8680058
 200157.36070549 237579.85023983 146319.40211852 178432.09310816
 148292.46284346 132887.69775774 187164.00033206 205100.21425995
  64919.59490891 225303.3244186  149779.43200452 216875.03197925
 124420.29999514 144568.89736277 179458.53109047 242761.90179647
 121337.7915314 ]

The result for the 7th execution is
Time
21.787633180618286
Query Result
[168005.3694956 165843.597865  157455.8440283 182763.7681723
 164402.4750887 149154.4094004 162713.1724077 156923.124978
 173259.210624  169003.6296738 157199.5673286 170539.9540517
 165952.8613323 162121.6657314 161655.5765561 175037.9320912
 159053.0425961 176370.2036018 181065.214241  194580.3102972
 169507.9040189 171786.372016  171956.4036065 179965.3606692
 182559.5516735]
Noised Result
[158276.95429105 192136.39577008 103120.68035582 105700.74732328
 198400.6308102  159318.95628015 200065.74807149 184790.97728175
 127242.97210398 131793.6741361  179550.79742839 182601.71886335
 178281.95497561 205998.49935368 206092.50831893 223815.44079222
 154497.91514256 199856.27545495 194002.03057834 177255.67562472
 110653.1365525  171131.4031443  190568.09726151 283043.19031931
 111185.2997054 ]

The result for the 8th execution is
Time
26.41409683227539
Query Result
[168005.3694956 165843.597865  157455.8440283 182763.7681723
 164402.4750887 149154.4094004 162713.1724077 156923.124978
 173259.210624  169003.6296738 157199.5673286 170539.9540517
 165952.8613323 162121.6657314 161655.5765561 175037.9320912
 159053.0425961 176370.2036018 181065.214241  194580.3102972
 169507.9040189 171786.372016  171956.4036065 179965.3606692
 182559.5516735]
Noised Result
[106909.12582761 137650.66032383 149098.2479173  166081.11742142
 129624.99855309 142307.08746866 131146.78307303 164201.34435351
 191452.33796768 167082.31995623 102226.90072215 226962.99237905
 156505.14573587 132565.17773836 185388.10909395 180069.42108126
 236078.42914906  67275.93331342 191260.15835219 149323.39029153
 191083.75782245 168806.94267967 123544.70611795 180263.53394178
 194488.06117055]

The result for the 9th execution is
Time
26.014380931854248
Query Result
[168005.3694956 165843.597865  157455.8440283 182763.7681723
 164402.4750887 149154.4094004 162713.1724077 156923.124978
 173259.210624  169003.6296738 157199.5673286 170539.9540517
 165952.8613323 162121.6657314 161655.5765561 175037.9320912
 159053.0425961 176370.2036018 181065.214241  194580.3102972
 169507.9040189 171786.372016  171956.4036065 179965.3606692
 182559.5516735]
Noised Result
[ 56795.53394136  95975.011795   103053.16248698 179350.42438604
 252657.83350084 166240.34191662 174077.54847644  65127.88460887
 116676.16545043 145142.77866707 224780.32147007 130983.39363535
 193437.43685053 209973.76245953 197649.20398381 172280.71751334
 105197.14966939 212614.86670409 235212.62148056 245550.56517006
 321429.23875953  68821.21872353  76488.28083629 145265.94445599
 -95964.09111696]

The result for the 10th execution is
Time
25.99534296989441
Query Result
[168005.3694956 165843.597865  157455.8440283 182763.7681723
 164402.4750887 149154.4094004 162713.1724077 156923.124978
 173259.210624  169003.6296738 157199.5673286 170539.9540517
 165952.8613323 162121.6657314 161655.5765561 175037.9320912
 159053.0425961 176370.2036018 181065.214241  194580.3102972
 169507.9040189 171786.372016  171956.4036065 179965.3606692
 182559.5516735]
Noised Result
[133940.20816702 125271.28379888 134442.04137848 202520.84092961
 194449.22821653 111735.98852761 202579.80482389 120765.44039502
 191258.00132357 180973.70190677 165179.28069097 103365.86799753
 211350.98373786 169090.41773626 138181.20028766 188433.33932793
 245086.10844458 188336.35104633 191788.75589551 194934.83808986
 122701.30621677 174662.11965712 227000.00261217 167251.90704847
 221900.72862979]

The result for the 11th execution is
Time
26.921163082122803
Query Result
[168005.3694956 165843.597865  157455.8440283 182763.7681723
 164402.4750887 149154.4094004 162713.1724077 156923.124978
 173259.210624  169003.6296738 157199.5673286 170539.9540517
 165952.8613323 162121.6657314 161655.5765561 175037.9320912
 159053.0425961 176370.2036018 181065.214241  194580.3102972
 169507.9040189 171786.372016  171956.4036065 179965.3606692
 182559.5516735]
Noised Result
[174573.90339048 187624.23084872  96876.70439844  79154.39200575
 147041.32504098 187551.93115862 203728.53418084 256329.14613772
 154715.55963491 218981.43972275 160859.90543865 111437.39222312
 170435.89178452 195161.95595393 159117.65529743 176466.03809647
 177706.71038223 198148.83823711 200709.89735703 230932.63401018
 124610.71705109 115288.41073547 128865.76447571 155450.21330953
 122152.06131782]

The result for the 12th execution is
Time
26.459963083267212
Query Result
[168005.3694956 165843.597865  157455.8440283 182763.7681723
 164402.4750887 149154.4094004 162713.1724077 156923.124978
 173259.210624  169003.6296738 157199.5673286 170539.9540517
 165952.8613323 162121.6657314 161655.5765561 175037.9320912
 159053.0425961 176370.2036018 181065.214241  194580.3102972
 169507.9040189 171786.372016  171956.4036065 179965.3606692
 182559.5516735]
Noised Result
[110084.0502668  138335.93690832 158545.05846787 208586.77399648
 125452.46154999  99097.33983769 143303.13839138 255483.79702137
 160596.88768521 177113.26407413 208420.86997295 200959.30180761
 178599.99521231 104012.02083359 188065.07354649 185669.88963089
 136868.627529   199384.73630988 186276.8210707  156352.54720314
 144712.64025477 188127.29104559 179079.19820387 176700.2228887
 131766.13870453]

The result for the 13th execution is
Time
26.279631853103638
Query Result
[168005.3694956 165843.597865  157455.8440283 182763.7681723
 164402.4750887 149154.4094004 162713.1724077 156923.124978
 173259.210624  169003.6296738 157199.5673286 170539.9540517
 165952.8613323 162121.6657314 161655.5765561 175037.9320912
 159053.0425961 176370.2036018 181065.214241  194580.3102972
 169507.9040189 171786.372016  171956.4036065 179965.3606692
 182559.5516735]
Noised Result
[176535.78344595 153508.19961891 160224.78771599 260499.97035555
  98613.01913093 182879.122102   194162.50838719 176254.29780395
 167822.30841952 211740.45690154 134677.59502336 131582.11287783
 132296.13798541  49583.68636921  99877.35022201 138600.33613012
 123334.16936037 178601.95799958 114445.0962709  181176.44250793
 173668.41735606 179941.43910867 129495.37562214 168972.96146408
 135054.94366623]

The result for the 14th execution is
Time
22.13852858543396
Query Result
[168005.3694956 165843.597865  157455.8440283 182763.7681723
 164402.4750887 149154.4094004 162713.1724077 156923.124978
 173259.210624  169003.6296738 157199.5673286 170539.9540517
 165952.8613323 162121.6657314 161655.5765561 175037.9320912
 159053.0425961 176370.2036018 181065.214241  194580.3102972
 169507.9040189 171786.372016  171956.4036065 179965.3606692
 182559.5516735]
Noised Result
[188471.43849715 109017.47417478 213049.37204995 113525.27663338
 191933.40498245 133016.33676449 183167.75049517 143837.77408638
 166180.12068436 166140.71757082 203274.7249809  220867.45850138
 138405.29680072 153281.22381301 185850.99157622 123657.82950568
 167531.21242297 125788.51956156 182043.71057985 226467.1462736
 191528.47584235 250378.91503587  91514.10114204 229821.41459411
 213196.44876717]

The result for the 15th execution is
Time
25.786651134490967
Query Result
[168005.3694956 165843.597865  157455.8440283 182763.7681723
 164402.4750887 149154.4094004 162713.1724077 156923.124978
 173259.210624  169003.6296738 157199.5673286 170539.9540517
 165952.8613323 162121.6657314 161655.5765561 175037.9320912
 159053.0425961 176370.2036018 181065.214241  194580.3102972
 169507.9040189 171786.372016  171956.4036065 179965.3606692
 182559.5516735]
Noised Result
[186303.45166965 168609.28714926  82165.59124113 217481.55380666
 221756.92232979 208087.26845159 346792.74296053  72626.38584388
 249686.45276731 141033.55489634 289329.94746512  11046.78590186
 273774.65460241 205788.82659246  42530.41353717 127653.41837083
 109607.33818982 177063.56379014 257982.55660237 319217.4502257
  91037.04146753 165709.70912035   5509.05230299 125230.71417911
 287537.21456586]

The result for the 16th execution is
Time
25.53703284263611
Query Result
[168005.3694956 165843.597865  157455.8440283 182763.7681723
 164402.4750887 149154.4094004 162713.1724077 156923.124978
 173259.210624  169003.6296738 157199.5673286 170539.9540517
 165952.8613323 162121.6657314 161655.5765561 175037.9320912
 159053.0425961 176370.2036018 181065.214241  194580.3102972
 169507.9040189 171786.372016  171956.4036065 179965.3606692
 182559.5516735]
Noised Result
[202857.42074981 110707.04577136 183875.99686139 244108.67094972
 196772.29655391 139310.45303726 117118.97539731 141006.23967111
 225830.65891615 192224.30785684 196197.69761892 202299.49424808
 106834.08575046 303376.51127142 108702.68174889 119075.25489487
 199103.47646685 237882.05354605 151406.64835663 257975.21295174
 203970.85037076 214995.87482516 189586.410366   152777.48587501
 243511.74838639]

The result for the 17th execution is
Time
25.740715742111206
Query Result
[168005.3694956 165843.597865  157455.8440283 182763.7681723
 164402.4750887 149154.4094004 162713.1724077 156923.124978
 173259.210624  169003.6296738 157199.5673286 170539.9540517
 165952.8613323 162121.6657314 161655.5765561 175037.9320912
 159053.0425961 176370.2036018 181065.214241  194580.3102972
 169507.9040189 171786.372016  171956.4036065 179965.3606692
 182559.5516735]
Noised Result
[114843.36669394 194378.67390156 194979.28063535 259731.37537993
 195524.52070443 225174.644402   154641.54446632  90970.81086801
  76958.30963022 152134.36313232 266661.79827317 236727.04950044
 197836.01209255 137313.1937451  172207.11423818 183963.29213085
 174103.24825736 204431.31394164 158626.21099089 201274.08108039
 116638.56053654 136283.11553958 178372.08581768 129472.16425156
 239207.33423413]

The result for the 18th execution is
Time
25.919935941696167
Query Result
[168005.3694956 165843.597865  157455.8440283 182763.7681723
 164402.4750887 149154.4094004 162713.1724077 156923.124978
 173259.210624  169003.6296738 157199.5673286 170539.9540517
 165952.8613323 162121.6657314 161655.5765561 175037.9320912
 159053.0425961 176370.2036018 181065.214241  194580.3102972
 169507.9040189 171786.372016  171956.4036065 179965.3606692
 182559.5516735]
Noised Result
[176975.22695644 239209.91979763 164484.16368798 191550.77486069
  86259.64388419 155731.98655152 182424.70415669 131188.27127829
 213994.66191672 148226.7587592  221551.36931584 184584.2869967
 217583.42325871 203346.94208122 187304.96145783 167306.4335769
 135908.63380051 117521.20928087  81800.17868913 190311.08044128
 216967.15915071 122107.35380693 169735.68248793 155593.98229782
 208303.29324192]

The result for the 19th execution is
Time
26.072203159332275
Query Result
[168005.3694956 165843.597865  157455.8440283 182763.7681723
 164402.4750887 149154.4094004 162713.1724077 156923.124978
 173259.210624  169003.6296738 157199.5673286 170539.9540517
 165952.8613323 162121.6657314 161655.5765561 175037.9320912
 159053.0425961 176370.2036018 181065.214241  194580.3102972
 169507.9040189 171786.372016  171956.4036065 179965.3606692
 182559.5516735]
Noised Result
[213532.67896217 165455.16876027 141604.40839161 213276.46830936
 152945.90134798 206934.42511826 150339.15737986 123927.31736502
 214227.05579114 159369.17066463 227736.49125613 293979.14427296
 104353.10627312 139758.62858017 146201.0560333  171733.64075522
 133017.44073741 195999.55250042 125380.10180426 247221.85035264
 233189.29431764 147300.15607631  58808.12076787 130507.63696207
 157217.57639478]

