The result for the 0th execution is
Time
6.981307506561279
Query Result
[36031.7823176 49617.5850107 44785.2879396 52519.7666347 41404.5831722
 30252.7206278 34369.7690923 43846.3547746 35577.9657414 41439.1378526
 31918.0852531 41248.6390858 44089.3442638 50239.8534768 41942.3321398
 29264.2044976 37622.8053879 42551.344564  30693.5028567 58822.7147228
 43344.4691436 38256.7966358 37211.5953737 47077.8695891 40946.2602582]
Noised Result
[ 142939.53759317  471252.20422416   -7334.51873213  419448.37055307
   60091.65004524  366908.68510349  160054.94722371  191955.97372183
   28640.61820053  690167.68949335  -68948.4413172   -70369.45941144
 -188019.33185931  422525.8555122  -178036.40207667  -73471.61722173
  -19189.20654084  139652.38377512   42764.92073413 -469817.76076659
   49320.05832243  307968.18122521 -379812.44744853  187227.85206719
  112484.11449542]

The result for the 1th execution is
Time
3.6132452487945557
Query Result
[36031.7823176 49617.5850107 44785.2879396 52519.7666347 41404.5831722
 30252.7206278 34369.7690923 43846.3547746 35577.9657414 41439.1378526
 31918.0852531 41248.6390858 44089.3442638 50239.8534768 41942.3321398
 29264.2044976 37622.8053879 42551.344564  30693.5028567 58822.7147228
 43344.4691436 38256.7966358 37211.5953737 47077.8695891 40946.2602582]
Noised Result
[ 162499.89105204   39724.60154875  249586.96473976  -40309.50843701
   70863.92955048   73984.96007982   71900.5874641  -227844.75573368
   30688.94754173   87079.0456832   -58288.78106005   28915.51772171
  141666.29151077   48480.14781025   70435.61642319 -226795.62891352
  259575.79556333  102395.97362886   56544.71299912 -109449.97227157
  137628.75208523  248224.80435355   35726.63702616  257692.5414513
   91963.90216009]

The result for the 2th execution is
Time
6.551626920700073
Query Result
[36031.7823176 49617.5850107 44785.2879396 52519.7666347 41404.5831722
 30252.7206278 34369.7690923 43846.3547746 35577.9657414 41439.1378526
 31918.0852531 41248.6390858 44089.3442638 50239.8534768 41942.3321398
 29264.2044976 37622.8053879 42551.344564  30693.5028567 58822.7147228
 43344.4691436 38256.7966358 37211.5953737 47077.8695891 40946.2602582]
Noised Result
[ 145287.48283432  275548.4467743  -358516.87371042  189879.40541781
  247972.93548224  -34670.9204483   -19163.18224553    3744.16883016
  265033.83122412  206435.88304131 -226889.62988855 -153516.4609214
  -79897.69240911 -197637.13374068  -49098.91069776  263836.86360266
 -169623.50488952  358177.88088034 -181064.28327233  188183.45273086
  183639.83555094 -348601.46995578  154255.89800654   86206.37489217
  161451.93688148]

The result for the 3th execution is
Time
6.813333511352539
Query Result
[36031.7823176 49617.5850107 44785.2879396 52519.7666347 41404.5831722
 30252.7206278 34369.7690923 43846.3547746 35577.9657414 41439.1378526
 31918.0852531 41248.6390858 44089.3442638 50239.8534768 41942.3321398
 29264.2044976 37622.8053879 42551.344564  30693.5028567 58822.7147228
 43344.4691436 38256.7966358 37211.5953737 47077.8695891 40946.2602582]
Noised Result
[-248413.99070843   75947.12393319 -182366.12020626  231483.26491063
  425377.77573637  -44304.49201587   20079.97699171  227475.20633834
 -187290.93171402  142432.96350292 -267604.05078358   90259.75734274
  243161.79226812  -11184.91993538  -98569.57804884  -28226.77455355
  286212.6484385  -311097.22034113  -92897.33094084  440328.16598369
 -207895.1169428   257533.68286021  280766.18505659 -105291.82365404
   28255.68185189]

The result for the 4th execution is
Time
6.639991760253906
Query Result
[36031.7823176 49617.5850107 44785.2879396 52519.7666347 41404.5831722
 30252.7206278 34369.7690923 43846.3547746 35577.9657414 41439.1378526
 31918.0852531 41248.6390858 44089.3442638 50239.8534768 41942.3321398
 29264.2044976 37622.8053879 42551.344564  30693.5028567 58822.7147228
 43344.4691436 38256.7966358 37211.5953737 47077.8695891 40946.2602582]
Noised Result
[  87815.56102535   40423.43469115   34730.9648325   -42904.24510365
  -31767.64159247  242836.93206298 -268603.85817953  161937.87239496
 -204237.25655753 -106407.02755417   52800.72414755 -123706.47118604
   76398.45390223  127232.2362871    25330.8951189    83864.14187108
 -138261.10065663 -258341.88184341  -85527.46853252  254396.51682864
   56234.11531918  -98185.74364      53982.59772833   -8632.53105827
  175372.38203886]

The result for the 5th execution is
Time
6.606781005859375
Query Result
[36031.7823176 49617.5850107 44785.2879396 52519.7666347 41404.5831722
 30252.7206278 34369.7690923 43846.3547746 35577.9657414 41439.1378526
 31918.0852531 41248.6390858 44089.3442638 50239.8534768 41942.3321398
 29264.2044976 37622.8053879 42551.344564  30693.5028567 58822.7147228
 43344.4691436 38256.7966358 37211.5953737 47077.8695891 40946.2602582]
Noised Result
[ 189034.25983093  169403.47864075  192291.3943033   -14919.77201777
 -181037.33526948  312316.55600522   95085.89858661   21811.99779694
  144051.57420605  265710.21880948  191009.54663678  303072.64510314
  -34874.50839251  -46388.89959272  -40353.77753765  123663.80323705
  324240.80390991  105153.04471502   95431.95635808  233901.17957338
 -308848.4554704    53732.48161215  -28365.42824132   28143.54766253
   79932.18867413]

The result for the 6th execution is
Time
3.9110491275787354
Query Result
[36031.7823176 49617.5850107 44785.2879396 52519.7666347 41404.5831722
 30252.7206278 34369.7690923 43846.3547746 35577.9657414 41439.1378526
 31918.0852531 41248.6390858 44089.3442638 50239.8534768 41942.3321398
 29264.2044976 37622.8053879 42551.344564  30693.5028567 58822.7147228
 43344.4691436 38256.7966358 37211.5953737 47077.8695891 40946.2602582]
Noised Result
[ 241001.48629627  -85696.61398597  193566.64812874  174999.24277524
   73255.19312432 -141953.9028081   332192.45018773  316871.09200661
  302289.6953971   165064.34588104  157220.15273486  -11931.01629755
 -183510.37451051   56806.24322633   75942.41306072  -46938.57355722
  -41826.50778143   -4221.74620871   36427.90746135  109342.5557165
  362569.85881521  215665.77258297  201658.99939711  -81565.82563563
  140973.47332661]

The result for the 7th execution is
Time
3.8975980281829834
Query Result
[36031.7823176 49617.5850107 44785.2879396 52519.7666347 41404.5831722
 30252.7206278 34369.7690923 43846.3547746 35577.9657414 41439.1378526
 31918.0852531 41248.6390858 44089.3442638 50239.8534768 41942.3321398
 29264.2044976 37622.8053879 42551.344564  30693.5028567 58822.7147228
 43344.4691436 38256.7966358 37211.5953737 47077.8695891 40946.2602582]
Noised Result
[-209719.49475366  350037.35226163  162275.70909663 -269164.48284329
  369479.21073791  514421.69903298   95262.87199995 -154651.19322937
 -152884.04905823  -40148.01271486   87338.45324919 -103575.04495213
  -45334.09374197  120062.97858883  -80897.26129751 -499247.09136546
  115245.5414999   271357.44480608  335088.45624935  134681.44200529
  132698.4087545   145273.67182451  -78699.26913848 -444956.64601262
 -178382.38026061]

The result for the 8th execution is
Time
6.617828130722046
Query Result
[36031.7823176 49617.5850107 44785.2879396 52519.7666347 41404.5831722
 30252.7206278 34369.7690923 43846.3547746 35577.9657414 41439.1378526
 31918.0852531 41248.6390858 44089.3442638 50239.8534768 41942.3321398
 29264.2044976 37622.8053879 42551.344564  30693.5028567 58822.7147228
 43344.4691436 38256.7966358 37211.5953737 47077.8695891 40946.2602582]
Noised Result
[  80436.07100734 -104049.8504928   -20688.33631974   95257.48688637
  191306.65678339  -46350.82989922  104726.33018214  -88435.06606925
 -159297.85888538  249607.17477275   99737.24195803 -286759.75328446
 -143767.27193275   84698.78307365  351152.18981208  -86814.0261859
 -205242.58442943 -220216.2412422  -180342.30054671  427529.97112907
 -300073.04621859 -230754.12337208  128383.72696195  -13094.2133211
    5371.14305784]

The result for the 9th execution is
Time
6.684979200363159
Query Result
[36031.7823176 49617.5850107 44785.2879396 52519.7666347 41404.5831722
 30252.7206278 34369.7690923 43846.3547746 35577.9657414 41439.1378526
 31918.0852531 41248.6390858 44089.3442638 50239.8534768 41942.3321398
 29264.2044976 37622.8053879 42551.344564  30693.5028567 58822.7147228
 43344.4691436 38256.7966358 37211.5953737 47077.8695891 40946.2602582]
Noised Result
[  94023.89389895   69876.3349688   -54359.83146421  -30821.73964242
   46094.45281606  212567.39868686  123638.81883798  349416.34200059
  122558.19428195   19427.89520698 -250408.18733505  329271.20151761
   71793.01644924  174206.97293826  181202.10419162  135251.0821188
 -159423.35563612  158857.19467134 -229951.91445388  127335.50257041
   94594.18262592  151117.68105024   69426.55628177   -6640.96925912
   42924.30932834]

The result for the 10th execution is
Time
0.13328289985656738
Query Result
[36031.7823176 49617.5850107 44785.2879396 52519.7666347 41404.5831722
 30252.7206278 34369.7690923 43846.3547746 35577.9657414 41439.1378526
 31918.0852531 41248.6390858 44089.3442638 50239.8534768 41942.3321398
 29264.2044976 37622.8053879 42551.344564  30693.5028567 58822.7147228
 43344.4691436 38256.7966358 37211.5953737 47077.8695891 40946.2602582]
Noised Result
[  482388.05925802  -387999.64269541   127781.8127398    -22442.60572364
  -108489.19966453   665690.27089127   -66887.59673625  -383282.30831984
  -317200.68639442  -119266.1981028  -1110014.65203685   968844.32971512
  -574947.75696452  1379110.54065769   618796.3431387    551861.83111942
  -403429.36876743   356268.95228475  -374648.64877694  -191090.17282616
   944364.1287395    117177.98737329  -706064.78571705   491674.34709055
  -489188.22808309]

The result for the 11th execution is
Time
6.752293348312378
Query Result
[36031.7823176 49617.5850107 44785.2879396 52519.7666347 41404.5831722
 30252.7206278 34369.7690923 43846.3547746 35577.9657414 41439.1378526
 31918.0852531 41248.6390858 44089.3442638 50239.8534768 41942.3321398
 29264.2044976 37622.8053879 42551.344564  30693.5028567 58822.7147228
 43344.4691436 38256.7966358 37211.5953737 47077.8695891 40946.2602582]
Noised Result
[ 516865.94230116  -26543.58976644  198886.78437029  362945.55644036
  122131.4973497   134857.29311316  -73297.48186839  -10720.29004734
   -1581.78876674  250692.86888941  174990.04917618   49430.83574581
  -81988.80549865  326006.20549156  269344.40265045  -20627.12263222
  163138.40611598  160993.96647532  -28704.60313372 -215285.69692375
   22677.02015199 -141483.13453521   44543.09323064  -92607.50268175
  195946.59698101]

The result for the 12th execution is
Time
6.878861427307129
Query Result
[36031.7823176 49617.5850107 44785.2879396 52519.7666347 41404.5831722
 30252.7206278 34369.7690923 43846.3547746 35577.9657414 41439.1378526
 31918.0852531 41248.6390858 44089.3442638 50239.8534768 41942.3321398
 29264.2044976 37622.8053879 42551.344564  30693.5028567 58822.7147228
 43344.4691436 38256.7966358 37211.5953737 47077.8695891 40946.2602582]
Noised Result
[ 486056.15724222  227715.61512081 -200128.19596439 -226603.29589665
  171652.62315209 -144163.7357952   -76368.15559751  178129.17838878
  165323.09558186  -78624.32214468 -313583.07178863   39622.13093541
 -107883.36536744  -67052.37638923  136060.10954893  194226.24085443
  112750.10071031   15002.28666628  300945.51015539   23277.11520169
 -120609.15531366   -8213.63806313   34175.72938598  282932.82330911
  149673.75837947]

The result for the 13th execution is
Time
6.5986175537109375
Query Result
[36031.7823176 49617.5850107 44785.2879396 52519.7666347 41404.5831722
 30252.7206278 34369.7690923 43846.3547746 35577.9657414 41439.1378526
 31918.0852531 41248.6390858 44089.3442638 50239.8534768 41942.3321398
 29264.2044976 37622.8053879 42551.344564  30693.5028567 58822.7147228
 43344.4691436 38256.7966358 37211.5953737 47077.8695891 40946.2602582]
Noised Result
[ 305100.08313899  127401.72049563   55633.22020367  -84396.03042086
  260680.18666893 -113686.20129016  277122.57197743   27290.50404342
   77411.97329955  -59080.33862731   80312.00585034   81580.72037312
  -43769.1971682  -216567.48102852 -137305.48610586   32696.07979317
 -100807.41962627 -122584.89392302  -31917.49161562  232593.18819088
  134628.09674564 -121243.38430435 -199065.41387749  250362.08717011
 -187907.98842037]

The result for the 14th execution is
Time
3.832566976547241
Query Result
[36031.7823176 49617.5850107 44785.2879396 52519.7666347 41404.5831722
 30252.7206278 34369.7690923 43846.3547746 35577.9657414 41439.1378526
 31918.0852531 41248.6390858 44089.3442638 50239.8534768 41942.3321398
 29264.2044976 37622.8053879 42551.344564  30693.5028567 58822.7147228
 43344.4691436 38256.7966358 37211.5953737 47077.8695891 40946.2602582]
Noised Result
[ -16155.92127672 -341915.15558408  145305.07179942   64114.33086281
  147099.54470301  180546.87703058 -251441.19573187   -5924.29684066
  101131.09340206 -224376.95221098   80715.12825059   79003.03081805
 -108244.62167892   35318.27211323   52966.40136145 -253913.46630658
    3342.35670616  -72582.2824893   192277.4265264   169804.27746226
   -7465.51460502  -15434.07714735  -64204.24111834   66866.71242799
   58883.37302971]

The result for the 15th execution is
Time
2.9373013973236084
Query Result
[36031.7823176 49617.5850107 44785.2879396 52519.7666347 41404.5831722
 30252.7206278 34369.7690923 43846.3547746 35577.9657414 41439.1378526
 31918.0852531 41248.6390858 44089.3442638 50239.8534768 41942.3321398
 29264.2044976 37622.8053879 42551.344564  30693.5028567 58822.7147228
 43344.4691436 38256.7966358 37211.5953737 47077.8695891 40946.2602582]
Noised Result
[-1.07476021e+08 -6.46456603e+06  7.92790712e+06 -5.30816196e+07
 -1.07587654e+07  2.73476462e+07 -1.77177352e+07 -8.86591476e+07
 -8.15488023e+06  1.47275772e+07  3.44895008e+07  7.02890972e+07
  2.63645809e+06  1.46945802e+07 -3.01728390e+05  1.81447334e+07
  1.28930972e+06 -3.17795045e+06  4.21134320e+06 -8.80659698e+05
  4.27077424e+07 -6.78968415e+07  8.26891735e+07 -5.20245702e+07
 -8.96844262e+06]

The result for the 16th execution is
Time
6.4456787109375
Query Result
[36031.7823176 49617.5850107 44785.2879396 52519.7666347 41404.5831722
 30252.7206278 34369.7690923 43846.3547746 35577.9657414 41439.1378526
 31918.0852531 41248.6390858 44089.3442638 50239.8534768 41942.3321398
 29264.2044976 37622.8053879 42551.344564  30693.5028567 58822.7147228
 43344.4691436 38256.7966358 37211.5953737 47077.8695891 40946.2602582]
Noised Result
[-115294.96618189  124180.75787389   84206.48497512  308691.05594012
  279802.78421998  -86909.57860699 -175248.06790742 -156074.95085003
  -66029.41881651  -89467.54942501   72287.15343045  144462.6322696
   89397.98217406  -10547.54000926   32131.82331675 -126766.35871706
   75378.41118503 -169647.13935475  121157.28016353  143049.27480806
   46957.04701797  294592.82165268   62784.59746184 -242411.88331915
 -134408.6879397 ]

The result for the 17th execution is
Time
3.8998641967773438
Query Result
[36031.7823176 49617.5850107 44785.2879396 52519.7666347 41404.5831722
 30252.7206278 34369.7690923 43846.3547746 35577.9657414 41439.1378526
 31918.0852531 41248.6390858 44089.3442638 50239.8534768 41942.3321398
 29264.2044976 37622.8053879 42551.344564  30693.5028567 58822.7147228
 43344.4691436 38256.7966358 37211.5953737 47077.8695891 40946.2602582]
Noised Result
[-157295.27793402  258690.83688269   56498.94936632   58804.47219679
  113186.48302847   43108.9961473   110649.95306575  -41417.45539943
  183569.65435991   68127.52739594  193422.42561467   96067.35909595
  200196.58721154  281215.35596563 -155508.3905253    41495.53538268
   41536.91428294  161453.13635921   18483.59427943  259878.31182485
   36999.11717072  159558.48649082  173209.75537499   -6413.69815024
   30458.36910841]

The result for the 18th execution is
Time
7.013787031173706
Query Result
[36031.7823176 49617.5850107 44785.2879396 52519.7666347 41404.5831722
 30252.7206278 34369.7690923 43846.3547746 35577.9657414 41439.1378526
 31918.0852531 41248.6390858 44089.3442638 50239.8534768 41942.3321398
 29264.2044976 37622.8053879 42551.344564  30693.5028567 58822.7147228
 43344.4691436 38256.7966358 37211.5953737 47077.8695891 40946.2602582]
Noised Result
[ 264532.19211969  160172.68415652  152411.30881563  376076.28014933
 -112136.23159872 -108891.75099231 -130528.25553398  200349.26370377
   48611.93377577 -114091.68955156  255511.90102623  -33385.13314908
   53055.8464857   205019.13513249   -4952.58801702  182468.65178636
  105786.60161862  181411.03134211   21637.64905939   16893.08492883
   34914.83048926 -134595.10504372   31384.00391921 -102426.82626914
  316719.56789416]

The result for the 19th execution is
Time
7.255771636962891
Query Result
[36031.7823176 49617.5850107 44785.2879396 52519.7666347 41404.5831722
 30252.7206278 34369.7690923 43846.3547746 35577.9657414 41439.1378526
 31918.0852531 41248.6390858 44089.3442638 50239.8534768 41942.3321398
 29264.2044976 37622.8053879 42551.344564  30693.5028567 58822.7147228
 43344.4691436 38256.7966358 37211.5953737 47077.8695891 40946.2602582]
Noised Result
[  52130.16699482   33091.20810422  238634.09387354   35894.84054003
  132256.21481059  -57745.63837784  -14830.63669133  -21374.57899007
  201816.02318058  254108.93165592    2228.46857635  161418.69840999
 -120074.47554789  133794.33944352  267805.30858622  -62358.24315965
  125340.69219947 -235250.74503647  154124.4611043   181342.23793353
  -37352.33494375  271916.45619786   33549.37834463  182133.88058775
  174922.35310413]

