The result for the 0th execution is
Time
51.27583408355713
Query Result
[178785.7374442 174557.9006419 181130.7630288 178007.1700508
 178629.3175895 183981.5265132 179508.79962   182054.2632795
 178433.1835237 180642.1173946 178696.3642979 179316.7024019
 181096.2497966 180508.6027005 182030.653957  184468.8014629
 180275.230355  179953.9629626 173598.8735155 182313.2524184
 178368.3961764 178718.5234658 180338.0075024 176499.9877865
 184757.5974145 180573.7660357 177992.5390311 179124.1205403
 180323.0249267 181473.5591624 182039.6893376 177833.9126938
 183240.4912288 180618.9906626 181229.5197118 182358.4277789
 174869.4016534 185311.4580631 184284.3233316 175125.1999545
 180636.3556173 178430.3771843 178886.7568026 183465.099696
 180332.4180482 174354.0324156 175975.1614044 179908.0860251
 182143.987523  184142.4632921 183475.1104059 184568.6298516
 182252.5906059 179267.0429276 187281.4729137 182892.6616477
 185850.5213949 181438.7356254 178480.4138082 177548.2573749
 180054.4926496 183473.7215571 179885.7501657 182309.3135361
 177681.9543534 180855.5419212 178269.5511651 182300.2383694
 180198.2867652 184087.5169011 178445.2481758 173844.6310357
 185719.929527  185751.746743  178171.5912106 180441.4535649
 179631.0292587 182803.9687953 181366.0723144 178679.9412387
 179228.4130018 181938.7442667 182097.3414923 181308.7868121
 185634.4631112 180269.0231479 181732.3693378 182225.4799275
 184384.6590956 183596.9372481 179004.6382446 179701.9606384
 185200.7312639 179170.2083539 188103.1661247 184142.9635441
 179566.7185055 178852.4734473 179416.0976936 180572.346269 ]
Noised Result
[180036.98116302 179590.0330773  175260.67099258 181051.13190278
 186179.85810364 186847.6812711  169222.87864619 177452.58345461
 176492.02518501 177360.30488474 188049.22788114 166390.30912621
 176164.61412618 182947.37837618 185061.7162378  185869.83036979
 191971.04886488 181896.26235357 181773.34823405 182154.62991272
 180928.48549626 175316.67941906 185685.47784133 182016.96883571
 185995.62293289 180094.34274427 186541.396492   188870.42284378
 184734.96577819 179485.7817194  188693.47226332 176346.98024562
 183795.74191531 176576.05592699 178009.90029548 183257.26179248
 179381.26243972 184819.69557428 181534.78728689 180718.10206068
 180637.6274769  178370.11992177 172010.38096964 171933.76611189
 179975.6473693  177521.96439709 172004.38523547 177973.26453249
 188520.81680209 185928.44332241 189101.34766098 172738.09588729
 188359.32365154 177134.60237858 185774.32698968 179503.45312828
 188249.38216604 178787.90023876 166419.29650214 176561.06636567
 178586.57930018 186553.45424175 184690.63600187 189922.25413559
 174681.11088827 176577.14329905 185385.46013575 187816.68685535
 181645.57094846 187685.85301234 172820.64860659 179592.52979757
 186646.42909207 180246.17966879 187094.67460667 181674.12784949
 178239.27336916 189303.56561886 186319.02108463 170835.15920413
 175043.03740166 180217.43330491 184160.58703025 182883.95924415
 190270.57669288 184162.25247782 175602.32162414 181159.8189562
 185211.25977371 182591.2565086  190190.08789493 190540.97231083
 185511.46999708 183356.43796424 193416.25695315 177189.55286235
 180852.81595842 177198.49761261 185271.14824451 184031.37024396]

The result for the 1th execution is
Time
56.67896485328674
Query Result
[178785.7374442 174557.9006419 181130.7630288 178007.1700508
 178629.3175895 183981.5265132 179508.79962   182054.2632795
 178433.1835237 180642.1173946 178696.3642979 179316.7024019
 181096.2497966 180508.6027005 182030.653957  184468.8014629
 180275.230355  179953.9629626 173598.8735155 182313.2524184
 178368.3961764 178718.5234658 180338.0075024 176499.9877865
 184757.5974145 180573.7660357 177992.5390311 179124.1205403
 180323.0249267 181473.5591624 182039.6893376 177833.9126938
 183240.4912288 180618.9906626 181229.5197118 182358.4277789
 174869.4016534 185311.4580631 184284.3233316 175125.1999545
 180636.3556173 178430.3771843 178886.7568026 183465.099696
 180332.4180482 174354.0324156 175975.1614044 179908.0860251
 182143.987523  184142.4632921 183475.1104059 184568.6298516
 182252.5906059 179267.0429276 187281.4729137 182892.6616477
 185850.5213949 181438.7356254 178480.4138082 177548.2573749
 180054.4926496 183473.7215571 179885.7501657 182309.3135361
 177681.9543534 180855.5419212 178269.5511651 182300.2383694
 180198.2867652 184087.5169011 178445.2481758 173844.6310357
 185719.929527  185751.746743  178171.5912106 180441.4535649
 179631.0292587 182803.9687953 181366.0723144 178679.9412387
 179228.4130018 181938.7442667 182097.3414923 181308.7868121
 185634.4631112 180269.0231479 181732.3693378 182225.4799275
 184384.6590956 183596.9372481 179004.6382446 179701.9606384
 185200.7312639 179170.2083539 188103.1661247 184142.9635441
 179566.7185055 178852.4734473 179416.0976936 180572.346269 ]
Noised Result
[172125.43238803 180346.13646818 183884.14645526 168015.94219981
 179137.88352438 179388.21758659 179548.21013736 184019.82723622
 184558.67811924 182383.65722219 183044.75939072 184096.54302974
 180543.26886163 170762.12749806 183672.02787787 194238.16804288
 175497.21626394 179077.0214446  175526.76627261 182601.1636775
 177762.85796028 172322.35312112 177402.1718113  180804.21398947
 175047.78556239 173094.68690891 171686.77785271 180288.63928648
 186505.20871809 177278.44567001 185437.11939493 184232.50821258
 178663.56721787 191971.33695568 184552.89266048 179180.17203014
 166658.74620019 184231.51921601 186510.44722945 165976.14353545
 180792.57087426 185644.12874343 181061.57919511 184414.87024262
 179765.41207923 181570.34854609 171016.23062305 183538.84373174
 187061.28804231 192045.98370323 178899.61642722 175418.02727201
 190275.35035781 188286.04856483 189388.68893951 183961.57385332
 190748.383046   187239.90524376 177873.68023437 176770.38566088
 181200.3972082  184757.37219915 184289.91338679 188482.83378907
 171090.62532182 186710.18182787 172993.98238696 191212.98147675
 174380.40190472 189590.2318983  171534.95708546 165487.18724419
 188022.21925779 174555.09626235 181760.1351028  187004.74933574
 179092.08001224 179947.94791919 187764.77424883 174430.20635399
 188901.68962298 174109.66410261 183780.51628377 189662.52854412
 196570.83274864 183636.17759948 189136.29017941 180481.01612843
 177690.3087102  187468.64256719 173764.00606174 190814.50362577
 176002.494425   180983.81310996 193768.02715145 185508.14329154
 177624.03610805 184330.60147578 183571.7286178  182128.82883363]

The result for the 2th execution is
Time
58.636502742767334
Query Result
[178785.7374442 174557.9006419 181130.7630288 178007.1700508
 178629.3175895 183981.5265132 179508.79962   182054.2632795
 178433.1835237 180642.1173946 178696.3642979 179316.7024019
 181096.2497966 180508.6027005 182030.653957  184468.8014629
 180275.230355  179953.9629626 173598.8735155 182313.2524184
 178368.3961764 178718.5234658 180338.0075024 176499.9877865
 184757.5974145 180573.7660357 177992.5390311 179124.1205403
 180323.0249267 181473.5591624 182039.6893376 177833.9126938
 183240.4912288 180618.9906626 181229.5197118 182358.4277789
 174869.4016534 185311.4580631 184284.3233316 175125.1999545
 180636.3556173 178430.3771843 178886.7568026 183465.099696
 180332.4180482 174354.0324156 175975.1614044 179908.0860251
 182143.987523  184142.4632921 183475.1104059 184568.6298516
 182252.5906059 179267.0429276 187281.4729137 182892.6616477
 185850.5213949 181438.7356254 178480.4138082 177548.2573749
 180054.4926496 183473.7215571 179885.7501657 182309.3135361
 177681.9543534 180855.5419212 178269.5511651 182300.2383694
 180198.2867652 184087.5169011 178445.2481758 173844.6310357
 185719.929527  185751.746743  178171.5912106 180441.4535649
 179631.0292587 182803.9687953 181366.0723144 178679.9412387
 179228.4130018 181938.7442667 182097.3414923 181308.7868121
 185634.4631112 180269.0231479 181732.3693378 182225.4799275
 184384.6590956 183596.9372481 179004.6382446 179701.9606384
 185200.7312639 179170.2083539 188103.1661247 184142.9635441
 179566.7185055 178852.4734473 179416.0976936 180572.346269 ]
Noised Result
[165223.97879645 163839.57244199 174477.37457015 176203.91689201
 175341.7808402  182661.22142653 181055.94271537 183087.84964353
 171748.31784087 180456.62272361 175327.98760199 177983.50074386
 173113.61943953 183823.41735394 188335.60866568 185769.61988022
 177991.3244963  185005.0636369  168664.24327739 184601.78487872
 181328.01917566 170697.58136481 184035.20471514 178654.14555297
 185394.47243916 181197.57433399 173037.77477205 175481.14975075
 184472.93799662 185186.25642471 177328.96471795 177713.99954113
 193784.54144515 177462.32668688 183371.59935931 186137.92834767
 167329.29807256 182900.35215469 181078.43641587 173520.07762294
 186073.85628295 182495.9414741  177265.19033869 187462.43703061
 181935.19244682 172509.19180423 176398.65486312 189195.59677262
 180205.1677092  180285.32699068 176871.44891318 181970.83030074
 174541.91346563 182329.30976712 184703.0243705  186470.4442405
 175108.51606615 196107.83297647 183258.00814893 181103.22026624
 174632.17574305 180640.30648359 181757.91547692 182030.92825529
 168919.34220885 177677.7789133  185436.25819946 182433.56466344
 184763.40736374 193652.31023437 178762.7954063  179901.68292647
 187940.03525348 187296.18581021 186870.67787403 181601.53720189
 181157.62659236 182314.1419131  184986.47487554 172518.59573148
 173723.72879146 180859.93741319 187816.99130821 189524.11711865
 184806.95260738 187273.24919765 183406.66838154 181346.46810619
 172871.96947276 185133.0826097  181132.39345649 177544.91521779
 192116.39188029 181291.7844248  189381.24129709 176791.99911803
 183266.52137519 172440.79755166 181859.16458584 194373.78634397]

The result for the 3th execution is
Time
53.698508501052856
Query Result
[178785.7374442 174557.9006419 181130.7630288 178007.1700508
 178629.3175895 183981.5265132 179508.79962   182054.2632795
 178433.1835237 180642.1173946 178696.3642979 179316.7024019
 181096.2497966 180508.6027005 182030.653957  184468.8014629
 180275.230355  179953.9629626 173598.8735155 182313.2524184
 178368.3961764 178718.5234658 180338.0075024 176499.9877865
 184757.5974145 180573.7660357 177992.5390311 179124.1205403
 180323.0249267 181473.5591624 182039.6893376 177833.9126938
 183240.4912288 180618.9906626 181229.5197118 182358.4277789
 174869.4016534 185311.4580631 184284.3233316 175125.1999545
 180636.3556173 178430.3771843 178886.7568026 183465.099696
 180332.4180482 174354.0324156 175975.1614044 179908.0860251
 182143.987523  184142.4632921 183475.1104059 184568.6298516
 182252.5906059 179267.0429276 187281.4729137 182892.6616477
 185850.5213949 181438.7356254 178480.4138082 177548.2573749
 180054.4926496 183473.7215571 179885.7501657 182309.3135361
 177681.9543534 180855.5419212 178269.5511651 182300.2383694
 180198.2867652 184087.5169011 178445.2481758 173844.6310357
 185719.929527  185751.746743  178171.5912106 180441.4535649
 179631.0292587 182803.9687953 181366.0723144 178679.9412387
 179228.4130018 181938.7442667 182097.3414923 181308.7868121
 185634.4631112 180269.0231479 181732.3693378 182225.4799275
 184384.6590956 183596.9372481 179004.6382446 179701.9606384
 185200.7312639 179170.2083539 188103.1661247 184142.9635441
 179566.7185055 178852.4734473 179416.0976936 180572.346269 ]
Noised Result
[190961.24890267 181072.54863207 171544.22643704 159700.24363695
 173269.18002044 191219.40517275 179644.58149297 177861.84999717
 186227.93259745 190860.60900242 181130.3324077  200922.02135749
 178919.90516824 182125.36869078 175763.13682153 178904.39436964
 185683.56088495 166216.40665392 162256.43731533 172109.76958662
 170337.26574416 179554.2419907  188703.16945175 182771.42034492
 176033.97572649 180703.85519601 191950.08348918 178797.71156069
 195641.61805452 191490.19838438 172994.8328065  191438.7879832
 144965.60824016 168182.4625392  181343.93451166 169571.29296705
 164389.20916503 193921.34938097 170505.35746043 181678.11635103
 179209.7958526  190107.59421907 211459.82651734 169478.87264273
 184783.98700509 174302.5524036  168879.17641123 176214.00146732
 167549.55653356 162242.70327868 188621.43286604 205230.81625409
 181492.99321775 173187.5083171  206610.76795229 177050.75739489
 183070.88167987 166831.95225156 166966.98427346 199803.59516593
 181721.66415684 200249.66649691 185995.5500014  189851.87200977
 178134.13054505 186710.11832019 176985.08190969 182078.67967742
 177067.76952829 184730.75121461 168235.99581114 173138.91840731
 173215.67648446 193063.81752059 176863.12516653 183458.93603222
 173437.63191776 180482.5315827  183422.90118996 175471.4622067
 176771.1813159  191921.71507238 187683.03830237 187585.19830184
 187878.7720422  186369.04189444 165582.74633416 165418.88630578
 204752.88481673 177608.26651968 186534.06200731 173434.94831787
 184282.85191654 166714.29691572 199030.50809977 192461.85011414
 190735.49440588 177220.15837469 157406.19324925 174493.57363456]

The result for the 4th execution is
Time
47.64079427719116
Query Result
[178785.7374442 174557.9006419 181130.7630288 178007.1700508
 178629.3175895 183981.5265132 179508.79962   182054.2632795
 178433.1835237 180642.1173946 178696.3642979 179316.7024019
 181096.2497966 180508.6027005 182030.653957  184468.8014629
 180275.230355  179953.9629626 173598.8735155 182313.2524184
 178368.3961764 178718.5234658 180338.0075024 176499.9877865
 184757.5974145 180573.7660357 177992.5390311 179124.1205403
 180323.0249267 181473.5591624 182039.6893376 177833.9126938
 183240.4912288 180618.9906626 181229.5197118 182358.4277789
 174869.4016534 185311.4580631 184284.3233316 175125.1999545
 180636.3556173 178430.3771843 178886.7568026 183465.099696
 180332.4180482 174354.0324156 175975.1614044 179908.0860251
 182143.987523  184142.4632921 183475.1104059 184568.6298516
 182252.5906059 179267.0429276 187281.4729137 182892.6616477
 185850.5213949 181438.7356254 178480.4138082 177548.2573749
 180054.4926496 183473.7215571 179885.7501657 182309.3135361
 177681.9543534 180855.5419212 178269.5511651 182300.2383694
 180198.2867652 184087.5169011 178445.2481758 173844.6310357
 185719.929527  185751.746743  178171.5912106 180441.4535649
 179631.0292587 182803.9687953 181366.0723144 178679.9412387
 179228.4130018 181938.7442667 182097.3414923 181308.7868121
 185634.4631112 180269.0231479 181732.3693378 182225.4799275
 184384.6590956 183596.9372481 179004.6382446 179701.9606384
 185200.7312639 179170.2083539 188103.1661247 184142.9635441
 179566.7185055 178852.4734473 179416.0976936 180572.346269 ]
Noised Result
[161919.48900221 169976.70082131 190321.518487   164948.59401492
 194562.04219724 189739.84156566 178833.94766431 175422.80474987
 164254.63228173 178500.48338758 184626.2961601  183734.80845676
 195028.17421426 188879.90312966 172229.28748357 192068.57881991
 199150.78061733 175839.64876712 178810.97924432 198678.33516941
 171764.86117197 176025.42062716 187749.52011194 190756.69833023
 203253.50386937 183133.13604873 179452.62463979 200121.9650218
 176342.09950367 158229.87969674 187387.85033317 195128.36513425
 182060.84185132 181100.8160992  160352.8917809  170116.51825004
 184065.13498054 191021.9615305  196099.37988572 180273.52705489
 181028.44003458 156679.62524734 179374.54475409 194897.29357059
 181290.61818782 178099.35811995 181064.13267446 183768.37055468
 187892.75597034 188265.61878984 190097.33954023 176866.46123926
 186037.10356631 174250.29837493 188594.91605096 153602.34333704
 191209.40358973 193519.39341247 180937.68569036 192417.18607424
 179602.10771858 181697.86525045 177421.36152087 175441.65675436
 168051.57240278 179303.63854058 186199.32759604 184406.8765409
 195760.52616345 191740.66105575 183288.35107448 205707.76863814
 183757.09650151 190072.67903994 183002.22785054 182722.18769677
 183819.97785117 179830.13960326 178377.30617357 183194.09906796
 166058.05306924 189008.07642132 173168.14068475 195996.94018099
 187760.52665114 181688.49676974 186851.17635873 179208.27514296
 178635.83644824 173846.41107658 166390.87006089 207653.77058447
 172198.92626526 194182.49107837 183988.79177259 169626.71120243
 181982.25049469 182674.12334524 172113.60635431 174586.00934869]

The result for the 5th execution is
Time
50.86093735694885
Query Result
[178785.7374442 174557.9006419 181130.7630288 178007.1700508
 178629.3175895 183981.5265132 179508.79962   182054.2632795
 178433.1835237 180642.1173946 178696.3642979 179316.7024019
 181096.2497966 180508.6027005 182030.653957  184468.8014629
 180275.230355  179953.9629626 173598.8735155 182313.2524184
 178368.3961764 178718.5234658 180338.0075024 176499.9877865
 184757.5974145 180573.7660357 177992.5390311 179124.1205403
 180323.0249267 181473.5591624 182039.6893376 177833.9126938
 183240.4912288 180618.9906626 181229.5197118 182358.4277789
 174869.4016534 185311.4580631 184284.3233316 175125.1999545
 180636.3556173 178430.3771843 178886.7568026 183465.099696
 180332.4180482 174354.0324156 175975.1614044 179908.0860251
 182143.987523  184142.4632921 183475.1104059 184568.6298516
 182252.5906059 179267.0429276 187281.4729137 182892.6616477
 185850.5213949 181438.7356254 178480.4138082 177548.2573749
 180054.4926496 183473.7215571 179885.7501657 182309.3135361
 177681.9543534 180855.5419212 178269.5511651 182300.2383694
 180198.2867652 184087.5169011 178445.2481758 173844.6310357
 185719.929527  185751.746743  178171.5912106 180441.4535649
 179631.0292587 182803.9687953 181366.0723144 178679.9412387
 179228.4130018 181938.7442667 182097.3414923 181308.7868121
 185634.4631112 180269.0231479 181732.3693378 182225.4799275
 184384.6590956 183596.9372481 179004.6382446 179701.9606384
 185200.7312639 179170.2083539 188103.1661247 184142.9635441
 179566.7185055 178852.4734473 179416.0976936 180572.346269 ]
Noised Result
[180670.30280671 175389.42862775 184525.68497979 175640.44244794
 182672.28279107 192619.67752807 178004.39642254 177424.3688208
 185780.15564665 177285.22657539 168362.91614264 176656.08934333
 186722.08070796 189883.10396208 181721.96235772 182489.0514624
 179122.66212123 186940.05236929 161092.22523127 189256.73489349
 184218.1681911  180418.90414018 179476.53190385 170604.04457701
 192581.94295472 178976.88106434 183789.44079729 175971.56800428
 190739.07261572 199624.04793425 178857.67818426 177141.38480817
 173334.73303138 187233.314634   175736.1461979  186308.49644888
 172178.47869367 180895.35161881 178664.05145365 174163.15381593
 184430.63857291 172911.32706194 175906.30552212 187663.88119151
 191595.11645623 167889.28615809 177784.15197407 183449.19203373
 172739.26348721 191534.08653703 194291.41213846 181887.98432508
 178059.21630678 179225.69136584 189985.48343493 175025.23628601
 184657.81333223 179719.80889635 190645.68050806 172902.37360787
 183474.46762079 178539.16228579 183282.7120685  186154.86322022
 179676.32250167 185167.16185284 169586.58846187 185173.30006955
 183754.3988697  179319.63237237 180247.46537804 170567.97898405
 184832.24226435 179496.01459745 179055.01999489 177443.30806248
 176172.22815144 179998.72964318 188411.35945956 173378.16749698
 172613.99133118 176549.43922604 176082.94087147 185579.97436289
 184508.64087948 167119.59025604 181888.48513858 181822.62205152
 179611.90709074 180061.9110958  182463.99956562 174750.40133754
 194696.2423914  179946.92750708 191478.3751932  184101.77474784
 170859.25140243 183005.23021232 181596.14215107 176452.12830675]

The result for the 6th execution is
Time
49.88066005706787
Query Result
[178785.7374442 174557.9006419 181130.7630288 178007.1700508
 178629.3175895 183981.5265132 179508.79962   182054.2632795
 178433.1835237 180642.1173946 178696.3642979 179316.7024019
 181096.2497966 180508.6027005 182030.653957  184468.8014629
 180275.230355  179953.9629626 173598.8735155 182313.2524184
 178368.3961764 178718.5234658 180338.0075024 176499.9877865
 184757.5974145 180573.7660357 177992.5390311 179124.1205403
 180323.0249267 181473.5591624 182039.6893376 177833.9126938
 183240.4912288 180618.9906626 181229.5197118 182358.4277789
 174869.4016534 185311.4580631 184284.3233316 175125.1999545
 180636.3556173 178430.3771843 178886.7568026 183465.099696
 180332.4180482 174354.0324156 175975.1614044 179908.0860251
 182143.987523  184142.4632921 183475.1104059 184568.6298516
 182252.5906059 179267.0429276 187281.4729137 182892.6616477
 185850.5213949 181438.7356254 178480.4138082 177548.2573749
 180054.4926496 183473.7215571 179885.7501657 182309.3135361
 177681.9543534 180855.5419212 178269.5511651 182300.2383694
 180198.2867652 184087.5169011 178445.2481758 173844.6310357
 185719.929527  185751.746743  178171.5912106 180441.4535649
 179631.0292587 182803.9687953 181366.0723144 178679.9412387
 179228.4130018 181938.7442667 182097.3414923 181308.7868121
 185634.4631112 180269.0231479 181732.3693378 182225.4799275
 184384.6590956 183596.9372481 179004.6382446 179701.9606384
 185200.7312639 179170.2083539 188103.1661247 184142.9635441
 179566.7185055 178852.4734473 179416.0976936 180572.346269 ]
Noised Result
[176401.15057731 171533.74513552 179389.2095324  183570.94986144
 180066.3879569  185456.56822422 176454.08208245 172578.32073947
 184283.77534357 180676.98587639 182948.01384824 185426.81005458
 179915.28232876 181878.31272576 190810.19641606 186758.95095964
 183468.37346096 180364.33457751 177253.13273602 195727.40318937
 168327.6419045  186832.74510124 182021.23107186 171644.25761616
 183221.01988433 177384.36190832 169577.69099706 179347.21483251
 181090.21132259 174735.98869565 184389.27081918 179279.35832537
 183247.24234357 180704.07766651 185129.63241356 190864.14381229
 178709.21971465 176292.93871853 183850.30528673 168162.21950202
 178459.14661707 171617.66026206 182649.08111917 181295.93765419
 175605.90394057 170791.96322351 175461.29227493 179122.23472898
 178164.65733195 175077.89025507 182973.10430393 187390.6247385
 177924.16943517 173194.41207817 180167.83849945 186694.21094742
 189793.54305215 181701.29747791 189292.76915623 180008.09250286
 166618.51536786 176792.24464488 181696.28234552 190286.54383716
 177855.28715959 177126.09389043 183047.41211175 175510.27080613
 171516.47128017 183795.58272487 181327.26231534 177484.03429017
 186224.88776323 188665.41496568 172128.57084328 177515.82463759
 167757.28624643 197368.96845948 183325.87601514 179623.70863611
 179939.51983328 182969.22003163 182862.29619676 182915.44888293
 188975.38247654 179190.16552617 186159.05510656 183589.37094903
 188420.36329227 191269.22228979 180650.0232464  172772.48638832
 182914.06011073 176856.13104394 187556.56118422 193570.43956167
 183328.22358405 180583.27568965 177872.57992434 182015.35099876]

The result for the 7th execution is
Time
51.17217779159546
Query Result
[178785.7374442 174557.9006419 181130.7630288 178007.1700508
 178629.3175895 183981.5265132 179508.79962   182054.2632795
 178433.1835237 180642.1173946 178696.3642979 179316.7024019
 181096.2497966 180508.6027005 182030.653957  184468.8014629
 180275.230355  179953.9629626 173598.8735155 182313.2524184
 178368.3961764 178718.5234658 180338.0075024 176499.9877865
 184757.5974145 180573.7660357 177992.5390311 179124.1205403
 180323.0249267 181473.5591624 182039.6893376 177833.9126938
 183240.4912288 180618.9906626 181229.5197118 182358.4277789
 174869.4016534 185311.4580631 184284.3233316 175125.1999545
 180636.3556173 178430.3771843 178886.7568026 183465.099696
 180332.4180482 174354.0324156 175975.1614044 179908.0860251
 182143.987523  184142.4632921 183475.1104059 184568.6298516
 182252.5906059 179267.0429276 187281.4729137 182892.6616477
 185850.5213949 181438.7356254 178480.4138082 177548.2573749
 180054.4926496 183473.7215571 179885.7501657 182309.3135361
 177681.9543534 180855.5419212 178269.5511651 182300.2383694
 180198.2867652 184087.5169011 178445.2481758 173844.6310357
 185719.929527  185751.746743  178171.5912106 180441.4535649
 179631.0292587 182803.9687953 181366.0723144 178679.9412387
 179228.4130018 181938.7442667 182097.3414923 181308.7868121
 185634.4631112 180269.0231479 181732.3693378 182225.4799275
 184384.6590956 183596.9372481 179004.6382446 179701.9606384
 185200.7312639 179170.2083539 188103.1661247 184142.9635441
 179566.7185055 178852.4734473 179416.0976936 180572.346269 ]
Noised Result
[182974.91616833 169447.28675891 190692.85533717 180804.48673495
 172440.30530491 179509.33003702 183253.11781832 186980.34032672
 178373.36265764 180697.52542336 177562.56052659 185198.34063449
 180810.99817362 175134.0268044  176414.01894717 183461.69548047
 177918.80384666 180682.11517221 169141.05211953 169566.19637204
 177007.49621374 181222.85691312 178671.42544068 177359.07505609
 183647.52699095 188772.86451583 184146.27992422 180864.4833207
 173035.96068146 185006.66011153 180999.76237847 174214.97669889
 187386.9422559  176825.23426724 177285.44808417 177874.42942894
 167625.67455986 183623.17494753 190239.12374424 179597.19545806
 177864.56895353 172107.98611124 185368.68492399 182146.40859044
 174492.61313904 178138.61356475 176805.73886962 182220.33199938
 179270.56498132 180439.49146885 180567.74154093 179398.05289919
 170691.18601704 170806.35695897 183275.97091665 176871.56300065
 177619.05483573 179136.94149944 185572.31188602 179551.65081725
 185835.81767429 177900.95548736 188294.73242169 190966.02066319
 172990.8809149  183642.46872343 168335.06899054 180906.49573284
 175903.44538221 190189.00770248 177059.33310619 172899.60564222
 188081.95513108 182834.56974715 178208.71014617 186840.46330663
 173154.35394092 176992.87161935 171459.27770268 176490.84694358
 172823.12432995 180419.89696165 175729.60068352 181085.78017861
 175899.17618111 179341.55003513 187765.04597593 178973.17558577
 199986.14401776 178159.47736545 175480.59441015 182698.14740141
 192524.25722959 177282.52672399 192907.15877452 181051.21486755
 193567.73175437 179043.07438646 172999.68937248 178666.190564  ]

The result for the 8th execution is
Time
53.78822326660156
Query Result
[178785.7374442 174557.9006419 181130.7630288 178007.1700508
 178629.3175895 183981.5265132 179508.79962   182054.2632795
 178433.1835237 180642.1173946 178696.3642979 179316.7024019
 181096.2497966 180508.6027005 182030.653957  184468.8014629
 180275.230355  179953.9629626 173598.8735155 182313.2524184
 178368.3961764 178718.5234658 180338.0075024 176499.9877865
 184757.5974145 180573.7660357 177992.5390311 179124.1205403
 180323.0249267 181473.5591624 182039.6893376 177833.9126938
 183240.4912288 180618.9906626 181229.5197118 182358.4277789
 174869.4016534 185311.4580631 184284.3233316 175125.1999545
 180636.3556173 178430.3771843 178886.7568026 183465.099696
 180332.4180482 174354.0324156 175975.1614044 179908.0860251
 182143.987523  184142.4632921 183475.1104059 184568.6298516
 182252.5906059 179267.0429276 187281.4729137 182892.6616477
 185850.5213949 181438.7356254 178480.4138082 177548.2573749
 180054.4926496 183473.7215571 179885.7501657 182309.3135361
 177681.9543534 180855.5419212 178269.5511651 182300.2383694
 180198.2867652 184087.5169011 178445.2481758 173844.6310357
 185719.929527  185751.746743  178171.5912106 180441.4535649
 179631.0292587 182803.9687953 181366.0723144 178679.9412387
 179228.4130018 181938.7442667 182097.3414923 181308.7868121
 185634.4631112 180269.0231479 181732.3693378 182225.4799275
 184384.6590956 183596.9372481 179004.6382446 179701.9606384
 185200.7312639 179170.2083539 188103.1661247 184142.9635441
 179566.7185055 178852.4734473 179416.0976936 180572.346269 ]
Noised Result
[180528.23921662 170813.03604395 179759.38903494 184098.29173429
 177104.81594014 177872.10912704 182516.48147218 189977.81888068
 180467.61713884 177773.53448948 183656.6453731  178746.148457
 177652.66542741 179145.02865482 191774.04970629 178144.51636039
 175103.54939432 180170.02559996 176114.12054673 178037.21293124
 187450.64060575 190187.62349533 189288.13841934 182822.75990836
 194647.89002544 177344.42505187 191927.18031962 174592.74333717
 167909.81188722 188223.22051264 178605.04828557 183547.4983481
 183012.69720137 182034.34307522 173496.21421905 190354.54779191
 169893.25618668 187284.73341179 180620.81321081 184955.32670276
 181206.23742773 192545.63304975 175665.47564014 173670.80169522
 181497.22967109 168488.96275106 179283.5679688  184701.59014998
 179384.65146933 172223.09706482 195784.5606232  185173.25176564
 181191.34110841 187937.10142815 179998.76181593 178981.28255695
 187106.38828763 179893.30873663 189131.56828672 186131.58284654
 182379.99714991 175984.54003799 174289.23942996 184215.93506195
 175574.78830498 173577.75111184 184014.65672207 174509.47591791
 178468.61998307 187536.60452435 176509.13914333 169164.35030429
 184275.53506589 200886.7096055  177561.1665698  175501.79546718
 183970.04150145 185695.5859214  178307.85244841 177579.01419665
 183507.07375647 184466.12018304 173762.22661861 179864.58189034
 189668.45932269 191158.16319724 183810.90134162 180753.64239237
 187724.14040868 183510.3539193  169560.68047145 179663.26830744
 175603.23859473 174911.03155403 188341.71100723 181670.72884061
 179304.19788363 180709.53291936 179860.31268391 175594.97267267]

The result for the 9th execution is
Time
52.870142459869385
Query Result
[178785.7374442 174557.9006419 181130.7630288 178007.1700508
 178629.3175895 183981.5265132 179508.79962   182054.2632795
 178433.1835237 180642.1173946 178696.3642979 179316.7024019
 181096.2497966 180508.6027005 182030.653957  184468.8014629
 180275.230355  179953.9629626 173598.8735155 182313.2524184
 178368.3961764 178718.5234658 180338.0075024 176499.9877865
 184757.5974145 180573.7660357 177992.5390311 179124.1205403
 180323.0249267 181473.5591624 182039.6893376 177833.9126938
 183240.4912288 180618.9906626 181229.5197118 182358.4277789
 174869.4016534 185311.4580631 184284.3233316 175125.1999545
 180636.3556173 178430.3771843 178886.7568026 183465.099696
 180332.4180482 174354.0324156 175975.1614044 179908.0860251
 182143.987523  184142.4632921 183475.1104059 184568.6298516
 182252.5906059 179267.0429276 187281.4729137 182892.6616477
 185850.5213949 181438.7356254 178480.4138082 177548.2573749
 180054.4926496 183473.7215571 179885.7501657 182309.3135361
 177681.9543534 180855.5419212 178269.5511651 182300.2383694
 180198.2867652 184087.5169011 178445.2481758 173844.6310357
 185719.929527  185751.746743  178171.5912106 180441.4535649
 179631.0292587 182803.9687953 181366.0723144 178679.9412387
 179228.4130018 181938.7442667 182097.3414923 181308.7868121
 185634.4631112 180269.0231479 181732.3693378 182225.4799275
 184384.6590956 183596.9372481 179004.6382446 179701.9606384
 185200.7312639 179170.2083539 188103.1661247 184142.9635441
 179566.7185055 178852.4734473 179416.0976936 180572.346269 ]
Noised Result
[178928.0600651  171289.86244532 178884.70164334 168485.27624984
 161566.99074717 186362.93804771 168932.20958753 186194.23246587
 172103.11003581 177779.89188479 181296.12676058 174875.65737646
 180164.91344646 178732.44626288 176192.89500346 188341.74252809
 178580.20935348 180557.25292622 176965.28350125 178166.51868413
 171314.15722757 171106.47169234 189481.43390088 182353.36058108
 174996.57411972 183855.73072336 166207.87062595 175664.23943879
 185821.7257415  174544.3838386  183293.16327323 169283.17133433
 197150.81756392 176803.58591433 180834.90339857 174357.64937855
 174964.61633466 183974.1142558  181593.3980817  179366.64132262
 190963.33180949 185860.16400137 174015.18655788 171093.02802188
 179486.74617291 170298.63793558 176221.99622488 181731.72676707
 187960.89699545 189097.81033015 187085.02406639 182424.35403539
 187230.76964365 184323.11185207 197116.69817873 169471.95493595
 184829.54961561 188284.2419543  181568.86524858 172546.80709665
 179823.1593072  168763.63344646 180008.65420355 175928.99961028
 176294.91268109 189928.76585606 177985.6817908  181133.2622481
 186414.89305276 201109.5842965  178804.31593204 172818.26126172
 188240.99569217 180305.50149861 180734.91489712 187894.83645322
 184283.43946814 177431.35613663 183863.83307575 184914.4353769
 187042.0597063  182953.49278756 189439.92753083 189748.37259241
 191987.74158264 186307.52630559 185500.85056262 175568.28494767
 179421.18126607 185113.23589509 190768.08222065 177416.19560021
 184864.35016689 182072.91042269 185515.26754771 189561.73948251
 174452.9971494  182842.06794914 177555.23540245 170588.57161459]

The result for the 10th execution is
Time
59.39122128486633
Query Result
[178785.7374442 174557.9006419 181130.7630288 178007.1700508
 178629.3175895 183981.5265132 179508.79962   182054.2632795
 178433.1835237 180642.1173946 178696.3642979 179316.7024019
 181096.2497966 180508.6027005 182030.653957  184468.8014629
 180275.230355  179953.9629626 173598.8735155 182313.2524184
 178368.3961764 178718.5234658 180338.0075024 176499.9877865
 184757.5974145 180573.7660357 177992.5390311 179124.1205403
 180323.0249267 181473.5591624 182039.6893376 177833.9126938
 183240.4912288 180618.9906626 181229.5197118 182358.4277789
 174869.4016534 185311.4580631 184284.3233316 175125.1999545
 180636.3556173 178430.3771843 178886.7568026 183465.099696
 180332.4180482 174354.0324156 175975.1614044 179908.0860251
 182143.987523  184142.4632921 183475.1104059 184568.6298516
 182252.5906059 179267.0429276 187281.4729137 182892.6616477
 185850.5213949 181438.7356254 178480.4138082 177548.2573749
 180054.4926496 183473.7215571 179885.7501657 182309.3135361
 177681.9543534 180855.5419212 178269.5511651 182300.2383694
 180198.2867652 184087.5169011 178445.2481758 173844.6310357
 185719.929527  185751.746743  178171.5912106 180441.4535649
 179631.0292587 182803.9687953 181366.0723144 178679.9412387
 179228.4130018 181938.7442667 182097.3414923 181308.7868121
 185634.4631112 180269.0231479 181732.3693378 182225.4799275
 184384.6590956 183596.9372481 179004.6382446 179701.9606384
 185200.7312639 179170.2083539 188103.1661247 184142.9635441
 179566.7185055 178852.4734473 179416.0976936 180572.346269 ]
Noised Result
[176084.80859538 168222.57752705 174748.71286903 182464.25709505
 168068.33887954 188330.72288622 183746.70062065 179376.83497028
 177223.92291402 183219.82380089 175885.7979405  181152.27348096
 183379.33089841 181243.48727111 180826.79876088 182677.02919785
 190154.21200761 180980.01965453 176494.82132694 186585.39756126
 173444.28129254 188439.86384935 174445.80983669 172462.90327112
 188714.99700203 186803.87701784 161197.105547   180362.56827651
 183725.12351824 188993.99952885 185651.84888849 171150.89314771
 191171.36663929 173505.03779722 173402.62050049 183034.51662338
 175275.04193797 187694.91317816 182787.18247717 165712.21852195
 192004.69473059 185058.75483338 176320.29765048 199191.53048462
 178057.04896238 174448.53270977 184073.21213979 188381.06302815
 177792.86886621 184153.91266599 167128.54695161 193724.58279062
 183252.71990259 178835.46090694 194372.90713677 182763.88714751
 186620.22329628 192253.9927303  183481.48774453 184080.51682832
 185351.26908043 182896.60685827 179299.93007067 171688.53848868
 173023.10530501 180899.29945127 184684.39857711 190360.61646301
 181436.88719339 180457.81359282 177569.78983998 166874.36402774
 182362.02499982 184139.67408629 177570.96826371 184376.55722431
 185527.34911203 183539.00223541 178922.006374   182064.65600904
 175357.54916703 174876.80816878 178536.99721688 184155.69712122
 185115.91671292 180568.40839478 178067.5925449  173123.69087718
 184659.94992106 184171.28439653 184092.93071728 183307.25355623
 176526.70755564 175778.44022057 191284.6363155  191391.59795427
 176223.922328   187520.32573507 174168.25558782 183366.00175148]

The result for the 11th execution is
Time
51.35282802581787
Query Result
[178785.7374442 174557.9006419 181130.7630288 178007.1700508
 178629.3175895 183981.5265132 179508.79962   182054.2632795
 178433.1835237 180642.1173946 178696.3642979 179316.7024019
 181096.2497966 180508.6027005 182030.653957  184468.8014629
 180275.230355  179953.9629626 173598.8735155 182313.2524184
 178368.3961764 178718.5234658 180338.0075024 176499.9877865
 184757.5974145 180573.7660357 177992.5390311 179124.1205403
 180323.0249267 181473.5591624 182039.6893376 177833.9126938
 183240.4912288 180618.9906626 181229.5197118 182358.4277789
 174869.4016534 185311.4580631 184284.3233316 175125.1999545
 180636.3556173 178430.3771843 178886.7568026 183465.099696
 180332.4180482 174354.0324156 175975.1614044 179908.0860251
 182143.987523  184142.4632921 183475.1104059 184568.6298516
 182252.5906059 179267.0429276 187281.4729137 182892.6616477
 185850.5213949 181438.7356254 178480.4138082 177548.2573749
 180054.4926496 183473.7215571 179885.7501657 182309.3135361
 177681.9543534 180855.5419212 178269.5511651 182300.2383694
 180198.2867652 184087.5169011 178445.2481758 173844.6310357
 185719.929527  185751.746743  178171.5912106 180441.4535649
 179631.0292587 182803.9687953 181366.0723144 178679.9412387
 179228.4130018 181938.7442667 182097.3414923 181308.7868121
 185634.4631112 180269.0231479 181732.3693378 182225.4799275
 184384.6590956 183596.9372481 179004.6382446 179701.9606384
 185200.7312639 179170.2083539 188103.1661247 184142.9635441
 179566.7185055 178852.4734473 179416.0976936 180572.346269 ]
Noised Result
[186284.08410596 174756.05104946 178829.47113846 186474.13924919
 177410.4355995  180149.06769801 184475.70141871 178690.99373057
 178152.07224772 185079.36063794 170622.05300699 176497.10406504
 181789.15497379 177791.03116157 174325.61931919 189757.79576564
 177946.99257304 182691.28430579 175649.69616926 192350.58016204
 170228.11448509 179556.72105885 182787.23358967 177967.58095218
 187615.30964475 178511.5227559  185693.92292067 177464.06706585
 177128.93001195 176664.89376833 182715.5800375  181363.48647518
 182084.27349083 184251.4519032  183981.70129893 173114.93356322
 177316.97467967 179258.44966435 174606.89652026 172803.14870585
 177542.29030061 182743.57703399 175765.01024858 175511.63434713
 177521.42238362 169912.91544098 171431.54408812 185664.32511775
 187718.37801915 185906.57036791 173708.44685072 191333.93226423
 178607.7168169  174423.81630756 192521.96013571 192830.21482744
 185805.31623077 182771.08674443 173916.54613468 177978.65857365
 177569.96512519 186440.87270186 176462.65100852 185100.08776984
 178060.46510276 184297.56371088 168372.99461586 181948.202681
 183356.27545491 191445.12465504 177854.4840757  183990.39737642
 182472.45099174 187195.4836202  186286.67935001 190603.75829672
 183650.92480409 175575.97246574 176971.82853894 185306.27398421
 166838.93670021 178051.99858124 178986.8740715  181620.11612792
 196278.77662837 166381.07121916 184909.85179994 187712.81587916
 193954.71789442 176912.84944955 177750.57140173 183175.96971813
 192213.02377479 183467.43821592 198209.12895254 195013.51200261
 172135.70041573 182031.25919343 172055.88820906 182323.80304244]

The result for the 12th execution is
Time
53.076513051986694
Query Result
[178785.7374442 174557.9006419 181130.7630288 178007.1700508
 178629.3175895 183981.5265132 179508.79962   182054.2632795
 178433.1835237 180642.1173946 178696.3642979 179316.7024019
 181096.2497966 180508.6027005 182030.653957  184468.8014629
 180275.230355  179953.9629626 173598.8735155 182313.2524184
 178368.3961764 178718.5234658 180338.0075024 176499.9877865
 184757.5974145 180573.7660357 177992.5390311 179124.1205403
 180323.0249267 181473.5591624 182039.6893376 177833.9126938
 183240.4912288 180618.9906626 181229.5197118 182358.4277789
 174869.4016534 185311.4580631 184284.3233316 175125.1999545
 180636.3556173 178430.3771843 178886.7568026 183465.099696
 180332.4180482 174354.0324156 175975.1614044 179908.0860251
 182143.987523  184142.4632921 183475.1104059 184568.6298516
 182252.5906059 179267.0429276 187281.4729137 182892.6616477
 185850.5213949 181438.7356254 178480.4138082 177548.2573749
 180054.4926496 183473.7215571 179885.7501657 182309.3135361
 177681.9543534 180855.5419212 178269.5511651 182300.2383694
 180198.2867652 184087.5169011 178445.2481758 173844.6310357
 185719.929527  185751.746743  178171.5912106 180441.4535649
 179631.0292587 182803.9687953 181366.0723144 178679.9412387
 179228.4130018 181938.7442667 182097.3414923 181308.7868121
 185634.4631112 180269.0231479 181732.3693378 182225.4799275
 184384.6590956 183596.9372481 179004.6382446 179701.9606384
 185200.7312639 179170.2083539 188103.1661247 184142.9635441
 179566.7185055 178852.4734473 179416.0976936 180572.346269 ]
Noised Result
[185631.42723191 165191.03702529 180663.12161295 193240.98958018
 181941.99379205 202662.95375844 189740.08793454 182026.05141018
 172870.22178114 185055.24487862 177115.22397209 197038.2208083
 174932.19919802 195833.85090351 186214.00274871 190084.34099636
 177996.94903077 191599.49174063 159657.26955139 183193.23183745
 198781.25791311 159575.78067571 184419.65688166 164303.31057406
 212122.69950209 178215.47494786 174872.66058846 182127.27851823
 163041.17716994 191309.72099297 180547.02748529 184915.55724778
 207612.71011118 166136.13584656 175906.41292004 187223.59602644
 185788.36446436 191970.48440397 190896.16964129 172406.23459017
 178586.17406296 171440.16861031 196715.79025553 173357.06159128
 173074.06966679 177986.85571617 167186.30161566 169408.41203929
 184396.29498748 184964.11713468 185186.06697223 195246.72666744
 176591.77031049 165450.72396714 185377.31512122 173895.16536785
 181158.13812048 171520.06926118 185547.84975331 177560.90029494
 183296.5381307  203266.06620959 191901.89910367 177550.8332171
 175797.1849206  197139.30290964 167808.61011644 174161.10477888
 167955.99054285 186843.1337076  176442.04976303 171322.21822259
 174431.88258098 199328.76264142 187013.2585582  185287.97297101
 194936.29119255 184084.11396584 165435.00267735 170221.99324118
 193966.97446741 190926.40728511 181590.37630819 169402.48467215
 188829.1955864  185742.98511628 174136.54872187 192107.50325816
 185161.46317702 195461.89859862 174325.80843393 185675.73316901
 180482.12894129 197830.37177152 196672.21936987 170691.44908574
 182899.46035345 171115.33516371 165257.09109402 183485.26763161]

The result for the 13th execution is
Time
51.88578701019287
Query Result
[178785.7374442 174557.9006419 181130.7630288 178007.1700508
 178629.3175895 183981.5265132 179508.79962   182054.2632795
 178433.1835237 180642.1173946 178696.3642979 179316.7024019
 181096.2497966 180508.6027005 182030.653957  184468.8014629
 180275.230355  179953.9629626 173598.8735155 182313.2524184
 178368.3961764 178718.5234658 180338.0075024 176499.9877865
 184757.5974145 180573.7660357 177992.5390311 179124.1205403
 180323.0249267 181473.5591624 182039.6893376 177833.9126938
 183240.4912288 180618.9906626 181229.5197118 182358.4277789
 174869.4016534 185311.4580631 184284.3233316 175125.1999545
 180636.3556173 178430.3771843 178886.7568026 183465.099696
 180332.4180482 174354.0324156 175975.1614044 179908.0860251
 182143.987523  184142.4632921 183475.1104059 184568.6298516
 182252.5906059 179267.0429276 187281.4729137 182892.6616477
 185850.5213949 181438.7356254 178480.4138082 177548.2573749
 180054.4926496 183473.7215571 179885.7501657 182309.3135361
 177681.9543534 180855.5419212 178269.5511651 182300.2383694
 180198.2867652 184087.5169011 178445.2481758 173844.6310357
 185719.929527  185751.746743  178171.5912106 180441.4535649
 179631.0292587 182803.9687953 181366.0723144 178679.9412387
 179228.4130018 181938.7442667 182097.3414923 181308.7868121
 185634.4631112 180269.0231479 181732.3693378 182225.4799275
 184384.6590956 183596.9372481 179004.6382446 179701.9606384
 185200.7312639 179170.2083539 188103.1661247 184142.9635441
 179566.7185055 178852.4734473 179416.0976936 180572.346269 ]
Noised Result
[151810.25383604 159117.28408132 194376.16737826 166742.35002258
 161252.09762579 158187.43113549 207289.10297787 127841.28154652
 170769.74701608 185812.97766868 177666.63545576 146901.64632399
 174946.38182332 128704.18174497 183676.59489645 190049.42423518
 211357.51006399 154342.20632559 166946.5318798  181168.60825084
 213478.40381716 150637.3844645  211242.17040422 154489.9061213
 219059.77372254 179847.14144374 152507.68233144 176237.58416259
 182882.54134646 235056.75632538 189797.87197739 217346.59307119
 174322.79815882 162388.96855213 209328.89044717 250648.91538625
 157239.99946453 182573.46986986 234743.86005815 151351.84055432
 222626.53477693 178314.90857407 198695.43984774 179671.8322912
 208476.12141735 170967.42542942 178945.7825742  175921.84722801
 204029.75609978 215325.54195515 190532.68245475 194418.46530359
 204800.14587434 181645.49026936 194666.90531912 156536.79715285
 171231.70708196 172779.43583762 178885.62156521 178942.19755242
 172685.0440856  194419.09424065 193811.16496556 190470.60581615
 174870.87540215 202021.10099602 155579.20863027 162948.23770616
 202477.09006129 181118.51442759 168319.48475596 149948.64998201
 153518.04307352 212140.90301896 153997.71322186 174803.64393995
 198513.15158376 205529.1476404  194873.59619829 204785.63412763
 175883.99353531 167680.51544457 211626.12760808 221179.84972165
 233066.20077033 174431.44161925 150034.90191894 181846.33928105
 178455.87874383 214756.03143301 214214.06737226 199966.74723397
 217036.99353815 179326.36777474 202501.29605619 206715.95179475
 174218.396352   157985.32363824 206980.92569914 235836.50219421]

The result for the 14th execution is
Time
51.02355098724365
Query Result
[178785.7374442 174557.9006419 181130.7630288 178007.1700508
 178629.3175895 183981.5265132 179508.79962   182054.2632795
 178433.1835237 180642.1173946 178696.3642979 179316.7024019
 181096.2497966 180508.6027005 182030.653957  184468.8014629
 180275.230355  179953.9629626 173598.8735155 182313.2524184
 178368.3961764 178718.5234658 180338.0075024 176499.9877865
 184757.5974145 180573.7660357 177992.5390311 179124.1205403
 180323.0249267 181473.5591624 182039.6893376 177833.9126938
 183240.4912288 180618.9906626 181229.5197118 182358.4277789
 174869.4016534 185311.4580631 184284.3233316 175125.1999545
 180636.3556173 178430.3771843 178886.7568026 183465.099696
 180332.4180482 174354.0324156 175975.1614044 179908.0860251
 182143.987523  184142.4632921 183475.1104059 184568.6298516
 182252.5906059 179267.0429276 187281.4729137 182892.6616477
 185850.5213949 181438.7356254 178480.4138082 177548.2573749
 180054.4926496 183473.7215571 179885.7501657 182309.3135361
 177681.9543534 180855.5419212 178269.5511651 182300.2383694
 180198.2867652 184087.5169011 178445.2481758 173844.6310357
 185719.929527  185751.746743  178171.5912106 180441.4535649
 179631.0292587 182803.9687953 181366.0723144 178679.9412387
 179228.4130018 181938.7442667 182097.3414923 181308.7868121
 185634.4631112 180269.0231479 181732.3693378 182225.4799275
 184384.6590956 183596.9372481 179004.6382446 179701.9606384
 185200.7312639 179170.2083539 188103.1661247 184142.9635441
 179566.7185055 178852.4734473 179416.0976936 180572.346269 ]
Noised Result
[178016.4569027  174100.80574722 170110.30364123 182566.07007702
 180505.30069395 183636.72979447 177557.1079885  183976.17884094
 178116.06466893 183489.86274324 173018.9768726  176808.24569093
 187378.81571353 180304.27500633 177966.10958344 183507.32008156
 184354.5137866  190836.57515384 168113.18397387 181839.67664026
 173620.39658505 182903.4667442  169779.98601519 187208.56175209
 179828.83275267 179386.99587319 177502.32416968 179983.88248807
 180148.94433396 180971.25156169 172663.36659685 179916.27596274
 184943.40536895 184563.4683901  182817.91393628 179855.44969414
 169731.89134667 172613.69159943 175441.48980015 177911.96332806
 184502.89367455 179129.19027514 170750.28532139 188379.77306983
 187190.14775116 169698.94952412 171311.38861268 186612.77226039
 179310.85528578 188263.9349168  179794.03701873 184413.27540468
 182851.11443965 176072.84567227 180470.20820612 175201.01027839
 186946.75466392 181825.05590194 179745.40257457 180282.83479439
 179244.89356701 180866.36012853 177365.84786127 189207.13281901
 170253.97570478 184739.42022399 180341.12883644 189253.64337481
 183405.52915922 179731.20408957 175525.63491134 173773.31025732
 185694.58623778 187317.51570194 172662.07365008 191712.492697
 185948.61907773 184727.80193115 181509.71832066 180175.79891613
 174162.01712191 179398.89041623 182901.52896788 181983.9807697
 185798.08165734 186915.33819653 185660.90786974 185417.65498692
 183890.73517389 185087.92925611 176462.8032279  181184.59893526
 182498.80752266 183740.48321629 196224.91635149 191860.79372187
 178234.46142536 184338.56989767 181265.67141398 185611.64214802]

The result for the 15th execution is
Time
49.426546812057495
Query Result
[178785.7374442 174557.9006419 181130.7630288 178007.1700508
 178629.3175895 183981.5265132 179508.79962   182054.2632795
 178433.1835237 180642.1173946 178696.3642979 179316.7024019
 181096.2497966 180508.6027005 182030.653957  184468.8014629
 180275.230355  179953.9629626 173598.8735155 182313.2524184
 178368.3961764 178718.5234658 180338.0075024 176499.9877865
 184757.5974145 180573.7660357 177992.5390311 179124.1205403
 180323.0249267 181473.5591624 182039.6893376 177833.9126938
 183240.4912288 180618.9906626 181229.5197118 182358.4277789
 174869.4016534 185311.4580631 184284.3233316 175125.1999545
 180636.3556173 178430.3771843 178886.7568026 183465.099696
 180332.4180482 174354.0324156 175975.1614044 179908.0860251
 182143.987523  184142.4632921 183475.1104059 184568.6298516
 182252.5906059 179267.0429276 187281.4729137 182892.6616477
 185850.5213949 181438.7356254 178480.4138082 177548.2573749
 180054.4926496 183473.7215571 179885.7501657 182309.3135361
 177681.9543534 180855.5419212 178269.5511651 182300.2383694
 180198.2867652 184087.5169011 178445.2481758 173844.6310357
 185719.929527  185751.746743  178171.5912106 180441.4535649
 179631.0292587 182803.9687953 181366.0723144 178679.9412387
 179228.4130018 181938.7442667 182097.3414923 181308.7868121
 185634.4631112 180269.0231479 181732.3693378 182225.4799275
 184384.6590956 183596.9372481 179004.6382446 179701.9606384
 185200.7312639 179170.2083539 188103.1661247 184142.9635441
 179566.7185055 178852.4734473 179416.0976936 180572.346269 ]
Noised Result
[192829.07264427 150184.79534045 204617.67342812 171842.3120686
 203222.52393455 175897.16562454 186973.65370173 193074.91437593
 196609.08866838 148612.81648522 172420.70048383 183253.48597872
 177891.53150838 154104.27447444 177407.7307174  168422.41406288
 142465.68212853 157720.27463435 175394.94720945 200240.24118705
 156905.09718652 161114.64941765 204057.3676282  182854.3079054
 198135.72235469 147035.58463027 176144.31749111 216480.26694292
 226756.50780875 149923.01409733 165072.60394878 188190.68284217
 179896.33365792 155388.05844773 193732.90285052 179548.10892225
 159688.10115512 166720.16058164 228354.75930537 169384.59108108
 182397.01973527 195382.01028143 195726.78032788 173982.36911167
 182785.8598568  162684.9024461  192229.24202769 165772.53398373
 166799.50126924 208450.24737065 173022.51806937 191048.42249937
 153330.1226104  155555.64706283 179894.84366252 234102.96495711
 170591.72231719 168495.95676325 189717.70263692 167448.20090391
 209833.14392707 180471.00850988 188632.90357386 179335.52198062
 188091.81500782 220185.24839355 180305.80444639 169097.4460097
 217052.59082263 187094.42002036 187070.08195977 182934.79036634
 176130.80544551 174233.22442528 187717.73572732 165564.73271915
 191807.02416266 168416.77608832 215261.07510047 157319.74014205
 192760.55907575 141866.0547845  178090.27015527 207062.18566144
 175021.93113998 164675.70369704 211698.15236405 197510.09515185
 220147.49354161 188096.77380971 214048.58837515 196199.44068043
 178784.08748478 181698.69265894 199776.82658091 166466.99757599
 169996.51745371 197342.42510568 197890.83911697 194249.39340222]

The result for the 16th execution is
Time
47.20099139213562
Query Result
[178785.7374442 174557.9006419 181130.7630288 178007.1700508
 178629.3175895 183981.5265132 179508.79962   182054.2632795
 178433.1835237 180642.1173946 178696.3642979 179316.7024019
 181096.2497966 180508.6027005 182030.653957  184468.8014629
 180275.230355  179953.9629626 173598.8735155 182313.2524184
 178368.3961764 178718.5234658 180338.0075024 176499.9877865
 184757.5974145 180573.7660357 177992.5390311 179124.1205403
 180323.0249267 181473.5591624 182039.6893376 177833.9126938
 183240.4912288 180618.9906626 181229.5197118 182358.4277789
 174869.4016534 185311.4580631 184284.3233316 175125.1999545
 180636.3556173 178430.3771843 178886.7568026 183465.099696
 180332.4180482 174354.0324156 175975.1614044 179908.0860251
 182143.987523  184142.4632921 183475.1104059 184568.6298516
 182252.5906059 179267.0429276 187281.4729137 182892.6616477
 185850.5213949 181438.7356254 178480.4138082 177548.2573749
 180054.4926496 183473.7215571 179885.7501657 182309.3135361
 177681.9543534 180855.5419212 178269.5511651 182300.2383694
 180198.2867652 184087.5169011 178445.2481758 173844.6310357
 185719.929527  185751.746743  178171.5912106 180441.4535649
 179631.0292587 182803.9687953 181366.0723144 178679.9412387
 179228.4130018 181938.7442667 182097.3414923 181308.7868121
 185634.4631112 180269.0231479 181732.3693378 182225.4799275
 184384.6590956 183596.9372481 179004.6382446 179701.9606384
 185200.7312639 179170.2083539 188103.1661247 184142.9635441
 179566.7185055 178852.4734473 179416.0976936 180572.346269 ]
Noised Result
[180000.20212077 166658.51850202 182474.96383157 186862.54036319
 182818.1476209  173104.32877983 168437.38315124 181209.27763141
 174672.95608805 185724.18957798 182316.28968216 183978.53052269
 183019.38338021 190145.9247534  174982.99353054 189996.6085917
 173838.10370462 180604.05317561 171492.1394466  179434.59409103
 184333.66338765 168389.89849212 177850.07696164 179248.7468289
 185782.86001713 173856.88092476 180556.54990128 174454.7895682
 187391.95550923 186660.81626456 178803.81587972 178364.01888281
 187906.22183477 175156.90092197 176524.29883086 183860.81894881
 171856.29488339 191013.98705226 189423.54025837 179302.41281254
 179464.40558612 177187.90400445 171374.53276942 178031.81324066
 174058.78383774 165881.23286623 173977.90024472 180394.22496046
 180830.92115641 189958.34034872 183232.55307809 180267.10431982
 185635.11175809 178354.19837131 189124.05929911 174347.90574736
 191846.37055015 180543.42488703 183373.34207151 168808.19913776
 179006.65285135 178316.14056452 177037.48709738 184702.45273951
 175672.10120452 184301.19103297 171658.38616559 179599.66812875
 187083.66116494 168693.85367484 178179.11443772 182846.5980911
 180065.10480847 179120.56457615 178850.78339658 178353.06913836
 175498.3781707  183439.88314064 187392.54313642 183722.50092034
 180464.48235577 180616.11963342 185355.31920006 183925.43754633
 185014.7825922  174763.07277621 171826.55216196 188726.98847885
 192818.01329688 182802.35864735 181070.25585836 179464.85935259
 185320.46659104 177697.7771339  192319.69483754 179161.80985377
 182556.27286581 158865.08265309 178318.35972994 181599.06588119]

The result for the 17th execution is
Time
57.807581424713135
Query Result
[178785.7374442 174557.9006419 181130.7630288 178007.1700508
 178629.3175895 183981.5265132 179508.79962   182054.2632795
 178433.1835237 180642.1173946 178696.3642979 179316.7024019
 181096.2497966 180508.6027005 182030.653957  184468.8014629
 180275.230355  179953.9629626 173598.8735155 182313.2524184
 178368.3961764 178718.5234658 180338.0075024 176499.9877865
 184757.5974145 180573.7660357 177992.5390311 179124.1205403
 180323.0249267 181473.5591624 182039.6893376 177833.9126938
 183240.4912288 180618.9906626 181229.5197118 182358.4277789
 174869.4016534 185311.4580631 184284.3233316 175125.1999545
 180636.3556173 178430.3771843 178886.7568026 183465.099696
 180332.4180482 174354.0324156 175975.1614044 179908.0860251
 182143.987523  184142.4632921 183475.1104059 184568.6298516
 182252.5906059 179267.0429276 187281.4729137 182892.6616477
 185850.5213949 181438.7356254 178480.4138082 177548.2573749
 180054.4926496 183473.7215571 179885.7501657 182309.3135361
 177681.9543534 180855.5419212 178269.5511651 182300.2383694
 180198.2867652 184087.5169011 178445.2481758 173844.6310357
 185719.929527  185751.746743  178171.5912106 180441.4535649
 179631.0292587 182803.9687953 181366.0723144 178679.9412387
 179228.4130018 181938.7442667 182097.3414923 181308.7868121
 185634.4631112 180269.0231479 181732.3693378 182225.4799275
 184384.6590956 183596.9372481 179004.6382446 179701.9606384
 185200.7312639 179170.2083539 188103.1661247 184142.9635441
 179566.7185055 178852.4734473 179416.0976936 180572.346269 ]
Noised Result
[209874.41755826 173078.76663852 194871.79913633 182308.2320394
 186071.12190024 180769.74388182 227588.29178257 178903.78444041
 156560.23444065 200656.41297088 154402.84176954 189120.6845358
 142213.12074664 179446.36548384 191347.31039418 204356.29730478
 169510.59180979 224055.58960933 166175.59005814 192951.82631114
 198682.38569583 179867.79162976 192161.95403789 204364.38956547
 151988.23480501 134232.11920411 168227.11336274 162603.61960019
 188606.73293592 212469.36595915 207017.41205675 226803.83289316
 182378.88752501 203168.65845811 229345.67391328 180432.52413165
 196412.84246431 185346.53503845 214396.5647125  148168.57509511
 171936.94181564 189004.04474081 199530.05088903 203421.14869102
 172691.96834292 164719.54089053 136889.72575306 186114.68821538
 204193.76514291 157308.4258064  190267.39502834 186037.4264682
 154161.55684947 184665.3772148  165283.06377271 182023.24760923
 181697.26663287 194937.35694467 191938.27817008 192203.57662023
 188189.37826322 183093.37128023 181868.35195158 185988.05224862
 160047.86770192 106942.44145643 143793.5094043  179683.0276979
 209856.65939218 193793.25173927 165501.92423403 160702.24044392
 168955.94973369 194378.15590793 189188.4434829  209074.85223196
 142961.72131966 177710.96967263 192350.84411507 169884.66797133
 150052.55485281 200706.75625195 192368.04585923 193487.36683817
 168290.35174483 225516.40372236 232484.73940181 204671.44157689
 181778.82209513 211155.99093328 163543.80241352 160793.28310258
 132733.60935934 210045.21290135 160613.14662248 183475.40690454
 152617.90058411 191390.7592236  190327.76086683 169810.09442922]

The result for the 18th execution is
Time
51.16607666015625
Query Result
[178785.7374442 174557.9006419 181130.7630288 178007.1700508
 178629.3175895 183981.5265132 179508.79962   182054.2632795
 178433.1835237 180642.1173946 178696.3642979 179316.7024019
 181096.2497966 180508.6027005 182030.653957  184468.8014629
 180275.230355  179953.9629626 173598.8735155 182313.2524184
 178368.3961764 178718.5234658 180338.0075024 176499.9877865
 184757.5974145 180573.7660357 177992.5390311 179124.1205403
 180323.0249267 181473.5591624 182039.6893376 177833.9126938
 183240.4912288 180618.9906626 181229.5197118 182358.4277789
 174869.4016534 185311.4580631 184284.3233316 175125.1999545
 180636.3556173 178430.3771843 178886.7568026 183465.099696
 180332.4180482 174354.0324156 175975.1614044 179908.0860251
 182143.987523  184142.4632921 183475.1104059 184568.6298516
 182252.5906059 179267.0429276 187281.4729137 182892.6616477
 185850.5213949 181438.7356254 178480.4138082 177548.2573749
 180054.4926496 183473.7215571 179885.7501657 182309.3135361
 177681.9543534 180855.5419212 178269.5511651 182300.2383694
 180198.2867652 184087.5169011 178445.2481758 173844.6310357
 185719.929527  185751.746743  178171.5912106 180441.4535649
 179631.0292587 182803.9687953 181366.0723144 178679.9412387
 179228.4130018 181938.7442667 182097.3414923 181308.7868121
 185634.4631112 180269.0231479 181732.3693378 182225.4799275
 184384.6590956 183596.9372481 179004.6382446 179701.9606384
 185200.7312639 179170.2083539 188103.1661247 184142.9635441
 179566.7185055 178852.4734473 179416.0976936 180572.346269 ]
Noised Result
[177559.82051242 170933.00691103 178799.74385311 187383.26319862
 182922.36491343 182331.97005123 184049.56080968 180267.15811928
 179760.48483943 184688.51604346 178143.91867887 176413.77304942
 184864.4227335  174684.17737156 191908.24014409 184991.30857945
 190402.38861656 169811.83525593 175393.2081456  181239.22524184
 168981.07879264 177902.26472158 182536.47136735 177163.15392663
 196247.54471079 185683.42784307 176819.28468716 180472.01053287
 176580.82429618 184843.83138778 188634.70318217 181344.74091017
 179164.08335863 178327.38323039 193166.49164822 184591.5408709
 183146.44539652 190064.01324433 187957.71172082 174124.9725369
 187513.08138582 178555.90695383 182674.29943843 180369.25024969
 178179.2486971  167409.45141645 174162.69130923 190023.29621499
 169372.66230926 192017.51537738 183490.08260282 180086.68910954
 182376.0791689  179789.71997427 190973.56279999 187449.49065646
 185845.73886674 185936.50499335 179934.42335224 184477.36403788
 178033.03317117 180864.443253   174779.25653476 180044.92783005
 180426.28182237 188964.50693616 173320.60104735 182724.42069894
 183436.42741507 178842.65745914 170159.32136289 170091.66369669
 182132.28050096 181616.4581427  181024.19143358 175105.23541039
 180403.87182233 176943.38111645 187363.13532791 177464.43541694
 182598.77211047 182272.84064008 172475.21075776 175127.34427271
 196801.22590171 186492.39544975 184241.00555463 175479.5087144
 170206.20760049 181286.68524552 180022.82926589 175612.54879714
 181038.21748226 179923.26615756 185783.28678729 176126.05295424
 180697.79587476 179228.45325201 178175.1326378  178535.25956635]

The result for the 19th execution is
Time
53.60277056694031
Query Result
[178785.7374442 174557.9006419 181130.7630288 178007.1700508
 178629.3175895 183981.5265132 179508.79962   182054.2632795
 178433.1835237 180642.1173946 178696.3642979 179316.7024019
 181096.2497966 180508.6027005 182030.653957  184468.8014629
 180275.230355  179953.9629626 173598.8735155 182313.2524184
 178368.3961764 178718.5234658 180338.0075024 176499.9877865
 184757.5974145 180573.7660357 177992.5390311 179124.1205403
 180323.0249267 181473.5591624 182039.6893376 177833.9126938
 183240.4912288 180618.9906626 181229.5197118 182358.4277789
 174869.4016534 185311.4580631 184284.3233316 175125.1999545
 180636.3556173 178430.3771843 178886.7568026 183465.099696
 180332.4180482 174354.0324156 175975.1614044 179908.0860251
 182143.987523  184142.4632921 183475.1104059 184568.6298516
 182252.5906059 179267.0429276 187281.4729137 182892.6616477
 185850.5213949 181438.7356254 178480.4138082 177548.2573749
 180054.4926496 183473.7215571 179885.7501657 182309.3135361
 177681.9543534 180855.5419212 178269.5511651 182300.2383694
 180198.2867652 184087.5169011 178445.2481758 173844.6310357
 185719.929527  185751.746743  178171.5912106 180441.4535649
 179631.0292587 182803.9687953 181366.0723144 178679.9412387
 179228.4130018 181938.7442667 182097.3414923 181308.7868121
 185634.4631112 180269.0231479 181732.3693378 182225.4799275
 184384.6590956 183596.9372481 179004.6382446 179701.9606384
 185200.7312639 179170.2083539 188103.1661247 184142.9635441
 179566.7185055 178852.4734473 179416.0976936 180572.346269 ]
Noised Result
[188880.46911407 174830.1117442  180576.6788956  180434.31143892
 180719.07744029 178753.27683468 183565.13403192 185274.44350773
 178903.98302766 185534.64502784 181633.50866625 186305.11103665
 190422.48609962 173161.8837212  177862.72186774 186093.98555498
 177426.96238729 177183.0936626  171491.87940335 174392.91418556
 189299.35529748 171691.28724247 180313.72014405 181387.43567834
 190104.24919988 176968.72198522 178486.60940945 178051.71847407
 178522.91417574 179353.49938931 177283.76509224 178953.0904543
 179815.09551609 183638.07061974 187366.35273563 196923.46062295
 175697.477778   190778.37767264 180033.91174375 179545.49137232
 188486.95383194 174877.51133104 184388.51944013 176083.57982948
 173671.12251281 177920.69601148 178459.82484295 187431.82376951
 173243.03051246 190490.66963135 179538.30909011 185757.33167871
 185915.41467981 175733.1137804  189043.7706201  176110.20763594
 181651.55198879 179107.54551223 171465.69960895 182287.36918182
 177129.96804785 185374.69525138 181762.7042652  178725.18219697
 176176.64915323 182473.58861496 176270.87771778 180403.69088936
 180902.82728211 189929.59670212 177296.93542311 173387.53904805
 178178.43050746 193550.31764807 172333.6706754  180091.07102541
 181373.50603809 179111.79408476 184426.11115191 183482.95691612
 173656.83005288 184269.999979   180967.40580604 191789.88872738
 182967.58330133 175926.0453309  187640.76133842 182420.74274254
 197827.0915552  187489.28811304 174858.13556889 184679.95375694
 194612.16512552 182305.66565218 191079.03688631 187700.99227448
 179262.36032729 185689.95819717 167078.15995725 181573.8515054 ]

