The result for the 0th execution is
Time
24.799177885055542
Query Result
[178785.7374442 174557.9006419 181130.7630288 178007.1700508
 178629.3175895 183981.5265132 179508.79962   182054.2632795
 178433.1835237 180642.1173946 178696.3642979 179316.7024019
 181096.2497966 180508.6027005 182030.653957  184468.8014629
 180275.230355  179953.9629626 173598.8735155 182313.2524184
 178368.3961764 178718.5234658 180338.0075024 176499.9877865
 184757.5974145 180573.7660357 177992.5390311 179124.1205403
 180323.0249267 181473.5591624 182039.6893376 177833.9126938
 183240.4912288 180618.9906626 181229.5197118 182358.4277789
 174869.4016534 185311.4580631 184284.3233316 175125.1999545
 180636.3556173 178430.3771843 178886.7568026 183465.099696
 180332.4180482 174354.0324156 175975.1614044 179908.0860251
 182143.987523  184142.4632921]
Noised Result
[148752.48166774 132485.69000199 144025.64578071 179318.61348555
 179549.08663996 196017.09779459 170264.73167914 174566.39148604
 180491.3622494  144027.38861708 181099.31435936 162698.9346861
 206619.82333687 163475.36116567 173000.31907656 200406.70235527
 189581.48002906 179440.35749324 177382.69938694 185099.40705538
 164670.67273191 157751.30534575 179533.35962278 185063.21420558
 205986.96483498 181498.21459892 151737.64068013 178238.78332627
 174220.19056427 207971.26751059 167496.71270069 196435.23008956
 146389.53540874 219983.38611753 195343.02642234 177739.86970835
 174986.80267355 135011.02249055 155661.70496123 210726.27339826
 211089.12799639 204211.55431169 220897.18786572 159395.30738343
 151050.06059958 183342.1271529  184878.1177978  150379.24242414
 141476.8013217  191020.9688791 ]

The result for the 1th execution is
Time
45.87362885475159
Query Result
[178785.7374442 174557.9006419 181130.7630288 178007.1700508
 178629.3175895 183981.5265132 179508.79962   182054.2632795
 178433.1835237 180642.1173946 178696.3642979 179316.7024019
 181096.2497966 180508.6027005 182030.653957  184468.8014629
 180275.230355  179953.9629626 173598.8735155 182313.2524184
 178368.3961764 178718.5234658 180338.0075024 176499.9877865
 184757.5974145 180573.7660357 177992.5390311 179124.1205403
 180323.0249267 181473.5591624 182039.6893376 177833.9126938
 183240.4912288 180618.9906626 181229.5197118 182358.4277789
 174869.4016534 185311.4580631 184284.3233316 175125.1999545
 180636.3556173 178430.3771843 178886.7568026 183465.099696
 180332.4180482 174354.0324156 175975.1614044 179908.0860251
 182143.987523  184142.4632921]
Noised Result
[165547.06080832 166726.12522546 175913.49331816 195376.78968263
 153446.87920756 188612.76749844 180582.76040636 167167.19387718
 182169.03767228 204419.3280837  195208.42527049 206277.93506108
 213399.29487453 166209.20357232 174840.7719069  186104.09048473
 217779.93704505 161125.93735867 200393.54534428 157780.44146971
 170510.5373177  166683.87110261 165940.52165209 210862.88413376
 137585.23120776 181117.92038813 183677.43404736 191712.64652878
 180048.35211698 164361.2180585  163055.22586404 201073.60918757
 203033.2533778  182038.65775031 189372.63108533 222849.47496687
 150538.52854959 199703.11071925 170703.51434128 180861.04719271
 190761.42045538 199876.58861542 202285.55763759 176620.25036725
 184495.57698604 154744.37005881 199974.22052585 181266.94857578
 209175.01985424 173286.30905729]

The result for the 2th execution is
Time
22.719518184661865
Query Result
[178785.7374442 174557.9006419 181130.7630288 178007.1700508
 178629.3175895 183981.5265132 179508.79962   182054.2632795
 178433.1835237 180642.1173946 178696.3642979 179316.7024019
 181096.2497966 180508.6027005 182030.653957  184468.8014629
 180275.230355  179953.9629626 173598.8735155 182313.2524184
 178368.3961764 178718.5234658 180338.0075024 176499.9877865
 184757.5974145 180573.7660357 177992.5390311 179124.1205403
 180323.0249267 181473.5591624 182039.6893376 177833.9126938
 183240.4912288 180618.9906626 181229.5197118 182358.4277789
 174869.4016534 185311.4580631 184284.3233316 175125.1999545
 180636.3556173 178430.3771843 178886.7568026 183465.099696
 180332.4180482 174354.0324156 175975.1614044 179908.0860251
 182143.987523  184142.4632921]
Noised Result
[165375.07714218 187581.8046212  158090.45900306 183293.36432301
 187952.21204896 198241.05449202 157180.05691956 155629.50495472
 174675.01074099 195041.43694605 180890.69196609 171218.01642981
 172634.48626565 166781.89961338 184876.47636976 195202.35934113
 172010.26257291 189291.04237441 156630.79732084 189490.46237948
 177401.15756304 202611.24432126 182748.23303625 189071.02984031
 196021.59662478 205048.09279683 193217.35859717 158109.16872282
 178878.19198556 158747.61639905 183060.09155856 181325.49164349
 205085.46778119 186977.56670663 183861.55846814 181924.39908087
 163041.12151497 208102.77482923 187225.34803176 171204.76546192
 201915.60884916 170248.49523265 179572.3870632  189588.24788236
 182588.96298491 210713.8200699  175688.14704338 176833.78138944
 171892.92321839 210343.78468611]

The result for the 3th execution is
Time
24.476303339004517
Query Result
[178785.7374442 174557.9006419 181130.7630288 178007.1700508
 178629.3175895 183981.5265132 179508.79962   182054.2632795
 178433.1835237 180642.1173946 178696.3642979 179316.7024019
 181096.2497966 180508.6027005 182030.653957  184468.8014629
 180275.230355  179953.9629626 173598.8735155 182313.2524184
 178368.3961764 178718.5234658 180338.0075024 176499.9877865
 184757.5974145 180573.7660357 177992.5390311 179124.1205403
 180323.0249267 181473.5591624 182039.6893376 177833.9126938
 183240.4912288 180618.9906626 181229.5197118 182358.4277789
 174869.4016534 185311.4580631 184284.3233316 175125.1999545
 180636.3556173 178430.3771843 178886.7568026 183465.099696
 180332.4180482 174354.0324156 175975.1614044 179908.0860251
 182143.987523  184142.4632921]
Noised Result
[153438.20643397 234616.32631117  82275.39191495 213387.82232088
 131593.58733594 165101.18659521 205245.60956407  74302.43115233
 122841.4908735  226173.86540892 389850.52753804 128543.89303033
 123232.29699332 105068.75279235 303281.25359203 105712.94155275
 165090.72254869 277914.12924533  62335.53262012 133160.15659827
 140798.39619978 114777.38149754 261720.42047662 259168.1240271
 252425.28288983 123313.35525098 299952.03320303 245993.71738257
   4808.36399602 191929.43404909  59516.27254469 268718.46215355
 149184.24157492 176533.07179313 212662.47135311 210997.92652003
 240264.05399187 100677.80239148 173414.68121335 202438.80573845
 277034.66459091 171336.64543995 178372.47811958 214360.24075943
 165399.45755584  61135.39717809  66233.14383971 187666.34808487
  94534.78347014 230284.27107604]

The result for the 4th execution is
Time
22.823958158493042
Query Result
[178785.7374442 174557.9006419 181130.7630288 178007.1700508
 178629.3175895 183981.5265132 179508.79962   182054.2632795
 178433.1835237 180642.1173946 178696.3642979 179316.7024019
 181096.2497966 180508.6027005 182030.653957  184468.8014629
 180275.230355  179953.9629626 173598.8735155 182313.2524184
 178368.3961764 178718.5234658 180338.0075024 176499.9877865
 184757.5974145 180573.7660357 177992.5390311 179124.1205403
 180323.0249267 181473.5591624 182039.6893376 177833.9126938
 183240.4912288 180618.9906626 181229.5197118 182358.4277789
 174869.4016534 185311.4580631 184284.3233316 175125.1999545
 180636.3556173 178430.3771843 178886.7568026 183465.099696
 180332.4180482 174354.0324156 175975.1614044 179908.0860251
 182143.987523  184142.4632921]
Noised Result
[193078.05722138 164092.22068479 177965.78685258 168529.04338105
 173634.31449349 162422.18361985 216274.52377185 176466.97209352
 164272.87257277 208062.88501579 175152.58768128 239868.11576188
 165184.67878405 176031.9695412  189657.39372989 183813.84720447
 190979.87327024 155181.30254424 170447.2765125  180228.43663284
 198133.4486042  162867.45397115 127642.45223412 185522.32380695
 182504.84207214 192357.59119929 151997.6981918  170138.99077769
 218706.25829739 194106.29698372 182329.63757827 149667.68864915
 200111.89828201 157865.97582643 157976.08056399 177738.301767
 175752.62864186 210058.06430614 177519.03453944 197587.30103018
 162484.75927429 169936.89122737 167349.80285364 150686.14631706
 195478.9640209  162436.81431168 200012.29992272 163466.24689433
 165541.61331757 174109.50640761]

The result for the 5th execution is
Time
24.274786233901978
Query Result
[178785.7374442 174557.9006419 181130.7630288 178007.1700508
 178629.3175895 183981.5265132 179508.79962   182054.2632795
 178433.1835237 180642.1173946 178696.3642979 179316.7024019
 181096.2497966 180508.6027005 182030.653957  184468.8014629
 180275.230355  179953.9629626 173598.8735155 182313.2524184
 178368.3961764 178718.5234658 180338.0075024 176499.9877865
 184757.5974145 180573.7660357 177992.5390311 179124.1205403
 180323.0249267 181473.5591624 182039.6893376 177833.9126938
 183240.4912288 180618.9906626 181229.5197118 182358.4277789
 174869.4016534 185311.4580631 184284.3233316 175125.1999545
 180636.3556173 178430.3771843 178886.7568026 183465.099696
 180332.4180482 174354.0324156 175975.1614044 179908.0860251
 182143.987523  184142.4632921]
Noised Result
[168423.62302292 196933.02238712 139703.71964339 154013.11262933
 194866.92427511 182314.7849727  203217.77131837 177893.0100593
 213930.6714153  175332.11327006 204067.78075962 163016.85840127
 167067.34636418 189822.72785468 183693.00794594 166079.50916474
 159751.26446342 205822.68333943 179659.3637321  172949.95937097
 186643.01604598 156562.16038292 176753.09951088 145933.23345841
 175493.96259615 186206.96301578 205441.42586353 216408.99884881
 146065.49773458 177060.64679509 175983.4445159  171333.80953381
 158411.22347673 170383.51553495 157723.66293644 184827.44580051
 181698.18170715 191420.33440226 197194.77123176 177830.45338383
 200291.70298253 186983.54310115 165797.31880396 171828.46718855
 190289.59529596 175572.07938319 192070.57283843 143075.81710505
 198546.66719333 167943.2365026 ]

The result for the 6th execution is
Time
24.433431386947632
Query Result
[178785.7374442 174557.9006419 181130.7630288 178007.1700508
 178629.3175895 183981.5265132 179508.79962   182054.2632795
 178433.1835237 180642.1173946 178696.3642979 179316.7024019
 181096.2497966 180508.6027005 182030.653957  184468.8014629
 180275.230355  179953.9629626 173598.8735155 182313.2524184
 178368.3961764 178718.5234658 180338.0075024 176499.9877865
 184757.5974145 180573.7660357 177992.5390311 179124.1205403
 180323.0249267 181473.5591624 182039.6893376 177833.9126938
 183240.4912288 180618.9906626 181229.5197118 182358.4277789
 174869.4016534 185311.4580631 184284.3233316 175125.1999545
 180636.3556173 178430.3771843 178886.7568026 183465.099696
 180332.4180482 174354.0324156 175975.1614044 179908.0860251
 182143.987523  184142.4632921]
Noised Result
[166780.17371059 170993.71137796 194422.32145143 204332.75203866
 190605.42202907 176751.26401827 170560.23602608 181783.52297779
 161273.42749465 181840.47602895 166666.9594819  166848.43678518
 189639.23903167 187520.12007813 196275.87287585 184707.80911353
 174414.70672717 216446.91632883 176439.84583158 188025.46076545
 184857.85079879 165327.58748413 197702.59374066 187416.91318364
 148897.12941594 184256.51408391 171795.24052284 169119.6157883
 186329.06733603 171021.97067285 180207.93439388 190814.43592462
 192114.99417193 194195.30487061 156933.7484297  227207.34014936
 172515.01428605 192264.29947237 156372.92625013 199280.36851324
 229277.28371306 203847.41451852 156188.43988641 207038.38375224
 211299.59846372 180488.38485984 158141.25182201 161314.00950857
 174115.26072752 170099.5406119 ]

The result for the 7th execution is
Time
44.92683720588684
Query Result
[178785.7374442 174557.9006419 181130.7630288 178007.1700508
 178629.3175895 183981.5265132 179508.79962   182054.2632795
 178433.1835237 180642.1173946 178696.3642979 179316.7024019
 181096.2497966 180508.6027005 182030.653957  184468.8014629
 180275.230355  179953.9629626 173598.8735155 182313.2524184
 178368.3961764 178718.5234658 180338.0075024 176499.9877865
 184757.5974145 180573.7660357 177992.5390311 179124.1205403
 180323.0249267 181473.5591624 182039.6893376 177833.9126938
 183240.4912288 180618.9906626 181229.5197118 182358.4277789
 174869.4016534 185311.4580631 184284.3233316 175125.1999545
 180636.3556173 178430.3771843 178886.7568026 183465.099696
 180332.4180482 174354.0324156 175975.1614044 179908.0860251
 182143.987523  184142.4632921]
Noised Result
[168856.86419902 149397.51256389 196757.0750437  187030.88016285
 186934.78139339 197093.91962557 198183.68148513 191985.36875264
 169762.07604797 173942.66415783 179821.51435776 148825.22314808
 185719.24923402 195654.9543404  190164.63661146 182205.94891894
 174404.34519733 119748.29199301 173047.9600967  196002.95731391
 163857.76845219 178575.38369589 150307.97987883 194341.91320206
 226284.05424658 206923.21559269 167649.7512324  177314.67659577
 199872.37038684 188772.63149065 190640.53823046 176600.94146858
 143456.71892755 155915.79764145 161903.67834729 203864.14280303
 141067.48283537 165743.6268546  141231.95146443 170469.7462477
 220611.5020006  137597.72022091 178347.29126893 181715.25867604
 149501.86945258 169727.23472299 153225.31624303 191838.2537992
 176885.18306244 169567.76962999]

The result for the 8th execution is
Time
22.540503978729248
Query Result
[178785.7374442 174557.9006419 181130.7630288 178007.1700508
 178629.3175895 183981.5265132 179508.79962   182054.2632795
 178433.1835237 180642.1173946 178696.3642979 179316.7024019
 181096.2497966 180508.6027005 182030.653957  184468.8014629
 180275.230355  179953.9629626 173598.8735155 182313.2524184
 178368.3961764 178718.5234658 180338.0075024 176499.9877865
 184757.5974145 180573.7660357 177992.5390311 179124.1205403
 180323.0249267 181473.5591624 182039.6893376 177833.9126938
 183240.4912288 180618.9906626 181229.5197118 182358.4277789
 174869.4016534 185311.4580631 184284.3233316 175125.1999545
 180636.3556173 178430.3771843 178886.7568026 183465.099696
 180332.4180482 174354.0324156 175975.1614044 179908.0860251
 182143.987523  184142.4632921]
Noised Result
[162929.37325641 173901.50813431 203048.10575549 181931.15114587
 204828.50522584 206683.71531197 153863.82548536 193122.56783097
 184466.49257139 204296.51003614 199533.06629229 214463.76102374
 174874.56862287 184916.23181663 152664.07778391 190371.96085176
 192047.60770903 188212.261205   202131.53622395 163269.71845259
 176016.48886117 184190.8856232  166349.87775729 187791.87371178
 188947.54953121 167509.57239486 196357.64956281 164218.53785411
 150232.62813379 181953.40506964 168207.60775913 183961.87097185
 181582.85223839 207282.16121672 183734.40661924 196015.85801876
 179657.96022007 192624.52818073 166691.53820663 166553.4663346
 196144.42182786 175028.71252786 156092.9605791  173619.63088619
 173987.12469615 173091.52975203 165147.53653571 161885.59127698
 163187.63669678 141171.44530226]

The result for the 9th execution is
Time
43.86384463310242
Query Result
[178785.7374442 174557.9006419 181130.7630288 178007.1700508
 178629.3175895 183981.5265132 179508.79962   182054.2632795
 178433.1835237 180642.1173946 178696.3642979 179316.7024019
 181096.2497966 180508.6027005 182030.653957  184468.8014629
 180275.230355  179953.9629626 173598.8735155 182313.2524184
 178368.3961764 178718.5234658 180338.0075024 176499.9877865
 184757.5974145 180573.7660357 177992.5390311 179124.1205403
 180323.0249267 181473.5591624 182039.6893376 177833.9126938
 183240.4912288 180618.9906626 181229.5197118 182358.4277789
 174869.4016534 185311.4580631 184284.3233316 175125.1999545
 180636.3556173 178430.3771843 178886.7568026 183465.099696
 180332.4180482 174354.0324156 175975.1614044 179908.0860251
 182143.987523  184142.4632921]
Noised Result
[216883.39097603 171710.42674849 168648.21761979 179647.73298971
 131169.01863685 165616.34652985 234775.22035012 247709.17906584
 181321.1132452  175035.49371528 128560.88921923 175541.80701415
 197286.2560448  184909.79518913 174239.32322115 165689.29018071
 216884.61432451 146889.70009584 197955.6537295  184650.72612097
 170538.94677875 182836.72347856 156020.4408724  174752.35222818
 173527.65215374 213482.08573534 229403.28841409 171832.00276655
 237192.29366822 231271.6329348  210246.62639234 193592.05780269
 150444.83770042 171170.93856585 204270.83392514 114041.95936822
  74963.61984481 154185.48434807 136698.13207591 182966.89947832
 202333.44042473 154098.50506993 193064.79495525 109616.16471021
 116408.75412215 126903.81678554 154179.2811712  194302.21512818
 249059.87078724 188685.46178203]

The result for the 10th execution is
Time
22.38066029548645
Query Result
[178785.7374442 174557.9006419 181130.7630288 178007.1700508
 178629.3175895 183981.5265132 179508.79962   182054.2632795
 178433.1835237 180642.1173946 178696.3642979 179316.7024019
 181096.2497966 180508.6027005 182030.653957  184468.8014629
 180275.230355  179953.9629626 173598.8735155 182313.2524184
 178368.3961764 178718.5234658 180338.0075024 176499.9877865
 184757.5974145 180573.7660357 177992.5390311 179124.1205403
 180323.0249267 181473.5591624 182039.6893376 177833.9126938
 183240.4912288 180618.9906626 181229.5197118 182358.4277789
 174869.4016534 185311.4580631 184284.3233316 175125.1999545
 180636.3556173 178430.3771843 178886.7568026 183465.099696
 180332.4180482 174354.0324156 175975.1614044 179908.0860251
 182143.987523  184142.4632921]
Noised Result
[168804.72267409 165917.26643592 178564.49771381 163682.63193531
 190000.67059383 207305.62133266 200588.82978852 174351.627274
 183779.50931248 166192.27851743 182925.91580832 172612.38267425
 166242.89098656 160149.57921647 198344.96033165 202329.07094649
 215165.04501826 161571.40131426 175606.42871637 212575.73228064
 163691.25910423 181057.63544131 178232.8589342  176799.66443685
 181512.0407065  198826.5160486  158660.94531757 177191.49105302
 167126.27466281 193135.35573467 175931.54269172 177881.20518677
 174675.3207879  158114.16973878 174513.02372869 163626.70655552
 218023.97323563 161960.8612447  140939.18534659 134114.94560609
 164508.15781225 176951.58264511 141298.19227467 193035.16077852
 156259.79443102 179737.67192263 178564.77981138 193217.02536572
 202510.53709836 173021.88885465]

The result for the 11th execution is
Time
25.20613169670105
Query Result
[178785.7374442 174557.9006419 181130.7630288 178007.1700508
 178629.3175895 183981.5265132 179508.79962   182054.2632795
 178433.1835237 180642.1173946 178696.3642979 179316.7024019
 181096.2497966 180508.6027005 182030.653957  184468.8014629
 180275.230355  179953.9629626 173598.8735155 182313.2524184
 178368.3961764 178718.5234658 180338.0075024 176499.9877865
 184757.5974145 180573.7660357 177992.5390311 179124.1205403
 180323.0249267 181473.5591624 182039.6893376 177833.9126938
 183240.4912288 180618.9906626 181229.5197118 182358.4277789
 174869.4016534 185311.4580631 184284.3233316 175125.1999545
 180636.3556173 178430.3771843 178886.7568026 183465.099696
 180332.4180482 174354.0324156 175975.1614044 179908.0860251
 182143.987523  184142.4632921]
Noised Result
[211101.59644041 189034.13361594 184720.26124104 184640.56804399
 183758.48741236 169024.67867244 182818.9621724  197728.23771448
 165573.55487885 193074.63944668 200092.38815633 187962.23118254
 149463.14185614 174816.7425377  170918.18332572 195731.78035612
 147816.68082823 200680.59451187 145297.37476784 180622.57339956
 159745.66838868 157533.83899834 148159.74064347 153312.25941384
 219473.9657187  211874.66318706 174333.12332111 197262.88578749
 167775.7913761  206025.95117328 144629.27458371 189722.32750413
 176473.95203265 139555.26395444 164391.71419246 181792.23148071
 180728.91416629 172393.24560494 194462.67904537 182996.78455882
 208822.33872272 201329.81340593 193842.01498963 177114.58093556
 170420.38145128 162872.93471997 171933.90311047 171552.40534042
 203536.46774235 214705.81491137]

The result for the 12th execution is
Time
22.298880338668823
Query Result
[178785.7374442 174557.9006419 181130.7630288 178007.1700508
 178629.3175895 183981.5265132 179508.79962   182054.2632795
 178433.1835237 180642.1173946 178696.3642979 179316.7024019
 181096.2497966 180508.6027005 182030.653957  184468.8014629
 180275.230355  179953.9629626 173598.8735155 182313.2524184
 178368.3961764 178718.5234658 180338.0075024 176499.9877865
 184757.5974145 180573.7660357 177992.5390311 179124.1205403
 180323.0249267 181473.5591624 182039.6893376 177833.9126938
 183240.4912288 180618.9906626 181229.5197118 182358.4277789
 174869.4016534 185311.4580631 184284.3233316 175125.1999545
 180636.3556173 178430.3771843 178886.7568026 183465.099696
 180332.4180482 174354.0324156 175975.1614044 179908.0860251
 182143.987523  184142.4632921]
Noised Result
[152128.86912188 117994.2047418  240284.60258745 175046.88254284
 215673.01280601 209688.47734962 236843.56481234 190597.75398185
 197932.8696999  252926.01672354 142915.04466555 159152.91424402
 203600.7653383  143807.39814332 210228.33767094 200524.88650699
 142976.56771723 194097.36570434 161963.4876709  163144.87888359
 206540.3989309  177274.53454305 171285.91982739 176572.66075053
 195318.34991897 134574.4872597  169547.05025373 250771.13567461
 175959.04161568 127960.23948396 235724.73408197 192233.61872352
 202893.45295172 125127.69411931 185528.01571607 152874.56515184
 216572.13063202 215820.52730697 177351.44140393 219815.87199439
 171670.03809101 147191.60701116 178978.56912048 165296.53819839
 170987.73527846 139728.31563365 201995.26969856 199588.96456463
 141482.30336827 117495.33912255]

The result for the 13th execution is
Time
45.18308448791504
Query Result
[178785.7374442 174557.9006419 181130.7630288 178007.1700508
 178629.3175895 183981.5265132 179508.79962   182054.2632795
 178433.1835237 180642.1173946 178696.3642979 179316.7024019
 181096.2497966 180508.6027005 182030.653957  184468.8014629
 180275.230355  179953.9629626 173598.8735155 182313.2524184
 178368.3961764 178718.5234658 180338.0075024 176499.9877865
 184757.5974145 180573.7660357 177992.5390311 179124.1205403
 180323.0249267 181473.5591624 182039.6893376 177833.9126938
 183240.4912288 180618.9906626 181229.5197118 182358.4277789
 174869.4016534 185311.4580631 184284.3233316 175125.1999545
 180636.3556173 178430.3771843 178886.7568026 183465.099696
 180332.4180482 174354.0324156 175975.1614044 179908.0860251
 182143.987523  184142.4632921]
Noised Result
[185251.69278066 162367.68960273 187824.59850069 201953.64040313
 216188.38257593 189387.91137475 186553.55422041 177541.98769694
 164852.53385357 217219.66699302 162728.17464022 213616.43309946
 193416.33318365 148540.66678707 188654.13686792 161105.88801509
 198033.57654389 172166.4177987  128130.44819944 165105.65500068
 185996.27479984 156797.59023769 203381.67849421 196520.14510311
 150225.34320164 143337.91731471 162209.30237264 177447.19754545
 197595.55119214 188090.08724815 173826.14178654 202433.83024531
 163770.32956555 176410.96882747 147344.90585553 199022.09550036
 171418.83493833 198231.1453667  234201.12670275 161568.71888096
 172136.85033002 216677.05065996 169445.83201106 160151.39859978
 178277.04501647 191213.74884779 169789.01718552 173780.01547624
 188189.1666165  170149.58066867]

The result for the 14th execution is
Time
22.59535264968872
Query Result
[178785.7374442 174557.9006419 181130.7630288 178007.1700508
 178629.3175895 183981.5265132 179508.79962   182054.2632795
 178433.1835237 180642.1173946 178696.3642979 179316.7024019
 181096.2497966 180508.6027005 182030.653957  184468.8014629
 180275.230355  179953.9629626 173598.8735155 182313.2524184
 178368.3961764 178718.5234658 180338.0075024 176499.9877865
 184757.5974145 180573.7660357 177992.5390311 179124.1205403
 180323.0249267 181473.5591624 182039.6893376 177833.9126938
 183240.4912288 180618.9906626 181229.5197118 182358.4277789
 174869.4016534 185311.4580631 184284.3233316 175125.1999545
 180636.3556173 178430.3771843 178886.7568026 183465.099696
 180332.4180482 174354.0324156 175975.1614044 179908.0860251
 182143.987523  184142.4632921]
Noised Result
[179246.4639845  174493.55735833 181499.21266851 203495.08749351
 170665.07356599 213392.67641654 216058.34086583 190156.88774174
 170548.48831188 160550.55784956 212980.45681799 189583.88444704
 206217.18524483 155265.43988    192040.01269995 172821.20912305
 190659.36008305 220069.56923007 136153.60874936 192280.48497758
 192566.39801128 184916.97805261 156865.04149212 179105.65169945
 168306.95444217 211602.3186768  175389.85800794 144736.92734705
 207498.46270391 188538.08141759 173737.25981629 156473.31269073
 199949.1663056  194667.24981185 147248.76791186 177477.10857041
 192701.85267094 202189.68126768 191545.01163254 156541.58473451
 142641.25490693 193344.72588818 204689.86673948 162983.64021367
 164456.29444605 182661.64947886 186158.34559552 172388.93635757
 165790.16686766 197506.28040936]

The result for the 15th execution is
Time
44.196526765823364
Query Result
[178785.7374442 174557.9006419 181130.7630288 178007.1700508
 178629.3175895 183981.5265132 179508.79962   182054.2632795
 178433.1835237 180642.1173946 178696.3642979 179316.7024019
 181096.2497966 180508.6027005 182030.653957  184468.8014629
 180275.230355  179953.9629626 173598.8735155 182313.2524184
 178368.3961764 178718.5234658 180338.0075024 176499.9877865
 184757.5974145 180573.7660357 177992.5390311 179124.1205403
 180323.0249267 181473.5591624 182039.6893376 177833.9126938
 183240.4912288 180618.9906626 181229.5197118 182358.4277789
 174869.4016534 185311.4580631 184284.3233316 175125.1999545
 180636.3556173 178430.3771843 178886.7568026 183465.099696
 180332.4180482 174354.0324156 175975.1614044 179908.0860251
 182143.987523  184142.4632921]
Noised Result
[185529.68662464 180737.1930169  178061.28911981 185166.39852274
 176753.31865507 185424.51117374 191860.93126198 173990.98040482
 166810.55415656 191437.18030746 179260.38538373 174938.09177814
 171598.30454998 180628.33930451 188023.05101557 196483.80535483
 186757.22585128 181840.66983545 168868.3090718  188483.29167034
 190816.75971795 189204.66310616 188050.97849172 175526.38367486
 187687.8667374  185048.27697672 168146.42843274 183533.08382451
 199837.40187456 183882.47725869 190759.28133262 176000.8429453
 166575.83836745 156611.69241515 158872.89621656 207255.93777481
 199067.01279217 194964.53956322 192467.55094651 195051.55470502
 174982.35406377 163452.44233634 170283.6798371  173455.23083428
 182723.69422111 187551.18540536 161246.04452577 205384.85539566
 196795.84864419 170913.00646316]

The result for the 16th execution is
Time
22.712122678756714
Query Result
[178785.7374442 174557.9006419 181130.7630288 178007.1700508
 178629.3175895 183981.5265132 179508.79962   182054.2632795
 178433.1835237 180642.1173946 178696.3642979 179316.7024019
 181096.2497966 180508.6027005 182030.653957  184468.8014629
 180275.230355  179953.9629626 173598.8735155 182313.2524184
 178368.3961764 178718.5234658 180338.0075024 176499.9877865
 184757.5974145 180573.7660357 177992.5390311 179124.1205403
 180323.0249267 181473.5591624 182039.6893376 177833.9126938
 183240.4912288 180618.9906626 181229.5197118 182358.4277789
 174869.4016534 185311.4580631 184284.3233316 175125.1999545
 180636.3556173 178430.3771843 178886.7568026 183465.099696
 180332.4180482 174354.0324156 175975.1614044 179908.0860251
 182143.987523  184142.4632921]
Noised Result
[182130.47452648 156871.6515249  176436.43319619 186399.13944802
 181693.73010272 170989.1643616  140119.85251596 210992.34405611
 151703.74951301 161895.5965177  178922.64958373 169506.59575393
 201470.39139192 179234.94426272 193475.2878986  191898.20439046
 179463.46451107 207883.20763218 165227.66087108 141845.33698868
 174860.31989461 172559.47443731 148451.85454584 189066.78613614
 184808.06435869 169828.59674818 200759.12217298 183516.97458329
 193653.23564257 175938.64686774 180620.96430893 195224.91721418
 184149.22179143 176786.21349548 170642.43581945 188533.52206429
 180807.88842188 184355.39969833 179126.98298588 170947.65231156
 162932.275127   173883.24542843 146071.65380905 154868.09145446
 188232.12468246 182657.03398294 182681.17798879 208284.47570275
 204154.66385908 202166.08240536]

The result for the 17th execution is
Time
22.543423652648926
Query Result
[178785.7374442 174557.9006419 181130.7630288 178007.1700508
 178629.3175895 183981.5265132 179508.79962   182054.2632795
 178433.1835237 180642.1173946 178696.3642979 179316.7024019
 181096.2497966 180508.6027005 182030.653957  184468.8014629
 180275.230355  179953.9629626 173598.8735155 182313.2524184
 178368.3961764 178718.5234658 180338.0075024 176499.9877865
 184757.5974145 180573.7660357 177992.5390311 179124.1205403
 180323.0249267 181473.5591624 182039.6893376 177833.9126938
 183240.4912288 180618.9906626 181229.5197118 182358.4277789
 174869.4016534 185311.4580631 184284.3233316 175125.1999545
 180636.3556173 178430.3771843 178886.7568026 183465.099696
 180332.4180482 174354.0324156 175975.1614044 179908.0860251
 182143.987523  184142.4632921]
Noised Result
[171469.82740314 165337.32997015 180131.1088648  219867.83154366
 136218.59254656 200921.7985525  174330.35808922 142726.04680729
 147192.412197   173144.71986653 150532.72339628 201360.61568918
 184078.81833842 171997.18489731 162830.58394776 175414.48873274
 200608.9816163  190476.91843829 180661.42730892 204382.59052508
 159145.93314466 173820.72218639 161342.92987168 174302.36066939
 181307.99388691 195565.40990956 170961.19263682 214666.01199103
 167346.43522256 208924.54925085 198182.67208184 172834.14252408
 200344.10042499 173779.23096646 160825.60262259 215758.97244358
 175494.27719463 226858.34959258 195454.80584278 148802.50122282
 171938.73868181 154593.61158609 161620.79071124 197799.02648553
 186611.95849604 143533.76436249 168878.1164232  206873.80600325
 161408.66814841 161899.31097066]

The result for the 18th execution is
Time
25.25005054473877
Query Result
[178785.7374442 174557.9006419 181130.7630288 178007.1700508
 178629.3175895 183981.5265132 179508.79962   182054.2632795
 178433.1835237 180642.1173946 178696.3642979 179316.7024019
 181096.2497966 180508.6027005 182030.653957  184468.8014629
 180275.230355  179953.9629626 173598.8735155 182313.2524184
 178368.3961764 178718.5234658 180338.0075024 176499.9877865
 184757.5974145 180573.7660357 177992.5390311 179124.1205403
 180323.0249267 181473.5591624 182039.6893376 177833.9126938
 183240.4912288 180618.9906626 181229.5197118 182358.4277789
 174869.4016534 185311.4580631 184284.3233316 175125.1999545
 180636.3556173 178430.3771843 178886.7568026 183465.099696
 180332.4180482 174354.0324156 175975.1614044 179908.0860251
 182143.987523  184142.4632921]
Noised Result
[135263.33649464 191544.2784884  180202.54333228 179533.13332256
 161198.35774369 162758.67345913 146208.73082104 180871.94612512
 183478.35855905 214362.40946529 199778.09546669 154586.51752122
 164209.9497287  211766.26833666 177407.15963922 200892.58074463
 196379.51286944 196522.38742417 160773.12081062 189605.3942202
 179260.12446385 193546.68688792 164808.22961463 196839.1303182
 176854.30872271 183327.84895475 207817.59109948 193044.80636661
 181605.78990746 174120.03810948 144422.99053741 167158.7457761
 183030.93125952 170400.26952155 137563.49733018 225164.23163194
 185013.29653184 190767.36738031 192573.40718584 155034.88758604
 206230.14833667 163319.16533547 182922.40928223 140813.64794385
 191229.15997863 168935.68120582 164232.8982546  170385.24103229
 165646.99813928 186853.97952577]

The result for the 19th execution is
Time
22.35370969772339
Query Result
[178785.7374442 174557.9006419 181130.7630288 178007.1700508
 178629.3175895 183981.5265132 179508.79962   182054.2632795
 178433.1835237 180642.1173946 178696.3642979 179316.7024019
 181096.2497966 180508.6027005 182030.653957  184468.8014629
 180275.230355  179953.9629626 173598.8735155 182313.2524184
 178368.3961764 178718.5234658 180338.0075024 176499.9877865
 184757.5974145 180573.7660357 177992.5390311 179124.1205403
 180323.0249267 181473.5591624 182039.6893376 177833.9126938
 183240.4912288 180618.9906626 181229.5197118 182358.4277789
 174869.4016534 185311.4580631 184284.3233316 175125.1999545
 180636.3556173 178430.3771843 178886.7568026 183465.099696
 180332.4180482 174354.0324156 175975.1614044 179908.0860251
 182143.987523  184142.4632921]
Noised Result
[153259.78513759 196010.22804331 214143.85933138 172636.57870012
 162665.10119895 170663.17152352 187055.98685682 233583.67596741
 154366.76783748 187901.32845682 103096.9469437  186056.26954421
 219305.03584499 144621.00041667 171386.80338974 202793.24847442
 225070.99260303 221759.87654115 221889.52068161 198153.15637567
 153565.16432528 205411.88643531 197891.68442268 168297.24336427
 180306.05251026  97022.94224653 139418.25823966 235748.56760053
 200471.63678538 245968.42310797 194346.22250185 149629.28952451
 188425.02197645 176427.84631821 197846.08253407 169987.82339869
 190830.77542351 139390.9488848  141973.65905405 166421.3697958
 177297.53648073 176221.15757104 252175.85705401 214303.53722659
 225163.2465378  219860.31866273 119415.33407274 160411.59772104
 198021.39498754 256374.48584971]

