The result for the 0th execution is
Time
12.292996168136597
Query Result
[3116. 3133. 3058. 3107. 3174. 3175. 3116. 3111. 2986. 3164. 3118. 3038.
 3209. 3155. 3259. 3239. 3117. 2979. 3003. 3192. 3209. 3208. 3036. 3062.
 3102. 2956. 3073. 3128. 3244. 3038. 3127. 3037. 3047. 3087. 3158. 3152.
 3036. 2994. 3101. 3226. 3025. 3152. 3089. 3001. 3036. 2980. 3028. 3210.
 3170. 3209.]
Noised Result
[3176.63891694 3052.99563204 3125.26194997 2183.07134496 3024.1294071
 3687.76241988 3078.51876033 2795.39986442 3878.56398379 2972.59782195
 3159.47522923 3539.33052187 2708.67552538 3267.7459663  3321.8000655
 3244.66198715 2930.00550256 2584.80724307 2502.8085849  2769.28770001
 3085.37464136 3716.57105528 2765.50568155 2802.59017459 3574.31703757
 3249.19910881 3112.41386357 3103.4655818  2632.61822833 3509.56726427
 3257.39690014 3192.4340823  3166.43663965 3264.69701138 3108.64145032
 3162.1737982  2838.20254423 3377.53191099 2925.96214951 2989.14450922
 2787.09180871 3489.99344814 3087.28651543 2778.72768975 2741.80735611
 2669.23462463 3218.70205364 3600.65847794 2843.37478362 3068.87187125]

The result for the 1th execution is
Time
12.539419174194336
Query Result
[3116. 3133. 3058. 3107. 3174. 3175. 3116. 3111. 2986. 3164. 3118. 3038.
 3209. 3155. 3259. 3239. 3117. 2979. 3003. 3192. 3209. 3208. 3036. 3062.
 3102. 2956. 3073. 3128. 3244. 3038. 3127. 3037. 3047. 3087. 3158. 3152.
 3036. 2994. 3101. 3226. 3025. 3152. 3089. 3001. 3036. 2980. 3028. 3210.
 3170. 3209.]
Noised Result
[3242.52923901 3835.85510267 3005.62865336 3394.53734051 2516.82319932
 3191.22647478 2571.46652269 3270.964859   2508.21547895 2664.2202277
 2991.46909554 2904.1432832  3335.20711245 3134.40222141 3052.67311261
 2921.61072284 3321.17394631 3115.33833146 2451.15175272 3495.40917105
 3281.66452663 3322.86898418 2823.31952459 2767.05440405 3036.48498838
 2260.35624961 3427.14069857 3040.80343885 3393.50356448 2866.92003627
 2697.37442231 2672.09060238 2511.8380198  3670.39087033 3161.84537878
 3325.49788994 2690.64343123 2775.17318057 3016.65171495 2645.07165977
 3092.14077617 2922.13168275 3246.58165039 3163.58874113 2595.9150587
 2966.87700281 2567.89718803 3485.10883408 2298.23486704 3255.43036562]

The result for the 2th execution is
Time
12.348276138305664
Query Result
[3116. 3133. 3058. 3107. 3174. 3175. 3116. 3111. 2986. 3164. 3118. 3038.
 3209. 3155. 3259. 3239. 3117. 2979. 3003. 3192. 3209. 3208. 3036. 3062.
 3102. 2956. 3073. 3128. 3244. 3038. 3127. 3037. 3047. 3087. 3158. 3152.
 3036. 2994. 3101. 3226. 3025. 3152. 3089. 3001. 3036. 2980. 3028. 3210.
 3170. 3209.]
Noised Result
[3320.73082587 3125.39798337 2661.87810787 3097.75889458 3353.51156034
 3349.24743149 3199.47293753 3187.89523829 2634.53823253 2428.9515349
 3262.11026939 2749.62866835 3835.33318609 3680.48838404 3667.8853845
 3832.11714769 2839.69532096 2473.43190607 2906.50959648 3053.48236073
 3469.29180604 3118.48429548 2995.38138957 2386.39826285 3181.13452607
 2674.35361922 2955.98960187 3417.1229642  4224.47337445 2704.1822674
 3378.37635239 3388.54037947 3442.19672209 3640.3445333  3410.86481603
 3422.24498494 2962.82570202 2877.89808742 3243.03001262 2889.23069004
 2896.36498615 3313.33046504 3267.07698769 3467.14179213 3442.43665809
 2588.90310588 2605.43799611 3066.76733817 3066.10610361 3116.57359446]

The result for the 3th execution is
Time
13.686977624893188
Query Result
[3116. 3133. 3058. 3107. 3174. 3175. 3116. 3111. 2986. 3164. 3118. 3038.
 3209. 3155. 3259. 3239. 3117. 2979. 3003. 3192. 3209. 3208. 3036. 3062.
 3102. 2956. 3073. 3128. 3244. 3038. 3127. 3037. 3047. 3087. 3158. 3152.
 3036. 2994. 3101. 3226. 3025. 3152. 3089. 3001. 3036. 2980. 3028. 3210.
 3170. 3209.]
Noised Result
[2740.98387827 3239.89757031 3410.25169137 2586.93026015 3824.86953688
 4063.95731482 2790.21273488 3695.03740024 3358.27982911 2694.55304746
 3115.7418332  2485.19120398 3164.1462344  3314.93247479 3195.31557843
 3220.10452762 3884.91309373 2557.73797791 2143.78493574 1767.60629629
 2677.25825782 3309.1525128  3235.79802608 2598.58574396 3081.75231377
 3259.0914699  3600.65242156 3186.45832261 3385.80529646 3816.45530928
 3420.18865208 3565.93238456 1614.03099215 3303.32350586 3213.84903894
 3608.61482931 3416.23301762 2818.28924335 2990.8680325  3832.29484314
 3420.58479354 3429.96159368 2391.2679654  2748.57207939 2061.45596367
 3090.5154844  2383.02714117 3144.2892129  3542.72787515 3359.90389797]

The result for the 4th execution is
Time
11.397139310836792
Query Result
[3116. 3133. 3058. 3107. 3174. 3175. 3116. 3111. 2986. 3164. 3118. 3038.
 3209. 3155. 3259. 3239. 3117. 2979. 3003. 3192. 3209. 3208. 3036. 3062.
 3102. 2956. 3073. 3128. 3244. 3038. 3127. 3037. 3047. 3087. 3158. 3152.
 3036. 2994. 3101. 3226. 3025. 3152. 3089. 3001. 3036. 2980. 3028. 3210.
 3170. 3209.]
Noised Result
[4053.43524728 2362.73553849 2634.50658967 3321.74419471 2024.35389306
 3739.47703144 2992.75537446 3582.36731691 1951.72343257 3053.05932154
 3003.05381817 3815.36144939 4064.88041418 2754.58916922 3087.06538604
 3957.58504721 4228.10569464 2105.16351757 2647.91967576 3756.02460439
 3100.70120764 4279.51026441 2198.32556291 3725.49994355 2649.93357924
 2265.03037786 3592.80939606 2925.94312206 2967.0774828  2700.28003537
 1998.0810406  1779.38112547 2587.29934389 3825.18468092 3589.12143271
 4014.67879558 1723.728886   3756.73564955 2468.76169981 3544.81984669
 2006.86589679 2724.49714741 3964.6831529  2715.67943383 3294.9661776
 3612.07246788 3890.8983097  3233.48992014 3277.31616962 1376.49730976]

The result for the 5th execution is
Time
12.466078281402588
Query Result
[3116. 3133. 3058. 3107. 3174. 3175. 3116. 3111. 2986. 3164. 3118. 3038.
 3209. 3155. 3259. 3239. 3117. 2979. 3003. 3192. 3209. 3208. 3036. 3062.
 3102. 2956. 3073. 3128. 3244. 3038. 3127. 3037. 3047. 3087. 3158. 3152.
 3036. 2994. 3101. 3226. 3025. 3152. 3089. 3001. 3036. 2980. 3028. 3210.
 3170. 3209.]
Noised Result
[2526.1223615  3076.96941116 3128.49612622 2510.15012191 3218.11006659
 2988.6046425  2418.70337886 2603.157178   2926.00170227 2982.38923657
 2932.7699898  3065.79710444 4263.14681554 3347.02354074 2809.32565359
 2823.35609582 3433.59385992 2832.19414292 2922.13932212 3210.82014666
 3509.81348222 3201.00985871 2652.3811257  3256.622024   2960.4491259
 3376.89203556 3174.04323478 3155.71203721 2814.61174511 2514.81333561
 2553.58236171 2844.78600117 3008.76170111 2916.77491889 3685.36791872
 3893.84495188 2583.26371883 2350.21985838 3155.7500549  3279.05774194
 2534.58191621 2877.07432273 2768.53513438 3159.32304703 2903.02698768
 3505.20597928 3506.52762963 3181.26018857 2919.90807553 3238.95147916]

The result for the 6th execution is
Time
11.643990755081177
Query Result
[3116. 3133. 3058. 3107. 3174. 3175. 3116. 3111. 2986. 3164. 3118. 3038.
 3209. 3155. 3259. 3239. 3117. 2979. 3003. 3192. 3209. 3208. 3036. 3062.
 3102. 2956. 3073. 3128. 3244. 3038. 3127. 3037. 3047. 3087. 3158. 3152.
 3036. 2994. 3101. 3226. 3025. 3152. 3089. 3001. 3036. 2980. 3028. 3210.
 3170. 3209.]
Noised Result
[3382.40172252 3023.94636569 3271.54218306 3668.94673375 3055.13839824
 3818.7465003  3709.84507234 3172.43781908 3205.92541155 3325.54182849
 2817.45280278 2707.34667461 3667.8465874  3527.46430763 3724.55739366
 3326.16970495 3748.26771146 2035.92702242 2685.05662884 2895.74639479
 3272.34416519 3365.70011631 3138.00000959 2930.61417218 3671.14783474
 3601.34940298 3327.9987284  3164.70936866 3107.87472469 4062.88928209
 2616.6976477  3848.43260659 3116.98901649 3585.28032503 2468.25203366
 2918.58577348 3471.81627072 2506.98185844 3472.40278657 3055.28806532
 2770.69731673 3143.97072186 3171.81092246 3028.26266043 3403.35970215
 2492.78001785 2990.00700226 3443.80516777 2955.98576419 3210.49406825]

The result for the 7th execution is
Time
11.796104192733765
Query Result
[3116. 3133. 3058. 3107. 3174. 3175. 3116. 3111. 2986. 3164. 3118. 3038.
 3209. 3155. 3259. 3239. 3117. 2979. 3003. 3192. 3209. 3208. 3036. 3062.
 3102. 2956. 3073. 3128. 3244. 3038. 3127. 3037. 3047. 3087. 3158. 3152.
 3036. 2994. 3101. 3226. 3025. 3152. 3089. 3001. 3036. 2980. 3028. 3210.
 3170. 3209.]
Noised Result
[3258.60927547 2628.41228711 3107.19024525 2845.63280566 3200.84860864
 3502.09515222 3312.66783733 3218.37996317 2936.81995876 3492.20078902
 2583.8904544  2571.91913913 3125.82256743 3550.82333968 3333.66198095
 3566.01962545 3688.32319871 3100.73062516 2997.02329208 3105.62882179
 2830.29840937 3309.03680236 2259.9201454  3060.3660058  3499.3932247
 2739.33851527 2840.66586214 3072.77387592 3608.46356212 3012.63852821
 3327.06638809 3238.60376911 3057.0584028  2537.14969915 3412.15237343
 3624.11671377 2923.92823939 3140.56148243 3498.42441137 2949.09836747
 3456.84001305 3324.75779131 3089.97892615 3161.45613763 2815.2021663
 3164.87074433 3203.060104   3771.89110853 3367.50383969 2854.85731085]

The result for the 8th execution is
Time
11.7416410446167
Query Result
[3116. 3133. 3058. 3107. 3174. 3175. 3116. 3111. 2986. 3164. 3118. 3038.
 3209. 3155. 3259. 3239. 3117. 2979. 3003. 3192. 3209. 3208. 3036. 3062.
 3102. 2956. 3073. 3128. 3244. 3038. 3127. 3037. 3047. 3087. 3158. 3152.
 3036. 2994. 3101. 3226. 3025. 3152. 3089. 3001. 3036. 2980. 3028. 3210.
 3170. 3209.]
Noised Result
[3105.83874993 3205.74708463 4144.67648388 3530.87358902 3025.82946553
 3511.09228374 3733.70489052 1734.23008537 3805.55155525 1581.39166774
 2668.24483898 1873.14117516 2129.49427646 3603.20782605 4763.12602479
 2836.30680662 1552.64246182 2271.41143791 3112.20872653 2817.25679774
 4624.20885877 3367.13427393 2697.02426017 3271.72244063 2555.32239301
 3849.03002747 2934.93630637 3785.37740853 3689.58852401 2443.96131719
 3455.36977055 2840.41606576 2367.69786063 3270.38903121 2234.56380887
 3747.69102112 3382.67796511 2795.04266996 3075.57377658 2960.99328935
 2515.57005621 3273.75648704 3069.11112793 3643.13493822 2919.47541273
 2730.10171443 3776.31157962 3546.24125396 2986.56120256 1530.22702238]

The result for the 9th execution is
Time
12.198794841766357
Query Result
[3116. 3133. 3058. 3107. 3174. 3175. 3116. 3111. 2986. 3164. 3118. 3038.
 3209. 3155. 3259. 3239. 3117. 2979. 3003. 3192. 3209. 3208. 3036. 3062.
 3102. 2956. 3073. 3128. 3244. 3038. 3127. 3037. 3047. 3087. 3158. 3152.
 3036. 2994. 3101. 3226. 3025. 3152. 3089. 3001. 3036. 2980. 3028. 3210.
 3170. 3209.]
Noised Result
[2844.49615864 2501.5793432  2493.01546579 2952.42544348 2902.02044213
 3645.88656714 2604.27029871 3286.48427319 3503.96136798 3200.73477076
 3641.94946059 3327.06410351 3330.2992383  3078.51832157 3103.40895908
 3057.90366915 2724.93417544 3069.32460264 3458.45024476 3028.73605072
 2899.11356962 3646.69561959 2776.83898834 2594.51684388 2864.70326094
 3210.14552065 2645.16937305 3121.75110358 2961.54679526 3101.79414742
 3253.22678097 3368.64169933 3133.02126398 3279.6232448  3357.32506995
 3206.81267818 3276.36312359 3186.46028797 3203.17711647 3302.73043922
 3077.45371537 3492.38663248 3382.0052925  2839.5107141  3341.91128072
 2487.21446178 3418.66511736 3284.2693733  2894.29923367 3257.74914388]

The result for the 10th execution is
Time
12.425325632095337
Query Result
[3116. 3133. 3058. 3107. 3174. 3175. 3116. 3111. 2986. 3164. 3118. 3038.
 3209. 3155. 3259. 3239. 3117. 2979. 3003. 3192. 3209. 3208. 3036. 3062.
 3102. 2956. 3073. 3128. 3244. 3038. 3127. 3037. 3047. 3087. 3158. 3152.
 3036. 2994. 3101. 3226. 3025. 3152. 3089. 3001. 3036. 2980. 3028. 3210.
 3170. 3209.]
Noised Result
[4178.82737074 1599.9629553  2676.43250547 1425.67867585 2092.37755031
 4345.72697892 3274.91339487 4044.59040936 2106.8300498  2795.10959576
 2852.94631638 3813.46357398 5931.02557222 3421.80730895 4851.68913499
 3393.06730066 2776.64738155 5088.29532965 2347.56137761 5062.13834677
 5101.38547831 2729.54444772 2256.15261394 1546.704335   3639.43270741
 3702.31193279 4059.2301048  1193.94070705  821.17626253 1193.26607905
 3368.48184794 3250.89779096 5274.92041549 -636.12696637 2385.87326545
 2153.81226484 4255.12391932 2282.82567362 4339.5674111  2355.13192296
 2853.68139997  588.72243462 5968.36466512 2602.05392139 1524.23551573
 2140.61204097 4546.45542998  874.49546702 5263.92450962 1631.97880102]

The result for the 11th execution is
Time
12.12573504447937
Query Result
[3116. 3133. 3058. 3107. 3174. 3175. 3116. 3111. 2986. 3164. 3118. 3038.
 3209. 3155. 3259. 3239. 3117. 2979. 3003. 3192. 3209. 3208. 3036. 3062.
 3102. 2956. 3073. 3128. 3244. 3038. 3127. 3037. 3047. 3087. 3158. 3152.
 3036. 2994. 3101. 3226. 3025. 3152. 3089. 3001. 3036. 2980. 3028. 3210.
 3170. 3209.]
Noised Result
[2944.6049177  3558.6894481  3110.34694322 3401.45747969 3812.65055229
 3610.99799592 2755.7112031  2606.23412733 3090.12322243 3068.95945123
 3131.06362383 2916.01229683 3419.45304001 3445.76852943 3382.4595777
 3527.30902566 3669.90055812 2801.77206807 2988.3388447  3536.96889172
 2767.95958884 3088.34438625 3427.84901059 3088.68086156 3131.60336952
 3161.02945822 2745.18454877 3451.01022477 3262.95218433 3383.59042107
 2950.33536043 2778.64373648 2314.69105546 3714.15306408 2977.64938036
 3493.16360097 3217.01738398 2994.69354061 2769.5629588  3297.14574946
 3418.61200233 3101.22913206 3474.65401793 2900.16387966 2906.59605896
 2140.55337613 2645.33742362 3389.04113758 3431.87954785 2970.0125008 ]

The result for the 12th execution is
Time
12.111435413360596
Query Result
[3116. 3133. 3058. 3107. 3174. 3175. 3116. 3111. 2986. 3164. 3118. 3038.
 3209. 3155. 3259. 3239. 3117. 2979. 3003. 3192. 3209. 3208. 3036. 3062.
 3102. 2956. 3073. 3128. 3244. 3038. 3127. 3037. 3047. 3087. 3158. 3152.
 3036. 2994. 3101. 3226. 3025. 3152. 3089. 3001. 3036. 2980. 3028. 3210.
 3170. 3209.]
Noised Result
[3322.10672451 2648.66794744 2397.06989996 3483.15161318 3429.49824595
 3546.55826821 3703.93300291 3532.7839248  3497.7116703  2769.20904823
 3553.4637382  3078.84421517 3310.76915215 3098.39949698 3637.46772826
 3455.7565195  2991.24592099 2759.21956134 3216.59610426 3840.17243429
 3477.73832306 3639.4578448  2641.36968463 2626.12617066 3211.04125725
 3331.80874521 3420.64282831 3185.68361836 3603.38176598 3025.5734777
 3362.93282512 2617.93665061 2776.53769913 3028.58601613 2942.98274904
 3342.5805167  2836.31128797 2932.54875905 3208.07887063 2863.53525046
 3117.26850483 3397.19649501 3370.69069217 3014.65112591 2886.33751662
 3269.00836067 2951.16050809 3331.42199872 2899.4937352  3036.39438273]

The result for the 13th execution is
Time
1.455108880996704
Query Result
[3116. 3133. 3058. 3107. 3174. 3175. 3116. 3111. 2986. 3164. 3118. 3038.
 3209. 3155. 3259. 3239. 3117. 2979. 3003. 3192. 3209. 3208. 3036. 3062.
 3102. 2956. 3073. 3128. 3244. 3038. 3127. 3037. 3047. 3087. 3158. 3152.
 3036. 2994. 3101. 3226. 3025. 3152. 3089. 3001. 3036. 2980. 3028. 3210.
 3170. 3209.]
Noised Result
[3397.07529567 2713.53637537 2765.65426195 2851.8982904  2876.08602986
 2980.52347674 3294.11186643 3251.92487878 3163.9091501  2755.63472823
 2653.63941662 3265.76024517 2326.15392782 3084.77866947 3079.29373289
 3168.73038101 3348.40760413 2814.57588653 3159.2738499  3129.8464797
 3763.37770454 2990.27011383 2396.76385479 2771.92759377 2930.91356425
 2312.31644523 3160.07340908 3077.00635602 3850.42761176 3143.55006999
 3012.95049195 3183.58080608 2972.22773616 2685.80923029 3043.67989009
 2710.51136144 3067.77886333 2932.38728653 2863.29462183 3415.98310597
 3039.43390089 3964.08287571 2887.79743492 2891.24789165 3080.32641679
 2388.66043751 2715.94279493 3390.41339222 3975.09670801 3198.03735764]

The result for the 14th execution is
Time
12.859437704086304
Query Result
[3116. 3133. 3058. 3107. 3174. 3175. 3116. 3111. 2986. 3164. 3118. 3038.
 3209. 3155. 3259. 3239. 3117. 2979. 3003. 3192. 3209. 3208. 3036. 3062.
 3102. 2956. 3073. 3128. 3244. 3038. 3127. 3037. 3047. 3087. 3158. 3152.
 3036. 2994. 3101. 3226. 3025. 3152. 3089. 3001. 3036. 2980. 3028. 3210.
 3170. 3209.]
Noised Result
[3238.83723843 3189.98915829 2439.4782005  3230.37940101 2817.97463311
 3187.28264509 3143.77096382 2938.55644115 3291.52690496 3203.87127722
 2748.09685343 3430.77935591 3073.78269097 2586.94815232 3658.4258592
 3326.22295966 3013.54206479 2935.44925848 2715.08229602 3276.15531338
 3159.48127799 3606.69492558 3315.52071122 3343.56248899 2987.43096887
 3555.71543597 2868.12959722 3824.24821089 3577.57031947 3202.64653885
 3203.34581066 3632.32729196 3148.83049215 2952.3701633  3221.09739401
 3277.28766937 3131.21593347 3614.56291692 3415.62540221 2982.42020921
 2585.58414343 3112.87278581 2893.24730379 2659.1101719  2872.94748507
 2509.09914285 3291.33840774 2960.65027024 3044.08907    2919.82556345]

The result for the 15th execution is
Time
11.893608808517456
Query Result
[3116. 3133. 3058. 3107. 3174. 3175. 3116. 3111. 2986. 3164. 3118. 3038.
 3209. 3155. 3259. 3239. 3117. 2979. 3003. 3192. 3209. 3208. 3036. 3062.
 3102. 2956. 3073. 3128. 3244. 3038. 3127. 3037. 3047. 3087. 3158. 3152.
 3036. 2994. 3101. 3226. 3025. 3152. 3089. 3001. 3036. 2980. 3028. 3210.
 3170. 3209.]
Noised Result
[2959.25208573 3221.44320713 3443.59735849 3120.01258717 3061.33459744
 3197.53770492 2626.26489634 3246.06268959 2639.78227357 3301.64527587
 2591.75170114 2647.80882064 3840.13149889 2983.21000156 3552.71169169
 3244.68857858 3047.51381355 2925.72559868 2466.37035952 3544.01974907
 3583.48664634 3312.85235383 2818.26323882 2004.10057882 3025.05309603
 3221.37897624 3046.57011911 3252.0839935  2682.13407359 2579.64736762
 2641.10913129 3514.48662714 2899.97835148 3481.59887307 3210.43710624
 3520.38939991 2891.06552125 2968.20192525 3408.75647863 2708.95599431
 2737.81523919 3119.78922783 2777.68367453 2587.3886145  3489.18442566
 2717.20623472 3200.79490966 3353.47762968 3232.15520813 2959.20684395]

The result for the 16th execution is
Time
11.878775835037231
Query Result
[3116. 3133. 3058. 3107. 3174. 3175. 3116. 3111. 2986. 3164. 3118. 3038.
 3209. 3155. 3259. 3239. 3117. 2979. 3003. 3192. 3209. 3208. 3036. 3062.
 3102. 2956. 3073. 3128. 3244. 3038. 3127. 3037. 3047. 3087. 3158. 3152.
 3036. 2994. 3101. 3226. 3025. 3152. 3089. 3001. 3036. 2980. 3028. 3210.
 3170. 3209.]
Noised Result
[3268.58122068 2498.05436141 3001.97457754 3285.45415595 3317.87673356
 3812.76324288 2729.96031445 3145.99597773 3122.67477812 2909.46671348
 2815.95728867 2816.47794545 3080.34614792 2827.59790895 3213.1517813
 3525.01806663 3420.63846284 2485.44054524 2891.61593588 3280.40031491
 3372.33640929 2624.06787218 3512.15139373 2518.8951589  2794.76916435
 2905.6788655  2831.9484106  3190.79170683 3284.49677893 2821.51145112
 2841.06819371 3211.07017125 2828.46569178 2967.95240355 3126.79119594
 3229.54521217 2855.28470802 3126.63329951 3562.40845584 3550.16443475
 3068.62964317 3067.09907866 3519.79477074 2702.86110524 2849.1084429
 3041.06039911 3343.38897352 3751.72486468 2553.34595783 2867.35892166]

The result for the 17th execution is
Time
12.31323766708374
Query Result
[3116. 3133. 3058. 3107. 3174. 3175. 3116. 3111. 2986. 3164. 3118. 3038.
 3209. 3155. 3259. 3239. 3117. 2979. 3003. 3192. 3209. 3208. 3036. 3062.
 3102. 2956. 3073. 3128. 3244. 3038. 3127. 3037. 3047. 3087. 3158. 3152.
 3036. 2994. 3101. 3226. 3025. 3152. 3089. 3001. 3036. 2980. 3028. 3210.
 3170. 3209.]
Noised Result
[2379.4436913  2856.83502914 3100.16682085 3616.7817421  3494.96753903
 3072.06461812 3566.69902383 2587.44417696 3199.0995653  3815.15145217
 2984.35623202 3034.15467306 2848.36362036 3689.73989353 3423.72784218
 2707.13090152 3209.1500992  2962.66423139 2750.43275791 2978.88921644
 2560.95307379 2658.95499197 2818.58238013 2811.89855047 3372.85705145
 2613.06790228 2696.42304826 3086.79276734 2976.28371569 3105.94242721
 3581.27826651 3070.21184428 3178.65040422 2434.41798573 3046.44004269
 3311.6025622  2662.68831142 2723.16493928 3074.86291741 2241.50258721
 3110.76006579 3387.48383038 2756.61351846 3441.23700919 2112.2296034
 2679.45426335 2617.83315419 3107.47731277 3207.83679326 3370.79038015]

The result for the 18th execution is
Time
12.434866428375244
Query Result
[3116. 3133. 3058. 3107. 3174. 3175. 3116. 3111. 2986. 3164. 3118. 3038.
 3209. 3155. 3259. 3239. 3117. 2979. 3003. 3192. 3209. 3208. 3036. 3062.
 3102. 2956. 3073. 3128. 3244. 3038. 3127. 3037. 3047. 3087. 3158. 3152.
 3036. 2994. 3101. 3226. 3025. 3152. 3089. 3001. 3036. 2980. 3028. 3210.
 3170. 3209.]
Noised Result
[3414.16398444 3305.40844691 2930.93290206 2850.93017562 3215.24483737
 4238.03949182 3447.64122953 3271.11613424 3012.39014443 3785.07413021
 2725.11683049 3003.02779929 3139.43899701 2659.53912958 3047.65793431
 2792.47954883 3233.11858754 3042.71765123 2243.99311777 3527.07543507
 3442.31545679 2619.09010086 3630.52994514 3217.10233763 3284.44072234
 3083.66987412 3091.54480591 3287.47952194 3109.96895836 2482.51512543
 2299.15886927 3208.63627194 2450.43388002 3900.03132664 3285.59460778
 3475.81674203 2676.30105071 2875.04018829 2781.17063762 3259.05576604
 3144.30147523 2948.0014597  3456.90884214 2910.5047091  3060.93046513
 2985.09750355 2727.1008005  3613.43362687 3369.78836383 3511.17274873]

The result for the 19th execution is
Time
25.429145336151123
Query Result
[3116. 3133. 3058. 3107. 3174. 3175. 3116. 3111. 2986. 3164. 3118. 3038.
 3209. 3155. 3259. 3239. 3117. 2979. 3003. 3192. 3209. 3208. 3036. 3062.
 3102. 2956. 3073. 3128. 3244. 3038. 3127. 3037. 3047. 3087. 3158. 3152.
 3036. 2994. 3101. 3226. 3025. 3152. 3089. 3001. 3036. 2980. 3028. 3210.
 3170. 3209.]
Noised Result
[3399.40773341 3358.52368134 3301.29007368 2772.6678007  2970.32635035
 3186.75841068 3138.80398335 2999.38515116 2722.51681935 3172.22379048
 3185.98131134 3057.8045807  3563.14308008 3076.9253379  2996.96002665
 3449.74248256 3065.71988683 3437.34674403 2608.82295837 3280.13327905
 3134.35425308 3299.60404854 3616.41077828 3224.58608286 3221.8574105
 2813.6117105  2854.66905578 3347.24319946 3383.74135151 3059.94219974
 2674.20055444 3310.8087409  3412.09929226 3453.85694522 3508.2719583
 2873.65157534 3518.30229851 2658.55635744 3305.99834686 2503.02822163
 2922.01430083 3677.543603   3268.10397035 3256.89676181 2825.26325587
 3640.56094492 2744.9986032  2655.72572095 2771.34096242 2957.5019273 ]

