The result for the 0th execution is
Time
2957.6840677261353
Query Result
[1358439.0847184  1448378.25634029 1366916.5869667  1460640.22772451
 1391769.73571319 1360592.42087958 1343881.5992106  1388212.5081979
 1387556.1243629  1385024.00452818 1380678.63543309 1407556.99567011
 1420412.8906205  1410634.54040201 1413103.5836759  1401726.7055904
 1357956.85388559 1383169.94894629 1409753.83393691 1370998.5062496
 1407166.14149452 1377230.892193   1416075.48341331 1403969.33567851
 1429646.34169779]
Noised Result
[1430611.83878901 1451583.3384068  1513428.07385062 1589675.75368038
 1404808.9674052  1267525.01262668 1277775.88119637 1516563.54084477
 1383722.17340212 1368335.19166448 1360047.50116163 1423348.25120967
 1425273.1092233  1346391.6798755  1361709.74559987 1265157.66932515
 1311549.49796641 1308625.96810141 1417429.40129545 1348756.84022472
 1424684.07303921 1301262.10591752 1331712.14142796 1433808.15358119
 1376351.13749056]

The result for the 1th execution is
Time
4693.533926010132
Query Result
[1358439.0847184  1448378.25634029 1366916.5869667  1460640.22772451
 1391769.73571319 1360592.42087958 1343881.5992106  1388212.5081979
 1387556.1243629  1385024.00452818 1380678.63543309 1407556.99567011
 1420412.8906205  1410634.54040201 1413103.5836759  1401726.7055904
 1357956.85388559 1383169.94894629 1409753.83393691 1370998.5062496
 1407166.14149452 1377230.892193   1416075.48341331 1403969.33567851
 1429646.34169779]
Noised Result
[1297836.53856456 1490220.28557502 1270681.85738813 1379508.41828737
 1413209.5754977  1365566.76221219 1274127.43761972 1432948.25403239
 1440830.85474325 1408790.6387343  1329784.77171167 1356089.24929644
 1412173.93701321 1464942.63445859 1393920.3700293  1452372.88798924
 1321916.65714486 1461952.75133543 1417679.99535013 1386127.59541629
 1396643.40703984 1449363.04691057 1357085.1573933  1378475.72216474
 1500844.25826942]

The result for the 2th execution is
Time
4255.724844694138
Query Result
[1358439.0847184  1448378.25634029 1366916.5869667  1460640.22772451
 1391769.73571319 1360592.42087958 1343881.5992106  1388212.5081979
 1387556.1243629  1385024.00452818 1380678.63543309 1407556.99567011
 1420412.8906205  1410634.54040201 1413103.5836759  1401726.7055904
 1357956.85388559 1383169.94894629 1409753.83393691 1370998.5062496
 1407166.14149452 1377230.892193   1416075.48341331 1403969.33567851
 1429646.34169779]
Noised Result
[1307063.24047875 1404203.38028656 1398764.86177135 1489168.27141473
 1390852.15427927 1380203.89757973 1322280.5569603  1342329.66923572
 1407295.64149565 1376040.15530015 1315562.96021087 1358857.4096069
 1428618.15400107 1238020.6268307  1414674.51244554 1394254.0434848
 1337302.02499716 1400122.03905504 1471233.37314764 1343495.8321912
 1458947.32717802 1383246.67940832 1484879.30105994 1363084.6343361
 1488692.04949642]

The result for the 3th execution is
Time
3913.366798400879
Query Result
[1358439.0847184  1448378.25634029 1366916.5869667  1460640.22772451
 1391769.73571319 1360592.42087958 1343881.5992106  1388212.5081979
 1387556.1243629  1385024.00452818 1380678.63543309 1407556.99567011
 1420412.8906205  1410634.54040201 1413103.5836759  1401726.7055904
 1357956.85388559 1383169.94894629 1409753.83393691 1370998.5062496
 1407166.14149452 1377230.892193   1416075.48341331 1403969.33567851
 1429646.34169779]
Noised Result
[1380297.63490109 1493160.98615596 1342352.49888791 1497305.75504309
 1382065.36394482 1319787.08620406 1338993.68356496 1360701.32385495
 1362501.89745455 1420546.40260025 1417729.7775762  1397961.22548513
 1517159.37575489 1363690.60295714 1461680.75255938 1264951.85838355
 1381896.56646532 1369576.37591016 1419911.14733682 1322821.7691314
 1501994.08219261 1407892.42442485 1396539.78919283 1385875.40655424
 1411548.88154799]

The result for the 4th execution is
Time
4932.261314868927
Query Result
[1358439.0847184  1448378.25634029 1366916.5869667  1460640.22772451
 1391769.73571319 1360592.42087958 1343881.5992106  1388212.5081979
 1387556.1243629  1385024.00452818 1380678.63543309 1407556.99567011
 1420412.8906205  1410634.54040201 1413103.5836759  1401726.7055904
 1357956.85388559 1383169.94894629 1409753.83393691 1370998.5062496
 1407166.14149452 1377230.892193   1416075.48341331 1403969.33567851
 1429646.34169779]
Noised Result
[1457439.14994409 1448867.29120665 1396984.50261971 1431703.79837563
 1400678.53494256 1316214.52409782 1344788.72682933 1461868.6857152
 1493259.47038389 1326046.96073937 1312012.55548922 1432458.63771238
 1424043.89520958 1464711.07408133 1383436.74375365 1391557.22980309
 1378241.67323624 1419929.89569105 1314248.86337245 1290595.52023396
 1333531.73982997 1383862.29882778 1393173.14028681 1478969.95446527
 1422182.79455094]

The result for the 5th execution is
Time
4645.825210809708
Query Result
[1358439.0847184  1448378.25634029 1366916.5869667  1460640.22772451
 1391769.73571319 1360592.42087958 1343881.5992106  1388212.5081979
 1387556.1243629  1385024.00452818 1380678.63543309 1407556.99567011
 1420412.8906205  1410634.54040201 1413103.5836759  1401726.7055904
 1357956.85388559 1383169.94894629 1409753.83393691 1370998.5062496
 1407166.14149452 1377230.892193   1416075.48341331 1403969.33567851
 1429646.34169779]
Noised Result
[1332848.51473336 1490201.41338158 1360372.44109151 1451613.52619616
 1378233.87710407 1366604.07964362 1414454.49518314 1416895.25062965
 1388673.86537789 1354803.12839845 1353058.56252218 1442355.18113621
 1411961.95120922 1427085.08882984 1499695.60449018 1388983.00764001
 1400016.49057984 1379174.0038948  1394221.51317493 1363732.33590814
 1415982.08518604 1348305.52467841 1336916.17194838 1437620.49195729
 1428289.63115259]

The result for the 6th execution is
Time
4964.454483032227
Query Result
[1358439.0847184  1448378.25634029 1366916.5869667  1460640.22772451
 1391769.73571319 1360592.42087958 1343881.5992106  1388212.5081979
 1387556.1243629  1385024.00452818 1380678.63543309 1407556.99567011
 1420412.8906205  1410634.54040201 1413103.5836759  1401726.7055904
 1357956.85388559 1383169.94894629 1409753.83393691 1370998.5062496
 1407166.14149452 1377230.892193   1416075.48341331 1403969.33567851
 1429646.34169779]
Noised Result
[1358915.73070711 1409206.4789975  1367758.22395297 1405484.17734109
 1418684.60996396 1426566.43148496 1235358.43720031 1302372.43283326
 1402592.66216024 1334339.09523726 1410463.26758231 1456337.41064067
 1406266.11674448 1380306.93655355 1422559.67912462 1440762.75936145
 1351736.7508322  1265261.95492496 1306405.18812288 1354974.6547319
 1363828.213341   1398311.13322591 1427616.49391101 1432776.52979197
 1332725.92625187]

The result for the 7th execution is
Time
2521.3319342136383
Query Result
[1358439.0847184  1448378.25634029 1366916.5869667  1460640.22772451
 1391769.73571319 1360592.42087958 1343881.5992106  1388212.5081979
 1387556.1243629  1385024.00452818 1380678.63543309 1407556.99567011
 1420412.8906205  1410634.54040201 1413103.5836759  1401726.7055904
 1357956.85388559 1383169.94894629 1409753.83393691 1370998.5062496
 1407166.14149452 1377230.892193   1416075.48341331 1403969.33567851
 1429646.34169779]
Noised Result
[1351281.31044551 1434397.03803752 1420317.61717045 1400236.98339289
 1519833.60861119 1427272.69446345 1322874.87858028 1544381.48651351
 1282182.89546877 1353139.00727007 1359082.42913812 1273482.35695438
 1378193.50587175 1509581.46577209 1393887.46106271 1527693.7072862
 1432422.74544479 1390632.75746866 1620690.52211645 1306961.37725365
 1364123.46591018 1402427.64771485 1289758.03254203 1294424.51024488
 1387209.66315679]

The result for the 8th execution is
Time
4942.928621768951
Query Result
[1358439.0847184  1448378.25634029 1366916.5869667  1460640.22772451
 1391769.73571319 1360592.42087958 1343881.5992106  1388212.5081979
 1387556.1243629  1385024.00452818 1380678.63543309 1407556.99567011
 1420412.8906205  1410634.54040201 1413103.5836759  1401726.7055904
 1357956.85388559 1383169.94894629 1409753.83393691 1370998.5062496
 1407166.14149452 1377230.892193   1416075.48341331 1403969.33567851
 1429646.34169779]
Noised Result
[1374076.47500817 1431316.48847273 1418687.25887637 1453561.95369839
 1341796.31450584 1311638.9173879  1462689.03700523 1344250.43091464
 1421314.48009493 1426773.13375027 1389481.49237474 1317285.16730052
 1473090.20518838 1446414.04068362 1404661.84429319 1497099.41222408
 1379925.79062046 1406226.41431776 1413845.56458733 1228599.34888892
 1435642.72487804 1406297.97169125 1509029.70102731 1373577.75790332
 1463071.52910065]

The result for the 9th execution is
Time
4996.717533111572
Query Result
[1358439.0847184  1448378.25634029 1366916.5869667  1460640.22772451
 1391769.73571319 1360592.42087958 1343881.5992106  1388212.5081979
 1387556.1243629  1385024.00452818 1380678.63543309 1407556.99567011
 1420412.8906205  1410634.54040201 1413103.5836759  1401726.7055904
 1357956.85388559 1383169.94894629 1409753.83393691 1370998.5062496
 1407166.14149452 1377230.892193   1416075.48341331 1403969.33567851
 1429646.34169779]
Noised Result
[1311440.1265225  1460557.37384438 1400507.39206995 1458609.28693457
 1421998.94353902 1334950.39715412 1301977.44318419 1377164.43499426
 1418363.45664975 1380621.39523487 1377332.71002163 1391027.38613939
 1382730.03847629 1392156.28408251 1402601.67501897 1447403.48982375
 1339387.95649231 1452285.92488979 1358811.85799632 1375071.11054302
 1395497.45857267 1381698.78556316 1470754.47247779 1367534.97587732
 1435195.36998244]

The result for the 10th execution is
Time
4729.257772922516
Query Result
[1358439.0847184  1448378.25634029 1366916.5869667  1460640.22772451
 1391769.73571319 1360592.42087958 1343881.5992106  1388212.5081979
 1387556.1243629  1385024.00452818 1380678.63543309 1407556.99567011
 1420412.8906205  1410634.54040201 1413103.5836759  1401726.7055904
 1357956.85388559 1383169.94894629 1409753.83393691 1370998.5062496
 1407166.14149452 1377230.892193   1416075.48341331 1403969.33567851
 1429646.34169779]
Noised Result
[1294463.85633852 1505482.76640157 1334833.60475448 1486338.58122158
 1441774.03786093 1350798.613136   1360144.6846837  1369348.05578584
 1428693.76558823 1411573.15066292 1408199.06156501 1435060.24792223
 1488077.60851595 1353911.49005702 1402449.5568605  1405470.57161196
 1282065.78380921 1452730.90522903 1355351.8737116  1355137.67733803
 1423277.2162338  1448236.41194903 1460533.52947073 1410036.5600308
 1320495.83698709]

The result for the 11th execution is
Time
4715.173775196075
Query Result
[1358439.0847184  1448378.25634029 1366916.5869667  1460640.22772451
 1391769.73571319 1360592.42087958 1343881.5992106  1388212.5081979
 1387556.1243629  1385024.00452818 1380678.63543309 1407556.99567011
 1420412.8906205  1410634.54040201 1413103.5836759  1401726.7055904
 1357956.85388559 1383169.94894629 1409753.83393691 1370998.5062496
 1407166.14149452 1377230.892193   1416075.48341331 1403969.33567851
 1429646.34169779]
Noised Result
[1348465.46911519 1472623.78879326 1317913.29758204 1454661.73659214
 1340712.75732625 1313016.63214349 1415425.85325038 1300578.1747981
 1347336.23019064 1398841.97916157 1351589.37950959 1371409.02687279
 1410073.7439689  1395298.86927451 1395276.32642675 1313967.67479835
 1393931.46050511 1453126.86938301 1329049.01997729 1341702.67902491
 1436339.59183723 1320975.97831245 1421430.17713533 1405612.48824059
 1454959.87173429]

The result for the 12th execution is
Time
4999.796827793121
Query Result
[1358439.0847184  1448378.25634029 1366916.5869667  1460640.22772451
 1391769.73571319 1360592.42087958 1343881.5992106  1388212.5081979
 1387556.1243629  1385024.00452818 1380678.63543309 1407556.99567011
 1420412.8906205  1410634.54040201 1413103.5836759  1401726.7055904
 1357956.85388559 1383169.94894629 1409753.83393691 1370998.5062496
 1407166.14149452 1377230.892193   1416075.48341331 1403969.33567851
 1429646.34169779]
Noised Result
[1360305.72137799 1320892.0246952  1400544.87349339 1478837.79721341
 1306371.49190198 1322534.00060881 1397452.24926708 1345044.03027772
 1374421.3589489  1380405.69193456 1388105.97511098 1420185.17123826
 1344335.29922155 1352091.59663792 1454602.99327114 1404141.00865589
 1342174.24204578 1408398.03605641 1398332.75606795 1406569.38040386
 1420209.63316622 1415304.27207834 1461530.54166665 1489649.03024448
 1441937.62642806]

The result for the 13th execution is
Time
4670.645750045776
Query Result
[1358439.0847184  1448378.25634029 1366916.5869667  1460640.22772451
 1391769.73571319 1360592.42087958 1343881.5992106  1388212.5081979
 1387556.1243629  1385024.00452818 1380678.63543309 1407556.99567011
 1420412.8906205  1410634.54040201 1413103.5836759  1401726.7055904
 1357956.85388559 1383169.94894629 1409753.83393691 1370998.5062496
 1407166.14149452 1377230.892193   1416075.48341331 1403969.33567851
 1429646.34169779]
Noised Result
[1323382.86807516 1444853.49693712 1321168.75251501 1471598.82485216
 1397927.99789499 1357853.13764136 1385814.80949334 1384933.26779321
 1393815.83174941 1353500.17864022 1371847.81438439 1484735.46051605
 1497371.5101274  1430620.73141634 1390006.06502058 1362949.89022332
 1270332.88475152 1322012.66745903 1326160.89012013 1436262.41821812
 1397638.5496063  1417554.5438316  1465404.75858445 1346210.05730704
 1416480.14740232]

The result for the 14th execution is
Time
4886.322704792023
Query Result
[1358439.0847184  1448378.25634029 1366916.5869667  1460640.22772451
 1391769.73571319 1360592.42087958 1343881.5992106  1388212.5081979
 1387556.1243629  1385024.00452818 1380678.63543309 1407556.99567011
 1420412.8906205  1410634.54040201 1413103.5836759  1401726.7055904
 1357956.85388559 1383169.94894629 1409753.83393691 1370998.5062496
 1407166.14149452 1377230.892193   1416075.48341331 1403969.33567851
 1429646.34169779]
Noised Result
[1373200.30629576 1482106.18178088 1223885.08885677 1491302.92220111
 1409121.85595865 1363574.95992339 1409612.90660966 1360556.58460175
 1327743.20532662 1426943.16072796 1364262.25124153 1406586.85348158
 1448295.08531358 1414983.74281948 1444283.55153979 1464424.14985089
 1397089.27335403 1425614.89362677 1505068.9610387  1338831.85863839
 1433290.85792688 1408523.34534468 1316062.37359757 1417727.34574646
 1452771.16048383]

The result for the 15th execution is
Time
4938.231962442398
Query Result
[1358439.0847184  1448378.25634029 1366916.5869667  1460640.22772451
 1391769.73571319 1360592.42087958 1343881.5992106  1388212.5081979
 1387556.1243629  1385024.00452818 1380678.63543309 1407556.99567011
 1420412.8906205  1410634.54040201 1413103.5836759  1401726.7055904
 1357956.85388559 1383169.94894629 1409753.83393691 1370998.5062496
 1407166.14149452 1377230.892193   1416075.48341331 1403969.33567851
 1429646.34169779]
Noised Result
[1270614.76345901 1436035.9791891  1384688.5360232  1449796.71393703
 1363809.6261111  1366724.70417688 1365329.25771914 1345079.63475545
 1334914.79638198 1451890.90555167 1367754.50752618 1318591.92463403
 1450385.05865477 1409725.93435353 1429929.69520129 1372173.97578638
 1379019.70203777 1444324.57839936 1373307.88794271 1410450.49104359
 1443175.72197304 1390212.00775859 1407692.63711171 1308244.71674865
 1406969.55206234]

The result for the 16th execution is
Time
4703.477000236511
Query Result
[1358439.0847184  1448378.25634029 1366916.5869667  1460640.22772451
 1391769.73571319 1360592.42087958 1343881.5992106  1388212.5081979
 1387556.1243629  1385024.00452818 1380678.63543309 1407556.99567011
 1420412.8906205  1410634.54040201 1413103.5836759  1401726.7055904
 1357956.85388559 1383169.94894629 1409753.83393691 1370998.5062496
 1407166.14149452 1377230.892193   1416075.48341331 1403969.33567851
 1429646.34169779]
Noised Result
[1337328.93121401 1382653.99475758 1434440.22571477 1441303.73820946
 1414831.50526721 1303648.6432761  1335874.58698778 1313740.05062115
 1349794.10513519 1430157.70232677 1324157.9700847  1400044.30091891
 1431758.78927624 1402142.48693235 1401733.71282912 1518595.65070935
 1372375.04921555 1464407.30017515 1368573.01454771 1350144.92101461
 1514588.91725964 1314057.56389596 1406200.82196112 1406985.58241932
 1497597.06225207]

The result for the 17th execution is
Time
4896.0892815589905
Query Result
[1358439.0847184  1448378.25634029 1366916.5869667  1460640.22772451
 1391769.73571319 1360592.42087958 1343881.5992106  1388212.5081979
 1387556.1243629  1385024.00452818 1380678.63543309 1407556.99567011
 1420412.8906205  1410634.54040201 1413103.5836759  1401726.7055904
 1357956.85388559 1383169.94894629 1409753.83393691 1370998.5062496
 1407166.14149452 1377230.892193   1416075.48341331 1403969.33567851
 1429646.34169779]
Noised Result
[1292408.89894173 1429074.6041892  1342591.90441279 1502731.27543383
 1279130.06787483 1419160.03422434 1358562.27954912 1354669.34350266
 1340543.79819126 1461725.95343705 1322685.69149066 1472478.53109812
 1404025.01292392 1405401.17863728 1423605.54166229 1371790.13521605
 1396607.36662395 1352963.50092639 1358871.30056297 1440945.35156265
 1461182.8230614  1415889.95942497 1443397.89187983 1470954.69949269
 1268482.9290873 ]

The result for the 18th execution is
Time
4952.372250795364
Query Result
[1358439.0847184  1448378.25634029 1366916.5869667  1460640.22772451
 1391769.73571319 1360592.42087958 1343881.5992106  1388212.5081979
 1387556.1243629  1385024.00452818 1380678.63543309 1407556.99567011
 1420412.8906205  1410634.54040201 1413103.5836759  1401726.7055904
 1357956.85388559 1383169.94894629 1409753.83393691 1370998.5062496
 1407166.14149452 1377230.892193   1416075.48341331 1403969.33567851
 1429646.34169779]
Noised Result
[1269355.07750395 1435422.19889793 1363084.04794489 1426050.24282963
 1390699.52376696 1367771.52402176 1373862.98864939 1401179.15604806
 1392125.87356965 1339571.14131494 1414282.33726612 1456507.89446876
 1456167.284758   1461520.09439874 1479263.08581342 1393209.28961795
 1412188.86744426 1437580.79467079 1392556.67409985 1363057.49155858
 1434873.62671033 1410014.19445206 1452368.81885868 1297594.56265509
 1482204.87410685]

The result for the 19th execution is
Time
4954.21950340271
Query Result
[1358439.0847184  1448378.25634029 1366916.5869667  1460640.22772451
 1391769.73571319 1360592.42087958 1343881.5992106  1388212.5081979
 1387556.1243629  1385024.00452818 1380678.63543309 1407556.99567011
 1420412.8906205  1410634.54040201 1413103.5836759  1401726.7055904
 1357956.85388559 1383169.94894629 1409753.83393691 1370998.5062496
 1407166.14149452 1377230.892193   1416075.48341331 1403969.33567851
 1429646.34169779]
Noised Result
[1314209.41185629 1453508.95531528 1342220.1616028  1455496.04004093
 1372830.43864023 1398283.29742767 1350694.67760837 1371337.19792899
 1375769.09735748 1438797.29980448 1355492.23491964 1424512.39722848
 1380455.78687606 1403501.62382948 1444756.73618544 1362602.03722885
 1431585.45689181 1374175.20329522 1337887.0219347  1332507.19404085
 1392860.38994356 1402374.45187866 1397131.3535053  1432731.78595168
 1428684.02735751]

