The result for the 0th execution is
Time
50.6116898059845
Query Result
[12126. 12188. 12507. 12546. 12147. 12183. 12190. 12235. 12357. 12444.
 12359. 12468. 12625. 12376. 12578. 12752. 12775. 12270. 12535. 12143.
 12635. 12875. 12367. 12433. 12459. 12839. 12250. 12591. 12321. 12304.
 12376. 12318. 12395. 11879. 12293. 12324. 12317. 12130. 12369. 12258.
 12518. 12762. 12048. 12156. 12427. 12368. 12553. 12010. 12333. 12225.]
Noised Result
[13068.41946456 12602.66008622 11480.44569211 11916.17652801
 12966.66047797 11151.36930006 12338.09813132 10445.30180317
 10936.17747075 12750.91369463 14221.93271306 13101.26748
 13315.00057234 11166.48885247 13436.91316352 14403.24655678
 12990.40732979 11535.98408149 12611.40032553 12950.00283256
 14965.34052747 14384.10668686 13834.48183787 12287.68644967
 12347.11902394 12384.09838024 12412.81349903  8936.35257866
  9571.4782257  11798.71172593 13906.56313241 13063.04017579
 13737.14095686 13449.22663782 14769.23267103 12180.70085968
 13057.87271879 12657.06490575 11866.3718459  12043.28197515
 12486.74039833 11524.74489331 13201.17675845 14270.35730115
 10922.93516367 12799.21583125 12520.35811774 13538.23154081
 11721.62147911 12654.87456282]

The result for the 1th execution is
Time
50.778523445129395
Query Result
[12126. 12188. 12507. 12546. 12147. 12183. 12190. 12235. 12357. 12444.
 12359. 12468. 12625. 12376. 12578. 12752. 12775. 12270. 12535. 12143.
 12635. 12875. 12367. 12433. 12459. 12839. 12250. 12591. 12321. 12304.
 12376. 12318. 12395. 11879. 12293. 12324. 12317. 12130. 12369. 12258.
 12518. 12762. 12048. 12156. 12427. 12368. 12553. 12010. 12333. 12225.]
Noised Result
[11034.01400982 11654.74988996 16539.57294445  9520.02319568
 13897.365278   14788.30250024 12203.47853474  7705.70471173
 11933.51307123 10801.45380264 10520.96930049 16024.59550853
 14559.64756388 12844.09264578  9198.45792032 11588.18845431
 14692.85749113 10041.4685809  10794.50127438 15603.49839424
 16229.49860535 15080.45913253 15386.37884121 13453.79839234
 13237.51779764 13244.74546495 18051.93150874 11898.56483329
 11710.95103691 13592.89967908 10256.3258224  10418.90002703
 11041.75697253 12263.57767141 11639.45004007 11762.84617355
 15043.35071196 10378.48275692 12136.98538154 16107.86090856
 11426.2068995  12367.1557045  14649.66203107  9662.77193494
 11098.98415179  6963.97279434 12435.65097631 12618.52622078
 12627.47831872 12071.95493994]

The result for the 2th execution is
Time
50.72275161743164
Query Result
[12126. 12188. 12507. 12546. 12147. 12183. 12190. 12235. 12357. 12444.
 12359. 12468. 12625. 12376. 12578. 12752. 12775. 12270. 12535. 12143.
 12635. 12875. 12367. 12433. 12459. 12839. 12250. 12591. 12321. 12304.
 12376. 12318. 12395. 11879. 12293. 12324. 12317. 12130. 12369. 12258.
 12518. 12762. 12048. 12156. 12427. 12368. 12553. 12010. 12333. 12225.]
Noised Result
[12117.63162025 10275.11743877 11521.74813967 12124.15414583
 11749.42093361 12879.49515685 11552.76326457 13913.63532325
 11923.74651728 10393.55238839 11031.62418753 13189.17489297
 11588.63865337 12859.9088559  13333.8608665  13225.31966297
 11227.31076282 10333.40558371 12708.595728    9756.97739439
 11626.91040511 14297.1417719  11599.74780439 11199.72417388
 12832.08157308 13112.36282597 12878.9130601  10510.17570576
 12337.42412048 12695.8540316  10598.52538791 12030.3086961
 11009.28038916 13965.08194464 10970.29326781 13623.457915
 11833.97082719 12010.88224576 11984.10711291 11410.79696831
 10831.07704113 12088.07821529 13273.70710997 11741.22004127
 15805.63068303 13132.55085528 12880.48341374 11288.36871497
 11399.71725005 10978.94823483]

The result for the 3th execution is
Time
51.75520086288452
Query Result
[12126. 12188. 12507. 12546. 12147. 12183. 12190. 12235. 12357. 12444.
 12359. 12468. 12625. 12376. 12578. 12752. 12775. 12270. 12535. 12143.
 12635. 12875. 12367. 12433. 12459. 12839. 12250. 12591. 12321. 12304.
 12376. 12318. 12395. 11879. 12293. 12324. 12317. 12130. 12369. 12258.
 12518. 12762. 12048. 12156. 12427. 12368. 12553. 12010. 12333. 12225.]
Noised Result
[13590.32294883 11502.47317148 13217.08163593 11444.47263237
 11420.50930907 11788.21638714 11545.74052518 12248.22806838
 12122.80788397 12199.61814877 12185.56829338 11658.86835995
 12375.87555685 12005.84806684 13275.29349721 14028.35450002
 14215.05841082 12306.08326924 12182.1283635  12040.33786694
 13014.620622   11856.47543458 11333.05927009 11959.05017574
 12513.68926119 13227.13281222 11566.78789809 13085.94871358
 10765.91965326 13647.96113988 12589.71004922 12745.34239495
 12608.01036662 11583.15381082 12252.86218195 10033.15370827
 13624.56327408  8834.73608511 13859.811558   12985.88498218
 11752.36208022 12399.00685076 10822.70226469 11809.13248303
 12051.08543897 10805.74777318 11459.8949661  13573.75236163
 13296.64826795 12101.81841884]

The result for the 4th execution is
Time
54.41462707519531
Query Result
[12126. 12188. 12507. 12546. 12147. 12183. 12190. 12235. 12357. 12444.
 12359. 12468. 12625. 12376. 12578. 12752. 12775. 12270. 12535. 12143.
 12635. 12875. 12367. 12433. 12459. 12839. 12250. 12591. 12321. 12304.
 12376. 12318. 12395. 11879. 12293. 12324. 12317. 12130. 12369. 12258.
 12518. 12762. 12048. 12156. 12427. 12368. 12553. 12010. 12333. 12225.]
Noised Result
[12816.74639024 11954.73717513 12137.23038105 14532.69802193
  9981.73228936 10674.31047827 11120.89498648 12423.75170928
 10863.06819082 11169.67412235 11033.58982164 14016.18687769
 15225.93460618 13415.33925739 12070.93344535 12381.36750298
 13421.78423471 11719.05283427 13656.67059441 13658.77555534
 11679.76822894 12601.58963268 12053.20766258 12708.24254383
 12628.34705656 12258.97867032 11534.9756704  10983.46644952
 13145.27711238 12074.14571132 12486.43030139 13972.86580015
 10690.3321008  12668.10303168 12843.63489175 12309.25599244
 11311.86195951 10719.86383245 11390.96285199 11041.31823693
 11934.52719232 12693.08014732 13301.87910174 11936.63608981
 12311.51379686 11546.71330751 11659.43564664 11548.84733689
 12645.40569918 13653.34340913]

The result for the 5th execution is
Time
51.78074860572815
Query Result
[12126. 12188. 12507. 12546. 12147. 12183. 12190. 12235. 12357. 12444.
 12359. 12468. 12625. 12376. 12578. 12752. 12775. 12270. 12535. 12143.
 12635. 12875. 12367. 12433. 12459. 12839. 12250. 12591. 12321. 12304.
 12376. 12318. 12395. 11879. 12293. 12324. 12317. 12130. 12369. 12258.
 12518. 12762. 12048. 12156. 12427. 12368. 12553. 12010. 12333. 12225.]
Noised Result
[11823.3407171  11562.42011828 10762.07803131 11521.84214792
 13175.94948146 14996.81942076 10920.69171429 12052.0038103
 13006.04916223 11592.66075857 13722.66197979 11184.34775896
 12474.64061022 11808.33715708 13740.80704807 13898.62891723
 14212.67113975 12642.06191311 13319.51045553 13340.36344488
 11277.7401233  12357.49171056 12280.00513437 12599.34004809
 12504.55540885 12255.89804321 10287.64513542 13310.12695525
 12960.32820484 11268.72384183 12344.80339144 11511.4091645
 11425.95603015 11024.14495484 11991.43658181 13336.44101465
 12333.17741686 11153.25027259 12496.12505488 11475.60011924
 13303.99290388 12882.15112615 11228.22190826 11692.0444238
 13674.66945224 13872.93495793 13252.79361363 10720.64076463
 15252.30073066 10632.56423049]

The result for the 6th execution is
Time
52.54647994041443
Query Result
[12126. 12188. 12507. 12546. 12147. 12183. 12190. 12235. 12357. 12444.
 12359. 12468. 12625. 12376. 12578. 12752. 12775. 12270. 12535. 12143.
 12635. 12875. 12367. 12433. 12459. 12839. 12250. 12591. 12321. 12304.
 12376. 12318. 12395. 11879. 12293. 12324. 12317. 12130. 12369. 12258.
 12518. 12762. 12048. 12156. 12427. 12368. 12553. 12010. 12333. 12225.]
Noised Result
[10937.62607311 10555.13305116 12435.6463271  12854.09647433
 13929.09400687 12513.59323034 11546.34131437 13554.80672649
 11036.82382392 14322.69061031 12386.97784773 13297.6824348
 12082.2574653  12007.57976783 11260.35428379 11722.77697026
 13484.41394969 10750.99820587 13486.27454529  9564.30399299
 13351.66186245 10824.73470681 12035.15156013 13067.06170462
 12953.71235231 10891.32765536 13223.25360073 13433.90187961
 10906.38926017 12405.52936687 14079.57934352 13689.71179904
 11515.91552479 11187.54171007 12615.6747631  10000.69690528
 11597.00038896 11761.93031308 11860.03822661 11903.20480443
 14046.64462006 11619.97435325 12613.8775844  12817.34867648
 11659.90464926 13333.01898438 14174.92395949 14009.89102732
 12477.14003905 13004.08302265]

The result for the 7th execution is
Time
51.44889235496521
Query Result
[12126. 12188. 12507. 12546. 12147. 12183. 12190. 12235. 12357. 12444.
 12359. 12468. 12625. 12376. 12578. 12752. 12775. 12270. 12535. 12143.
 12635. 12875. 12367. 12433. 12459. 12839. 12250. 12591. 12321. 12304.
 12376. 12318. 12395. 11879. 12293. 12324. 12317. 12130. 12369. 12258.
 12518. 12762. 12048. 12156. 12427. 12368. 12553. 12010. 12333. 12225.]
Noised Result
[13684.15064457 14139.24321237 12719.90132382 14073.48908208
 10820.69338876 10231.8583447  13240.64672355 13329.83881195
 11503.83150779 10616.82949491 13017.47585458 11838.39636665
 11731.22541811 11429.68336368 12939.74325355 11969.12776458
 11919.12487792 13384.80781737 12935.10560805 11993.09838979
 12770.27989319 13876.16487471 11155.91143846 11112.99507302
 10460.04785805 12123.80009535 10562.40481881 12854.73812987
 13151.20113449 11458.38061454 11932.16865307 14170.10669408
 14076.42811231 12994.77592893 11923.48141741 12682.75417008
 11949.86817627 13402.40906598 13976.25898408 12200.02438378
 10683.6253774  12462.65914401 13266.89880039 10225.69745596
  9892.31457881 12111.99938461 12804.06074824 12195.02751172
 12383.40563477 13667.66299703]

The result for the 8th execution is
Time
5.938565492630005
Query Result
[12126. 12188. 12507. 12546. 12147. 12183. 12190. 12235. 12357. 12444.
 12359. 12468. 12625. 12376. 12578. 12752. 12775. 12270. 12535. 12143.
 12635. 12875. 12367. 12433. 12459. 12839. 12250. 12591. 12321. 12304.
 12376. 12318. 12395. 11879. 12293. 12324. 12317. 12130. 12369. 12258.
 12518. 12762. 12048. 12156. 12427. 12368. 12553. 12010. 12333. 12225.]
Noised Result
[12556.04846057 12828.94659081 11376.79329959 16798.27703114
 14173.9266796   8489.9727645  10497.78721671  9357.07307654
  8045.5838652  11891.83435529 15923.56531907 11831.718897
 11404.5232675  14278.22090488 12388.29055563 10848.39405863
 13229.93636577  8452.88812674 14622.49774734 13386.80498799
 13589.22324518 11414.98999992 11064.70704178  8218.24938094
 14915.37377355 11779.64972153 15394.87049115 13315.12460302
 16428.32175352 15060.72742727  8915.40156303  9550.42236329
 12430.82498468 12983.92275371  7296.23784141 12294.12274559
 11853.61647172 11599.84939787 15791.06212647  8866.38661567
 14885.26900531 14332.37465308 13828.75645105 11427.16757025
 10285.20548024 11156.29562639 11891.99539657 11287.47829968
  9887.33269073 12015.80085605]

The result for the 9th execution is
Time
52.01045298576355
Query Result
[12126. 12188. 12507. 12546. 12147. 12183. 12190. 12235. 12357. 12444.
 12359. 12468. 12625. 12376. 12578. 12752. 12775. 12270. 12535. 12143.
 12635. 12875. 12367. 12433. 12459. 12839. 12250. 12591. 12321. 12304.
 12376. 12318. 12395. 11879. 12293. 12324. 12317. 12130. 12369. 12258.
 12518. 12762. 12048. 12156. 12427. 12368. 12553. 12010. 12333. 12225.]
Noised Result
[11980.26575899 12131.82657763 14175.72612555 13499.77788757
 11053.63529926 12112.2727229  13570.21308985 13429.45400446
 13527.79203346 10256.77589465 12116.01392671 14344.37824802
 11360.59890103 12449.05272972 12005.01234993 13191.25461163
 11656.77515401 14251.15473644 11976.45333938 12393.58906286
 11690.7416707  12627.63457079 13136.32769566 14859.2150506
 12576.77869538 10046.65590064 13264.52552389 12113.06946567
 13105.83727319 13935.269564   14276.93899229 12947.35639407
 11482.33091844 12191.50743824 11455.14524842 12459.15876549
 12554.23143048 12106.33302044 11852.57546955 12625.79280197
 13538.4775791  11130.5473324  11131.03243873 12201.59319769
 13973.6466444  11820.89602282 11758.33295175  9176.95812368
 13177.12403448 13141.27985423]

The result for the 10th execution is
Time
52.76337003707886
Query Result
[12126. 12188. 12507. 12546. 12147. 12183. 12190. 12235. 12357. 12444.
 12359. 12468. 12625. 12376. 12578. 12752. 12775. 12270. 12535. 12143.
 12635. 12875. 12367. 12433. 12459. 12839. 12250. 12591. 12321. 12304.
 12376. 12318. 12395. 11879. 12293. 12324. 12317. 12130. 12369. 12258.
 12518. 12762. 12048. 12156. 12427. 12368. 12553. 12010. 12333. 12225.]
Noised Result
[ -8238.13019967  -2353.66236473   5202.94442367 -14359.61226269
  23857.11668059   6540.27712876   7672.49897162  29323.48682569
   7114.72197398  18132.73924687  10762.40846309 -13872.49823274
  -2510.63341081  31313.19559811  43465.1497195  -30357.27066253
   7791.87402514 -23402.41273498  10793.92715287  23748.0843887
  19515.23248203   7372.30811419   5511.24388651   3485.13642487
  55021.83546343 -12261.73900435   3180.88189988  -5593.57378112
   7743.64201137  20171.67363046  -7808.35553585   1507.22316357
 -15003.52188108   1685.74352091  30890.701184    -3220.16276192
  15782.01427458  32085.39011555  -8275.90774819  -1438.55501097
 -21064.09609996  66192.63904381  46440.07073129   8589.97684501
   2091.0553752   31999.96351115  21112.06272954 -13387.13776421
  11167.70392632    929.82818033]

The result for the 11th execution is
Time
49.85450482368469
Query Result
[12126. 12188. 12507. 12546. 12147. 12183. 12190. 12235. 12357. 12444.
 12359. 12468. 12625. 12376. 12578. 12752. 12775. 12270. 12535. 12143.
 12635. 12875. 12367. 12433. 12459. 12839. 12250. 12591. 12321. 12304.
 12376. 12318. 12395. 11879. 12293. 12324. 12317. 12130. 12369. 12258.
 12518. 12762. 12048. 12156. 12427. 12368. 12553. 12010. 12333. 12225.]
Noised Result
[ 9962.84762421 13132.14722133 10766.00590941 10358.78072662
 12440.5644057  10824.67629721 13647.40359645 10163.2561972
 12497.03385027 12399.10660544 14025.80699509 12825.32934597
 11835.55655186 14331.91616833 12315.12286023  9792.22908841
 11646.99978374 16521.99479043 13553.94593782 10095.39502317
 13268.52566362 16483.57650851 12851.80143171 13800.02488393
 11316.80989157 12509.96469989  9281.99100534 11885.31426118
 11521.50695338 14356.49228507 12383.65401626 12055.11158555
 11736.85887824 12724.98098364 12947.56175345 10571.70698463
 13436.61388186 13327.69403135 11251.02264419  9246.08456177
 11511.09670804 12282.19257736 12906.341354   11525.64081283
 10305.81258661 10759.72678616 13291.82159672 13592.50012529
 10968.16497111 13602.3001884 ]

The result for the 12th execution is
Time
54.068257331848145
Query Result
[12126. 12188. 12507. 12546. 12147. 12183. 12190. 12235. 12357. 12444.
 12359. 12468. 12625. 12376. 12578. 12752. 12775. 12270. 12535. 12143.
 12635. 12875. 12367. 12433. 12459. 12839. 12250. 12591. 12321. 12304.
 12376. 12318. 12395. 11879. 12293. 12324. 12317. 12130. 12369. 12258.
 12518. 12762. 12048. 12156. 12427. 12368. 12553. 12010. 12333. 12225.]
Noised Result
[12940.75516404 14037.21883903 11473.93939623 12710.74632489
  9872.69003793 13096.5965069  11001.70207389 14407.368355
 13978.63410212 12501.27542273 13657.90989407 11407.35366867
 11449.07697488 13342.29098024 13743.39065183 11960.02057553
 13313.79886869 13370.00094139 11299.10479357 10080.13930844
 14359.33387014 11271.80746795 11260.52006791 14257.27024435
 11073.46479506 11663.08697972 12541.99821078 11686.20450967
 11671.68801993 12297.83615431 12454.84620784 11832.29064958
 10832.9268909  11884.25152506 14560.62101062 10775.14558671
 14288.31163255 13159.32115089 10649.27608515 10001.04460668
 12933.60422746 13206.71346487 13806.45977153 11459.43238574
 11533.50542831 13432.35981417 11714.62261721 13351.57413866
 12950.57620683 12660.36060392]

The result for the 13th execution is
Time
49.788880825042725
Query Result
[12126. 12188. 12507. 12546. 12147. 12183. 12190. 12235. 12357. 12444.
 12359. 12468. 12625. 12376. 12578. 12752. 12775. 12270. 12535. 12143.
 12635. 12875. 12367. 12433. 12459. 12839. 12250. 12591. 12321. 12304.
 12376. 12318. 12395. 11879. 12293. 12324. 12317. 12130. 12369. 12258.
 12518. 12762. 12048. 12156. 12427. 12368. 12553. 12010. 12333. 12225.]
Noised Result
[11683.52158164 14490.50724161 11259.71644811 11522.67065586
 11816.404688   11878.55093594 11008.10410801 13278.6808554
 12383.94587771 11857.89764817 16491.28931281 15264.03582146
  9051.72422612 16699.2590677   9848.48133229 10630.0405158
 13804.45723759  9142.93990954 12649.80597213 10355.77868944
 13994.64857657 10161.58199064 12850.92299557 13553.80725945
 11057.1156804  14087.9622807  13732.53993567 13500.40222729
  9295.98725883  8127.97796677 10407.74736527 11650.66583944
  8944.4295221  10474.99255368 12748.34214261 13369.63085759
 14134.25510828 12609.69644183  9017.08007561 10635.73945556
 12874.69919359 13391.05247501  9240.27755671 15754.50781462
 10859.75805637 14758.07099114 14583.47599042 15432.78107286
 13138.87429049 14177.29499118]

The result for the 14th execution is
Time
51.656649351119995
Query Result
[12126. 12188. 12507. 12546. 12147. 12183. 12190. 12235. 12357. 12444.
 12359. 12468. 12625. 12376. 12578. 12752. 12775. 12270. 12535. 12143.
 12635. 12875. 12367. 12433. 12459. 12839. 12250. 12591. 12321. 12304.
 12376. 12318. 12395. 11879. 12293. 12324. 12317. 12130. 12369. 12258.
 12518. 12762. 12048. 12156. 12427. 12368. 12553. 12010. 12333. 12225.]
Noised Result
[18569.51240166  9764.36305915 14806.14325105 14245.34849878
 16724.65852284  8781.20569814  7920.49483066 13697.501506
 14343.90195758 13985.82676901 11192.67324922 14055.77504332
  9590.38851901 11955.06927298 14693.30891818 11907.61777023
 12177.68039575 14360.8038334  14314.00919104 14286.56631442
 14662.17922398 11141.54626507 14953.66701157 12434.53987865
 12712.95616177 14286.19758372 18195.74960733 14047.80866648
  9437.71622817 10202.92592336 11854.0633416  11407.34229253
 10038.41756798 11775.40646141 11896.47665969 15565.81640435
 12134.44287265 12236.96319211 13940.37682434 14606.9610998
 12055.68329421 14723.20447621  9993.15959507 15812.8303585
 16158.682771   13337.70737001 10610.31378199 13379.1965713
 10041.09481523  9796.51064282]

The result for the 15th execution is
Time
53.714253664016724
Query Result
[12126. 12188. 12507. 12546. 12147. 12183. 12190. 12235. 12357. 12444.
 12359. 12468. 12625. 12376. 12578. 12752. 12775. 12270. 12535. 12143.
 12635. 12875. 12367. 12433. 12459. 12839. 12250. 12591. 12321. 12304.
 12376. 12318. 12395. 11879. 12293. 12324. 12317. 12130. 12369. 12258.
 12518. 12762. 12048. 12156. 12427. 12368. 12553. 12010. 12333. 12225.]
Noised Result
[11948.76658788 12758.30695617 13437.34088734 12305.13798602
 11286.12284933 12876.34611048 12878.51632771 11744.91693285
 13591.42862294 11338.00929584 10549.90902346 12493.23673129
 10498.25888695 11465.75546246 11008.74174745 11791.38274953
 13347.25409247 12222.87343106 12581.05970127 13016.30121889
 11274.44762785 10741.82073221 11752.11450656 13938.63633465
 10890.40030842 13532.07764774 10847.63020229 12828.77291511
 13268.07408921 12790.01073511 12199.03948187 12724.49304081
 12673.59512109 10321.82966426 10682.81143511 12433.52254807
 11727.11276438 11380.16037117 13069.26575272 11132.46265157
 10821.81687167 11707.58876148 13931.3091775  12907.27801608
 10693.40654788 12643.7166615  12697.85400476 11988.93977572
 12744.4666093  11357.10711676]

The result for the 16th execution is
Time
77.08550691604614
Query Result
[12126. 12188. 12507. 12546. 12147. 12183. 12190. 12235. 12357. 12444.
 12359. 12468. 12625. 12376. 12578. 12752. 12775. 12270. 12535. 12143.
 12635. 12875. 12367. 12433. 12459. 12839. 12250. 12591. 12321. 12304.
 12376. 12318. 12395. 11879. 12293. 12324. 12317. 12130. 12369. 12258.
 12518. 12762. 12048. 12156. 12427. 12368. 12553. 12010. 12333. 12225.]
Noised Result
[11335.1022827  12736.9642296  14388.57360157 15540.78224152
 14412.07767068 15445.18241562 12868.66306623  7864.25871096
 15205.13185612 12754.23144152 11708.69095173 11530.28905608
  6210.34775061 13884.66963769 13007.69746071 12810.71204501
 10801.07890246  8135.72834446 12880.59548546 13501.93749632
 15869.46492606 12882.65329109  9851.65932331 11538.46668056
 11858.42301546 13251.26020288 11502.06441025 12266.24393742
 12944.59410409 13431.66816238 11269.8355761  15148.31257691
 13046.94290593  9328.25907244 12531.72357058 15938.64702239
 14292.00520481 13081.56316406 12278.94438835 16544.72553579
 16424.926601   14148.11348899 11641.26116066 11095.25468298
 14321.21804846 10055.49496828 11649.65695761 14703.10934225
  7886.11845704 13036.18768285]

The result for the 17th execution is
Time
50.568230867385864
Query Result
[12126. 12188. 12507. 12546. 12147. 12183. 12190. 12235. 12357. 12444.
 12359. 12468. 12625. 12376. 12578. 12752. 12775. 12270. 12535. 12143.
 12635. 12875. 12367. 12433. 12459. 12839. 12250. 12591. 12321. 12304.
 12376. 12318. 12395. 11879. 12293. 12324. 12317. 12130. 12369. 12258.
 12518. 12762. 12048. 12156. 12427. 12368. 12553. 12010. 12333. 12225.]
Noised Result
[13163.14974413 11129.54937146 12992.60257438 12764.7044377
 12417.81314479 11869.39078861 12899.55576706 13399.60192246
 12894.54511994 13409.18424066 12225.07287737 10715.47271918
 11490.49635464 12680.97759085 11514.94631373 12324.71799945
 14050.39343392 13630.65262201 12103.30427436 11892.58526732
 13120.27477559 11176.50659386 13204.67797898 13284.65312914
 12317.1934469  14633.32845062 11566.65329114 12866.21628946
 13525.72847603 11393.94213841 13886.72359871 12587.12344784
 11420.15272295 12282.06304137 12424.97569856 13013.40703597
 13050.6742107  14635.42261381 16000.91081963 11394.70769527
 13576.9595505  11313.90577214 11473.76251381 13923.70178509
 13020.20662195 11479.55024966 14109.42946873 12095.29230533
 12695.08530079 13303.78174777]

The result for the 18th execution is
Time
74.61300158500671
Query Result
[12126. 12188. 12507. 12546. 12147. 12183. 12190. 12235. 12357. 12444.
 12359. 12468. 12625. 12376. 12578. 12752. 12775. 12270. 12535. 12143.
 12635. 12875. 12367. 12433. 12459. 12839. 12250. 12591. 12321. 12304.
 12376. 12318. 12395. 11879. 12293. 12324. 12317. 12130. 12369. 12258.
 12518. 12762. 12048. 12156. 12427. 12368. 12553. 12010. 12333. 12225.]
Noised Result
[12354.9865146  14747.93153649 13350.80436986 10506.76284911
 11586.10393317 11848.04102227 12309.02922657 10380.97610922
 10545.23986017 13759.22875687 12329.48634743 13319.53851919
 13312.08317822 11978.68151473 13794.06550441 11936.88044941
 12662.36485264 13213.48285028 12575.57454444 12119.31217901
 12056.60786561 13890.59035369 12879.44433945 11530.6565745
 12136.76883324 14428.2937603  11582.50345365 11805.74780607
 11594.19615857 11815.8913359  13153.09601866 14575.71682124
 11672.56320387 11006.71468796 12593.85839438 11004.54764767
 12475.82750828 12451.7831664  13134.34304145 10672.83960133
 11759.39029518 13498.88282597 11175.9486182  11677.18669057
 11306.52813794 10453.37583569 14055.19661998 13094.79561228
 11637.96151065 12656.81498435]

The result for the 19th execution is
Time
51.72356986999512
Query Result
[12126. 12188. 12507. 12546. 12147. 12183. 12190. 12235. 12357. 12444.
 12359. 12468. 12625. 12376. 12578. 12752. 12775. 12270. 12535. 12143.
 12635. 12875. 12367. 12433. 12459. 12839. 12250. 12591. 12321. 12304.
 12376. 12318. 12395. 11879. 12293. 12324. 12317. 12130. 12369. 12258.
 12518. 12762. 12048. 12156. 12427. 12368. 12553. 12010. 12333. 12225.]
Noised Result
[12539.16329838 12275.52070086 12412.51282925  9794.06960807
 11979.24907029 13041.93840363 10379.37636568 13629.50980026
 12213.19969831 12813.1479563  11427.70696208 11334.90620431
 11803.71112496 10245.65303682 10794.05888786 14383.6044458
 13701.41452058 10561.58336077 10766.20656779 13379.36885078
 14556.64436656 13042.70911936 14845.0749377  13664.27264168
 13321.81248321 11716.25200885 11902.67372991 13186.8651681
 11792.93827717 10744.45602258 12935.08067882 10484.88933605
 13167.10824347 12835.91317257 14789.75161419 14266.83282346
 11799.9699779  11370.17538824 12102.17042693 12170.731769
 14678.58872809 13319.12824741 11060.77282213 10810.66817881
 11692.08186782 12924.0925613  11669.60265879 12232.33898608
 12522.18722359 11079.13932299]

