The result for the 0th execution is
Time
6.051128149032593
Query Result
[1602. 1517. 1557. 1626. 1444. 1538. 1593. 1525. 1692. 1621. 1475. 1501.
 1548. 1545. 1582. 1646. 1501. 1527. 1535. 1535. 1549. 1628. 1479. 1526.
 1493. 1545. 1552. 1578. 1478. 1443. 1578. 1573. 1518. 1389. 1601. 1587.
 1582. 1498. 1605. 1616. 1599. 1468. 1578. 1455. 1541. 1557. 1623. 1626.
 1426. 1545.]
Noised Result
[2042.81381925 1693.39990001 1738.22702606 2462.66309629 1708.01065614
 1066.39746304 1556.10268395 1050.78878514 1162.18910689  745.82597557
 1402.98462146 1395.94144742 2020.1469303  1498.35123531 2301.03125487
 1150.62024619 1714.43969297 1569.7845821  1741.2955906  2290.26448827
  862.30661488 1690.92508226 2224.26896449 1416.13954419 1745.89704779
 1888.31114553 1182.00622483 1978.65688465 2047.84760532 1201.70605979
 1844.24635513 1614.57070397 1447.14459476 1097.74244026 1168.87833136
  923.16818353 1164.16549701 1700.30265455 1086.14430779 1775.81901844
 2250.15355661 1982.20721648  986.75173019 1046.45747707 1714.6871265
 1990.21384038 1720.37392579 1691.69439306 1226.10950264 2365.65137383]

The result for the 1th execution is
Time
6.025989770889282
Query Result
[1602. 1517. 1557. 1626. 1444. 1538. 1593. 1525. 1692. 1621. 1475. 1501.
 1548. 1545. 1582. 1646. 1501. 1527. 1535. 1535. 1549. 1628. 1479. 1526.
 1493. 1545. 1552. 1578. 1478. 1443. 1578. 1573. 1518. 1389. 1601. 1587.
 1582. 1498. 1605. 1616. 1599. 1468. 1578. 1455. 1541. 1557. 1623. 1626.
 1426. 1545.]
Noised Result
[-1.95637764e+03  6.18260341e+03  1.92518576e+03 -1.75783163e+03
  1.66735677e+03 -2.86187864e+03  2.67505233e+03 -1.65207827e+03
  5.13282139e+03  1.71545214e+02 -2.92610173e+02  3.45762241e+03
  3.76095794e+03  4.07334888e+03  1.14502441e+03  4.58409162e+03
  4.35534322e+03  3.51075821e+03 -7.16022196e+02 -4.41305186e+02
  1.60383235e+03  4.61663302e+03  4.51597381e+03  2.49201853e+03
 -1.87171797e+03  2.83644518e+02  1.34641908e+03  3.61364871e+03
  1.12897048e+03 -6.85850877e+02 -7.99229640e+01  2.11125204e+03
  1.71106119e+03 -3.83704801e+02  8.56393091e+02  1.95054371e+03
  2.79871600e+03  5.54959758e+02  1.99878751e+03 -7.14288658e+02
  4.90212552e+02  2.37439598e+03  9.47935740e+02 -1.49970082e+02
  4.27210642e+03 -1.84693592e+03 -3.29575434e+00 -3.03809339e+03
  1.06628881e+03  5.56271407e+01]

The result for the 2th execution is
Time
5.904538154602051
Query Result
[1602. 1517. 1557. 1626. 1444. 1538. 1593. 1525. 1692. 1621. 1475. 1501.
 1548. 1545. 1582. 1646. 1501. 1527. 1535. 1535. 1549. 1628. 1479. 1526.
 1493. 1545. 1552. 1578. 1478. 1443. 1578. 1573. 1518. 1389. 1601. 1587.
 1582. 1498. 1605. 1616. 1599. 1468. 1578. 1455. 1541. 1557. 1623. 1626.
 1426. 1545.]
Noised Result
[1197.29499159 1621.54072583 1252.04552272 1067.16955445 1093.02749756
 1933.33612127 1555.42524505 1365.56796119 1351.69797615 1748.36389429
 2635.18836156 1057.40559215 1610.9920181  2090.77764665 1451.0576713
 1581.51066848 1760.68960746 2152.27693186 1828.44953246 1746.96278346
 3054.3764483  1434.24631896  486.60023123 1887.57688245 2333.3998882
  627.80157524 1420.58907873 2487.25706309  400.76471052 2425.96535706
  422.09241082 2248.3117729  2552.78325982  971.92156642 1440.42872642
 1688.91662988 1559.13768508 2635.62605958 1482.43639161 1805.28700232
  541.86613917 1326.82105096 1482.53613098 1318.72791889 1397.16623683
 1281.12520192 2136.85733984 2407.3726162  1012.39181942 1028.45970836]

The result for the 3th execution is
Time
5.925328254699707
Query Result
[1602. 1517. 1557. 1626. 1444. 1538. 1593. 1525. 1692. 1621. 1475. 1501.
 1548. 1545. 1582. 1646. 1501. 1527. 1535. 1535. 1549. 1628. 1479. 1526.
 1493. 1545. 1552. 1578. 1478. 1443. 1578. 1573. 1518. 1389. 1601. 1587.
 1582. 1498. 1605. 1616. 1599. 1468. 1578. 1455. 1541. 1557. 1623. 1626.
 1426. 1545.]
Noised Result
[1951.97961901 1038.90523133 1316.61852404 1108.0515733  2403.87957358
 1585.51030374 1555.8291542  1666.41762824 1682.91727812 1486.16484036
 1961.2574144  1269.44699324 1326.11232415 2042.19528692 1548.39930528
 1883.00433124 1514.18281727 1630.77636792 1923.07764203  646.38540459
  898.89735325 1283.78539655 1386.31849946 1403.22408623 1531.82513571
 1551.31631795 1276.67155535 1335.55746096 1787.26849509 1399.41985643
 1716.954405   1273.29918491 1187.46740368  862.70129217 1902.72006516
 1648.05163678 1505.91179074 1819.43929528 1036.83540034 2411.54226299
 1280.55565636 1720.8462169  2360.41856848 1771.28786297  893.56755394
 1177.79138817 1347.52628938 2027.7585999   992.84988165 1423.68892089]

The result for the 4th execution is
Time
6.022862434387207
Query Result
[1602. 1517. 1557. 1626. 1444. 1538. 1593. 1525. 1692. 1621. 1475. 1501.
 1548. 1545. 1582. 1646. 1501. 1527. 1535. 1535. 1549. 1628. 1479. 1526.
 1493. 1545. 1552. 1578. 1478. 1443. 1578. 1573. 1518. 1389. 1601. 1587.
 1582. 1498. 1605. 1616. 1599. 1468. 1578. 1455. 1541. 1557. 1623. 1626.
 1426. 1545.]
Noised Result
[ 784.59613926 1612.29671814  633.76843761 1377.31927899 1641.2695059
 1332.05899677 1533.09905983 1297.21165991 1371.28290135 1541.44856914
 2134.31988549 2113.8836822  2325.63957223 1384.82889556 1269.54378934
 2133.61972849 1194.50381129 1515.41924517 1244.48718256 1311.49680776
 1639.26702852 1557.30701437 1773.72841153 1985.56737372 1350.30406661
 1869.42787443 1323.68343837 1365.86304119 1700.75263503 1636.57942421
 1841.51540273 1555.14410393 1126.62665342 1298.67970719 1738.95565405
 1717.10540541  676.63431198 2318.75463064 2194.78997603 1788.34737929
 1671.52530879 1991.84347284 1146.68870333 1301.3078643  1919.0205926
 1111.24051866 1400.94912393 2077.55741818 1920.98528509 1914.16197343]

The result for the 5th execution is
Time
6.018603801727295
Query Result
[1602. 1517. 1557. 1626. 1444. 1538. 1593. 1525. 1692. 1621. 1475. 1501.
 1548. 1545. 1582. 1646. 1501. 1527. 1535. 1535. 1549. 1628. 1479. 1526.
 1493. 1545. 1552. 1578. 1478. 1443. 1578. 1573. 1518. 1389. 1601. 1587.
 1582. 1498. 1605. 1616. 1599. 1468. 1578. 1455. 1541. 1557. 1623. 1626.
 1426. 1545.]
Noised Result
[2132.55219137 1074.98238235 1277.2916283  1551.18413757 2400.63183331
  606.19934817 1860.00446706 2125.6372738  3563.15306762 1310.72602618
 1731.39954892 2028.93730482 1142.14658517 1729.7014474  -100.67504689
 1393.8739227  1562.14168827 1139.29015879 1042.09136732 1972.96472594
 2214.03034006 1725.20095181 1244.4458118  1667.23323231 1639.58600403
 2125.73714758 1795.06659946 2130.25623533 1522.54509116  488.13107143
 1908.73007478 2098.8502261  1517.44873841 1451.30708846 1306.51863543
 1290.8973276  2412.80376125 1638.26396131  736.97033309  701.96744427
 1283.72286147 1755.46331001 1828.40522641 2058.00772028 1013.24420087
 2205.85769598 1407.3890278  1050.02323058 1145.8450854  1404.69677792]

The result for the 6th execution is
Time
11.386359453201294
Query Result
[1602. 1517. 1557. 1626. 1444. 1538. 1593. 1525. 1692. 1621. 1475. 1501.
 1548. 1545. 1582. 1646. 1501. 1527. 1535. 1535. 1549. 1628. 1479. 1526.
 1493. 1545. 1552. 1578. 1478. 1443. 1578. 1573. 1518. 1389. 1601. 1587.
 1582. 1498. 1605. 1616. 1599. 1468. 1578. 1455. 1541. 1557. 1623. 1626.
 1426. 1545.]
Noised Result
[2120.53808856  726.47955141 1815.69384561 2271.30491899 1573.39794405
 1762.47845304 1114.1905881  1793.82033865 1265.6270865  1510.0866014
 1651.64049109 1769.848841   1267.53251947 1748.14680266 1998.89937996
 2742.77415109 1210.27020572 1848.14739365 1666.14257686 1928.53843749
 1175.01626386 1814.42604869 1220.19249438 1049.24139344 2143.52548386
 1106.1550338   846.1945582   785.65852574 1913.2115947  1497.35736221
 1717.85981583 1256.38741881 1892.13422566 1713.75649179 2062.8823908
 1319.71181133 1954.99772943 1463.7092918  1810.6145591  1383.00324479
 1621.34365723 1516.90012195 1683.54723142 1199.41075233 1618.999897
 1034.6754305  1807.56719339 1988.15293991 1817.82520481 2217.19578255]

The result for the 7th execution is
Time
5.919458627700806
Query Result
[1602. 1517. 1557. 1626. 1444. 1538. 1593. 1525. 1692. 1621. 1475. 1501.
 1548. 1545. 1582. 1646. 1501. 1527. 1535. 1535. 1549. 1628. 1479. 1526.
 1493. 1545. 1552. 1578. 1478. 1443. 1578. 1573. 1518. 1389. 1601. 1587.
 1582. 1498. 1605. 1616. 1599. 1468. 1578. 1455. 1541. 1557. 1623. 1626.
 1426. 1545.]
Noised Result
[1844.73125671 2103.29613737 1636.05651356  586.91554869 1116.4073619
 1239.7646441  1324.45659307 1582.42149787 1516.09496711 1147.97837569
 2015.30649488 1162.04645699 1955.5952789   793.10914009 2183.24353839
 1522.55891837 1113.24825372 2578.88449392 2888.86027516 1498.83380393
  788.87237045  869.33721611 1849.19563101  786.86828044  963.74161365
 2169.40573798 1483.65570301  859.16673596 1551.30964498 1098.55783719
 1593.69696821 2166.66781102 2111.91164596  679.11467083 1979.65534489
 2283.39776439 1030.79372033 1888.77117632  995.46391558   21.31673893
 1309.5425225  2162.14586348 1915.42054145 2641.76331174 1084.20559515
 1926.63787961  710.99465408 1326.13020043 1051.49507646 1686.23230245]

The result for the 8th execution is
Time
10.66552996635437
Query Result
[1602. 1517. 1557. 1626. 1444. 1538. 1593. 1525. 1692. 1621. 1475. 1501.
 1548. 1545. 1582. 1646. 1501. 1527. 1535. 1535. 1549. 1628. 1479. 1526.
 1493. 1545. 1552. 1578. 1478. 1443. 1578. 1573. 1518. 1389. 1601. 1587.
 1582. 1498. 1605. 1616. 1599. 1468. 1578. 1455. 1541. 1557. 1623. 1626.
 1426. 1545.]
Noised Result
[1671.02937466 1254.15589788 1565.49877119 1672.46294392 1405.0138165
 1265.41920503 1589.90161276 1037.04624337 1390.54103644 1762.40107603
 1371.56493316 2103.11938589 1996.07283346 1608.57816144 1327.42761724
 1852.7004243  1200.17828626 1826.81023788 1439.74541742 1071.87913831
 1767.31672452 1937.74842095 1888.42624021 1715.58890711  799.93862968
 2003.73727432 1456.73855892 1671.76147149 1640.78340343 1653.12221131
 1565.93952116 1241.19495801 1880.61908906  580.58393696 1102.80022625
 1825.62758568 1897.94598137 1112.74890696 1067.32791973 1714.20657076
 2077.27630163 1170.5017901  1706.61053058 1958.75822795 1246.45766797
 1378.69388779 1613.58507778 1182.37688194 1485.46904319 1042.20377057]

The result for the 9th execution is
Time
5.6866984367370605
Query Result
[1602. 1517. 1557. 1626. 1444. 1538. 1593. 1525. 1692. 1621. 1475. 1501.
 1548. 1545. 1582. 1646. 1501. 1527. 1535. 1535. 1549. 1628. 1479. 1526.
 1493. 1545. 1552. 1578. 1478. 1443. 1578. 1573. 1518. 1389. 1601. 1587.
 1582. 1498. 1605. 1616. 1599. 1468. 1578. 1455. 1541. 1557. 1623. 1626.
 1426. 1545.]
Noised Result
[1031.79505866 1074.01009997 1015.48128171 1395.05482002 1478.99893372
 1815.34420459  892.48957342 1037.57827999 1392.2926518  1999.52970882
 1113.45542279 1955.95062945  928.5419308  1240.07530913 1558.97164196
 1745.15960024 2082.23910099  871.23553704 1418.1314221  2041.90252562
 1817.06438789 2764.0393652  1243.04764932 2379.27725731  727.89197724
 1505.27206156 1834.11146209 1974.11907703 1558.41591508 1905.45991129
 1608.50842051 1032.80163864 1229.46087022  812.71476118 1555.10029019
 2384.89890575 2008.2245354  1638.57765289 1971.38220177 1218.04396221
 1785.66790027 1117.42356892 1855.29762766 1572.20405041 1014.34457838
 1464.20413642 2300.60485545 1710.09847763 1256.9289258  1182.2998966 ]

The result for the 10th execution is
Time
6.049150705337524
Query Result
[1602. 1517. 1557. 1626. 1444. 1538. 1593. 1525. 1692. 1621. 1475. 1501.
 1548. 1545. 1582. 1646. 1501. 1527. 1535. 1535. 1549. 1628. 1479. 1526.
 1493. 1545. 1552. 1578. 1478. 1443. 1578. 1573. 1518. 1389. 1601. 1587.
 1582. 1498. 1605. 1616. 1599. 1468. 1578. 1455. 1541. 1557. 1623. 1626.
 1426. 1545.]
Noised Result
[1884.09319361 1375.67492593 1685.76754362 2083.57067016 1639.69640293
 1667.78934498 1618.87766175 1500.01880973 1681.79491511 1059.92467784
 1338.20861231 1731.34099856 1541.2753109  1348.3299318  1341.88305489
 1553.35079313 1405.59064756 1986.99718378 1296.96373743 1960.8807519
  674.40986001 1637.40154841 1415.36093635 1171.99727588 1293.56415418
 1276.6416084  1525.63982276 1513.51187465 1410.84605961 1315.77161652
 1856.36246871 1316.7067582  1981.34914062 1245.68153512 1151.71658616
 1840.3605449  1566.8345773  1256.96394892 1458.00446728 1698.91748468
 1543.13012662 1928.79536218 1566.16030547 1830.11925755 1823.44340647
 1697.5760621  1480.84808728  954.63928821 2219.27405009 1105.84759736]

The result for the 11th execution is
Time
6.393240451812744
Query Result
[1602. 1517. 1557. 1626. 1444. 1538. 1593. 1525. 1692. 1621. 1475. 1501.
 1548. 1545. 1582. 1646. 1501. 1527. 1535. 1535. 1549. 1628. 1479. 1526.
 1493. 1545. 1552. 1578. 1478. 1443. 1578. 1573. 1518. 1389. 1601. 1587.
 1582. 1498. 1605. 1616. 1599. 1468. 1578. 1455. 1541. 1557. 1623. 1626.
 1426. 1545.]
Noised Result
[3150.75105123 1216.56162172 1821.47548517 1492.41019013  985.61109847
 1226.85113396  815.44565406 1787.39730392 1818.06690358 1851.73530512
 1589.95989302 1832.44043879 2140.60692877 1823.52087238 2313.60602811
 2223.14580549 2577.19779303 1421.28017308 1188.18786616 1537.17365568
  560.18291519 2224.57883605 1017.14728889  222.45429437 1445.46541694
 1773.59798077 1916.22768471 1917.66662875 2125.49893168 2092.61607386
 1431.96728398 2909.06806993  976.80842681 1243.38255501 1822.33306474
 2432.07434242 1049.57975854 1098.46463717 2898.12308754 2010.00055443
 1995.42960079 1509.60427089 1267.56724143 1056.25123346  495.81028707
 1586.92126211  795.25237061 3108.74663526 2023.04325827 1211.28422565]

The result for the 12th execution is
Time
5.890820026397705
Query Result
[1602. 1517. 1557. 1626. 1444. 1538. 1593. 1525. 1692. 1621. 1475. 1501.
 1548. 1545. 1582. 1646. 1501. 1527. 1535. 1535. 1549. 1628. 1479. 1526.
 1493. 1545. 1552. 1578. 1478. 1443. 1578. 1573. 1518. 1389. 1601. 1587.
 1582. 1498. 1605. 1616. 1599. 1468. 1578. 1455. 1541. 1557. 1623. 1626.
 1426. 1545.]
Noised Result
[1338.79357489 1596.28208741 1582.38511591 2048.3294737  1404.99621171
 1212.49980293 1514.10014308 1025.68564878 1467.63191537 1624.64267512
 1328.8492371  2037.35343539  943.86837918 1287.26410983 1538.50681762
 1668.29041074 2019.47425316 1663.27528632 2129.59158925 1746.75352521
 1657.67741663 1570.61756973 1392.30436791 1488.1601325  1715.23285491
 1606.13749413 1877.89005627 1527.46225557 1483.36897476 1670.79514228
 1124.84834691 1651.35388616 1234.62996667 1480.67062405 1171.23038863
 1538.85056258 1867.28360568 1510.93513049 1260.85400538 1848.38281843
 1246.60636619 1793.45029383 1850.61983973 1132.35857924 1010.57287116
  963.86008208 1422.11144229 2026.96048869 1773.56285528 1393.76999643]

The result for the 13th execution is
Time
5.758001804351807
Query Result
[1602. 1517. 1557. 1626. 1444. 1538. 1593. 1525. 1692. 1621. 1475. 1501.
 1548. 1545. 1582. 1646. 1501. 1527. 1535. 1535. 1549. 1628. 1479. 1526.
 1493. 1545. 1552. 1578. 1478. 1443. 1578. 1573. 1518. 1389. 1601. 1587.
 1582. 1498. 1605. 1616. 1599. 1468. 1578. 1455. 1541. 1557. 1623. 1626.
 1426. 1545.]
Noised Result
[2412.4958677  1196.14994751 1669.44843055  947.65573204  890.21165977
 2115.01520619 2008.54674949 1546.95991044 1595.82571433 2562.17977968
  484.93541769 1566.35521217 2048.63674997 1192.19603455 1787.81614473
 1743.53168307 1076.30147038 1475.3467017  2278.87091481 2320.00370539
 1058.63885537 2577.39696637 1767.37380498 1240.79689811 -113.79515349
 1653.98834627  -25.70572674 1627.05947749 1132.88593574 1774.61404532
 1204.40623649 1886.85295344 1479.6453221   875.80282687 1265.23147118
  993.69507609 2475.58728922  707.41837075 1741.88220211 1984.90625675
 1713.98626085 2005.21945502 1036.5516724  1862.11559968  760.02486676
 2188.21948819 2519.37752505 1804.06136173 2635.66502878 1689.53044831]

The result for the 14th execution is
Time
11.168180704116821
Query Result
[1602. 1517. 1557. 1626. 1444. 1538. 1593. 1525. 1692. 1621. 1475. 1501.
 1548. 1545. 1582. 1646. 1501. 1527. 1535. 1535. 1549. 1628. 1479. 1526.
 1493. 1545. 1552. 1578. 1478. 1443. 1578. 1573. 1518. 1389. 1601. 1587.
 1582. 1498. 1605. 1616. 1599. 1468. 1578. 1455. 1541. 1557. 1623. 1626.
 1426. 1545.]
Noised Result
[1712.15296322 1310.48859247 1952.3011951  2115.45974874 1324.9191627
 1638.61907922 1549.84652058 1364.64977809 1706.4811198  1537.94614327
 1596.37556347 1777.07135436 1660.43596836 1181.88110613 1075.9997472
 1566.3325031  1125.97024496 1461.05644185 1302.2239029  1630.25835574
 1162.16027927 1690.5047429  1835.68332687 1801.15620422  879.42436276
 1981.31543492 1013.96283073 1265.0765076  1649.82943742 1457.20475589
 1605.42402957 1636.16547828 1507.08681917 1021.33305669 1437.39023966
 1475.71139178 1215.94644783 1554.89105321 1436.91036514 2046.08880191
 1370.35724981 1440.55868551 1406.65617857 1551.67563979 1175.92768006
 1460.63579639 1621.94778261 1671.27611723 1537.73762537 1849.55222592]

The result for the 15th execution is
Time
6.125669479370117
Query Result
[1602. 1517. 1557. 1626. 1444. 1538. 1593. 1525. 1692. 1621. 1475. 1501.
 1548. 1545. 1582. 1646. 1501. 1527. 1535. 1535. 1549. 1628. 1479. 1526.
 1493. 1545. 1552. 1578. 1478. 1443. 1578. 1573. 1518. 1389. 1601. 1587.
 1582. 1498. 1605. 1616. 1599. 1468. 1578. 1455. 1541. 1557. 1623. 1626.
 1426. 1545.]
Noised Result
[1480.58952939 1007.79925889 1777.24684614 1649.36322405  998.40697053
 1094.2152024  2070.26158142 1296.39163026 1043.33159932 1864.5624064
 1282.42074572 1327.10608927 1870.94083658 1462.09442144 2084.18085348
 1674.76197524 2289.67924804 1932.91369097 1321.65090782 1705.22256717
 1653.14876006 1526.80703443 1847.28618701 1217.65900178  624.24767826
 1035.87228384 1751.72755736 2016.71202198 2290.56673251 2225.64614322
 1280.63987223 1251.94026389 1386.25032745 1222.38033648  984.37790587
 1454.13119119 1379.42008893  939.2298274  1054.54047887 1341.1480192
 1588.96381168 1381.01713637 1907.47230499 1398.10243382 1471.51964807
 1668.52719965 1309.5540083  1443.83990729 2102.27546852 1369.24789325]

The result for the 16th execution is
Time
6.084993362426758
Query Result
[1602. 1517. 1557. 1626. 1444. 1538. 1593. 1525. 1692. 1621. 1475. 1501.
 1548. 1545. 1582. 1646. 1501. 1527. 1535. 1535. 1549. 1628. 1479. 1526.
 1493. 1545. 1552. 1578. 1478. 1443. 1578. 1573. 1518. 1389. 1601. 1587.
 1582. 1498. 1605. 1616. 1599. 1468. 1578. 1455. 1541. 1557. 1623. 1626.
 1426. 1545.]
Noised Result
[1775.85725104 2056.74645744 2030.35488168 1548.43271547 1085.18488637
 2726.20898742 2089.26550707 1103.25472748 1335.99408921 1719.95456475
 1168.50292137  755.88497366 1015.76896911  897.07488069 2157.75776905
 1549.11264067 1619.23734002 2260.67703158 2143.30529688 1706.33387366
  964.60064808 2393.77248085  236.59670745 1129.59052251 1567.00998824
 1421.4730257  1194.62101703 1622.67682198 1300.72329122 1801.42255108
 2135.85597196 2445.8595248   818.67372041 1839.22690813  505.30305214
  478.9047992  1784.57611974  762.8938339  1460.86286958 1677.31474527
 1124.35333982 1665.39402677  797.02867794 2148.49521695 2641.15407801
  936.64012813 1308.37375249  649.08456593  759.9632651  1153.25817434]

The result for the 17th execution is
Time
11.847967386245728
Query Result
[1602. 1517. 1557. 1626. 1444. 1538. 1593. 1525. 1692. 1621. 1475. 1501.
 1548. 1545. 1582. 1646. 1501. 1527. 1535. 1535. 1549. 1628. 1479. 1526.
 1493. 1545. 1552. 1578. 1478. 1443. 1578. 1573. 1518. 1389. 1601. 1587.
 1582. 1498. 1605. 1616. 1599. 1468. 1578. 1455. 1541. 1557. 1623. 1626.
 1426. 1545.]
Noised Result
[1699.96878554 1618.63155261 1913.22358707  849.62621416  911.18182136
 1700.15886978 1868.29908715 1381.98837031 1597.66215166 1828.69109685
 1701.42630953 1890.19244358  780.57037223 1346.91520871 1666.07060631
 1503.74508728 1544.37931765 1238.96918792 1528.83609214 1665.36161847
 1157.42553065 1633.33247394 1179.6849466  2210.46230642 1361.60144354
 2142.97973363 2080.76015564 1499.82539833 1309.34262149 1709.47451402
 1690.73646394 2051.66127702 1292.19032122 1262.73622053 1830.53995172
 1836.46935964 1832.4955657  2038.63265755 1532.37271934 1544.82075115
 1961.52571051 1778.2771602  1541.31592631 1610.46793079 1401.88220435
 1714.30678083 1777.26617868 1411.62012398 1586.29536342 1715.00520574]

The result for the 18th execution is
Time
5.758894920349121
Query Result
[1602. 1517. 1557. 1626. 1444. 1538. 1593. 1525. 1692. 1621. 1475. 1501.
 1548. 1545. 1582. 1646. 1501. 1527. 1535. 1535. 1549. 1628. 1479. 1526.
 1493. 1545. 1552. 1578. 1478. 1443. 1578. 1573. 1518. 1389. 1601. 1587.
 1582. 1498. 1605. 1616. 1599. 1468. 1578. 1455. 1541. 1557. 1623. 1626.
 1426. 1545.]
Noised Result
[1698.38301464 1313.10764925 1312.85542429 1016.44699461 1008.19275489
 1841.3767555  2039.8089891  1042.84361268 1468.67709576 2046.59544665
 2395.51271532 1502.16527253 1730.97311463 1679.43531426 1074.87258642
 1251.54738649 1253.76457613 1299.20326452 1305.56842792 1456.95788449
 1807.44395233 1607.03626047 1270.40594975 1464.00279393 1448.63604804
  958.87252115 1775.16892354 1120.78643524 1673.08376712  886.48359584
 1730.22726954 1068.50193524 1233.37431169  554.8738482  1527.02505767
 1884.49587282 1700.9052221  1841.72925229 1499.52788649 1617.30343699
 2023.20153407 1511.99887057 1151.39330565 2070.88886706 1243.42641335
 1805.05823608 2680.41397264 1203.41918939 1317.27972411 1538.41653395]

The result for the 19th execution is
Time
11.646586656570435
Query Result
[1602. 1517. 1557. 1626. 1444. 1538. 1593. 1525. 1692. 1621. 1475. 1501.
 1548. 1545. 1582. 1646. 1501. 1527. 1535. 1535. 1549. 1628. 1479. 1526.
 1493. 1545. 1552. 1578. 1478. 1443. 1578. 1573. 1518. 1389. 1601. 1587.
 1582. 1498. 1605. 1616. 1599. 1468. 1578. 1455. 1541. 1557. 1623. 1626.
 1426. 1545.]
Noised Result
[1834.53104853 1222.59536195 1584.89475103 1929.31066833 1363.67242469
 1140.34386527 2198.26741428 2081.05925489 1213.9941749  1301.21996473
 1649.87685259 1736.63397296  725.42168483 1505.00874048 1459.60233435
 1992.40640238  957.38684904 2221.30425639 1861.56920434 1793.73024243
 1773.65835571  987.88913156 2050.82803914 1537.89573406 1213.45334628
 1686.02006146 1124.15946788 1260.50504999 1437.7284494  1362.35568648
 1147.55086393 1642.61998082  971.83911806 1948.7582738   752.51887243
 1383.19818518 1167.45347912 2013.74453623  704.02757659 1074.6994857
 2006.52575964 2100.35049176  977.69108983 1175.50319072 1108.1175857
 1568.85075962 1047.87034408  748.61990592  943.46211633  798.42665934]

