The result for the 0th execution is
Time
43.9759304523468
Query Result
[178785.7374442 174557.9006419 181130.7630288 178007.1700508
 178629.3175895 183981.5265132 179508.79962   182054.2632795
 178433.1835237 180642.1173946 178696.3642979 179316.7024019
 181096.2497966 180508.6027005 182030.653957  184468.8014629
 180275.230355  179953.9629626 173598.8735155 182313.2524184
 178368.3961764 178718.5234658 180338.0075024 176499.9877865
 184757.5974145 180573.7660357 177992.5390311 179124.1205403
 180323.0249267 181473.5591624 182039.6893376 177833.9126938
 183240.4912288 180618.9906626 181229.5197118 182358.4277789
 174869.4016534 185311.4580631 184284.3233316 175125.1999545
 180636.3556173 178430.3771843 178886.7568026 183465.099696
 180332.4180482 174354.0324156 175975.1614044 179908.0860251
 182143.987523  184142.4632921]
Noised Result
[132671.56816277 101454.38069219 162328.66401979 212556.98501728
 235176.4838416  198613.25675054  79394.00691287 229379.53487236
 176544.13738597 131200.34701131 175993.50355277  80144.65543764
 260305.51103517 219171.15054976 222660.67630628 184150.15450426
 116019.47721264 221744.62481388 265436.350674   215069.39360714
 190004.64733349 162226.21836457 101192.00684661 232210.03493149
 159572.15531082 337860.11571517 243721.49373437 244941.63538625
  98451.16921997 280054.79869549 132840.57410149 227672.67624129
 102813.42718243 212027.77267144 220908.79969575 115719.40568903
  88138.48940691 141845.58225077 225839.34061666 234840.30931062
 194781.18310749  63641.82057147 149836.25036163 209838.58680165
 301002.14806094 119871.75965944 269988.99202556 158444.45506224
 242647.03089605 -47783.0585749 ]

The result for the 1th execution is
Time
43.85424995422363
Query Result
[178785.7374442 174557.9006419 181130.7630288 178007.1700508
 178629.3175895 183981.5265132 179508.79962   182054.2632795
 178433.1835237 180642.1173946 178696.3642979 179316.7024019
 181096.2497966 180508.6027005 182030.653957  184468.8014629
 180275.230355  179953.9629626 173598.8735155 182313.2524184
 178368.3961764 178718.5234658 180338.0075024 176499.9877865
 184757.5974145 180573.7660357 177992.5390311 179124.1205403
 180323.0249267 181473.5591624 182039.6893376 177833.9126938
 183240.4912288 180618.9906626 181229.5197118 182358.4277789
 174869.4016534 185311.4580631 184284.3233316 175125.1999545
 180636.3556173 178430.3771843 178886.7568026 183465.099696
 180332.4180482 174354.0324156 175975.1614044 179908.0860251
 182143.987523  184142.4632921]
Noised Result
[161951.36181331  57339.1066212  173659.55931058 150634.679429
 265309.14796113  51881.95953327 179876.63390584 127269.65341247
 302341.85564928 181667.78683458 211011.25879867 217434.69681199
 202905.07625721 344075.05313963 179384.85713466  91818.935797
  81951.23022571 332174.46082383 247477.63764655 246854.18926335
 318054.97751418 273179.22631038 212224.16635069 144244.6577005
 170073.35932763 108423.78145965 196421.76916028 281374.32025287
 233619.23334028  44450.47657043 364825.45671216 164752.39739173
 155969.0119518  122890.22372648  41428.02004214 146403.49120718
  48661.00915601 197617.95681083  34562.75393455 114328.32226528
 176633.98292293 -23326.75289523 216770.73503776  84361.39733787
 156819.39007813  46015.58440677 284953.7663036  178660.70103888
 293605.18823601 203366.29631323]

The result for the 2th execution is
Time
24.148194074630737
Query Result
[178785.7374442 174557.9006419 181130.7630288 178007.1700508
 178629.3175895 183981.5265132 179508.79962   182054.2632795
 178433.1835237 180642.1173946 178696.3642979 179316.7024019
 181096.2497966 180508.6027005 182030.653957  184468.8014629
 180275.230355  179953.9629626 173598.8735155 182313.2524184
 178368.3961764 178718.5234658 180338.0075024 176499.9877865
 184757.5974145 180573.7660357 177992.5390311 179124.1205403
 180323.0249267 181473.5591624 182039.6893376 177833.9126938
 183240.4912288 180618.9906626 181229.5197118 182358.4277789
 174869.4016534 185311.4580631 184284.3233316 175125.1999545
 180636.3556173 178430.3771843 178886.7568026 183465.099696
 180332.4180482 174354.0324156 175975.1614044 179908.0860251
 182143.987523  184142.4632921]
Noised Result
[ 75332.42464906 137554.78958949 205296.19287413 207767.59596422
 129695.8913185  208459.31826609 206620.14613351 141562.87967155
 238154.64302523 158258.60305554 277165.14118708 273073.3633073
 154391.51993031 203984.31824337 185017.57641848 223142.32660301
 176558.72499031 196800.94887425  96150.38071818 196278.58615363
 221410.95023018 148796.81030979 232453.8663397  204281.29689082
 186532.33988653 279840.07706752  83629.77002456 163778.3593101
 176354.09757214  69086.03520975  90117.40918752 223875.45650511
 142237.35270051 162497.64744209 186653.52954898 221301.25216478
 309262.63126216 165621.89923475 286933.19477642 142002.32730815
 179299.01872747 227448.31619681  60795.1299921  126396.52136666
 299371.90748395 117336.81451223  99354.5464163  193300.4115841
 212494.22370816 124482.4553104 ]

The result for the 3th execution is
Time
43.9962375164032
Query Result
[178785.7374442 174557.9006419 181130.7630288 178007.1700508
 178629.3175895 183981.5265132 179508.79962   182054.2632795
 178433.1835237 180642.1173946 178696.3642979 179316.7024019
 181096.2497966 180508.6027005 182030.653957  184468.8014629
 180275.230355  179953.9629626 173598.8735155 182313.2524184
 178368.3961764 178718.5234658 180338.0075024 176499.9877865
 184757.5974145 180573.7660357 177992.5390311 179124.1205403
 180323.0249267 181473.5591624 182039.6893376 177833.9126938
 183240.4912288 180618.9906626 181229.5197118 182358.4277789
 174869.4016534 185311.4580631 184284.3233316 175125.1999545
 180636.3556173 178430.3771843 178886.7568026 183465.099696
 180332.4180482 174354.0324156 175975.1614044 179908.0860251
 182143.987523  184142.4632921]
Noised Result
[139971.47463496 234585.94976344 169603.11354036  89138.04439022
 101387.74913763 231353.94695534 148891.58576137  31458.21926525
 126638.25970586 298078.68583286 153052.42589968 139163.00062351
 121268.38058627 307418.2007612  247271.06355099 259995.05594553
 221167.71367775 191310.67665038 199581.17263854 146335.30076825
 184962.33890752 117403.32226117 164756.64077827 288997.17402882
 145749.52501953 235605.3881359  174160.88948888  92088.01493149
 243165.5804314   67931.6260352  122324.48146232 196584.85277572
 210707.72294107 200999.84484182 174400.35985559 165200.03193229
 171072.83339785 271603.14902288 232518.36293304 314936.48396526
 250203.79613969 132187.00328649 144397.24491275 250956.24709518
 180891.52904191 277755.85181146 205475.43526551 151167.97464099
 262554.06279485 207474.37232281]

The result for the 4th execution is
Time
45.0242223739624
Query Result
[178785.7374442 174557.9006419 181130.7630288 178007.1700508
 178629.3175895 183981.5265132 179508.79962   182054.2632795
 178433.1835237 180642.1173946 178696.3642979 179316.7024019
 181096.2497966 180508.6027005 182030.653957  184468.8014629
 180275.230355  179953.9629626 173598.8735155 182313.2524184
 178368.3961764 178718.5234658 180338.0075024 176499.9877865
 184757.5974145 180573.7660357 177992.5390311 179124.1205403
 180323.0249267 181473.5591624 182039.6893376 177833.9126938
 183240.4912288 180618.9906626 181229.5197118 182358.4277789
 174869.4016534 185311.4580631 184284.3233316 175125.1999545
 180636.3556173 178430.3771843 178886.7568026 183465.099696
 180332.4180482 174354.0324156 175975.1614044 179908.0860251
 182143.987523  184142.4632921]
Noised Result
[193726.12618635 157778.96449571 162201.10750175 284381.5584492
   8261.4149561  201977.3296656  260765.79360123  90041.49544072
 165479.2646715  156938.22063306 347265.2935295  250032.18512584
 142023.64568533 178555.68002405 164496.72288938 125321.51046271
 121721.97759643 199016.69127781 133541.16957803 224299.48105516
 367890.00923483 314954.48718221 152871.04556625 280424.32916685
 146408.06920348 258567.68265248 165614.18450928 156121.65978198
 146091.30209749 184961.489357   236886.32188452  82287.22191392
 158415.25368199 206742.89593782  60898.99219283  91028.10184642
 237895.12688486 227191.06488089  76824.47184289 112028.08006693
  67174.26359573   1793.27872994 318850.70482536 115732.50670502
  87836.68618342  81463.33266767 169719.64555262 259613.44372493
  24261.87824788 200639.72720152]

The result for the 5th execution is
Time
44.634289026260376
Query Result
[178785.7374442 174557.9006419 181130.7630288 178007.1700508
 178629.3175895 183981.5265132 179508.79962   182054.2632795
 178433.1835237 180642.1173946 178696.3642979 179316.7024019
 181096.2497966 180508.6027005 182030.653957  184468.8014629
 180275.230355  179953.9629626 173598.8735155 182313.2524184
 178368.3961764 178718.5234658 180338.0075024 176499.9877865
 184757.5974145 180573.7660357 177992.5390311 179124.1205403
 180323.0249267 181473.5591624 182039.6893376 177833.9126938
 183240.4912288 180618.9906626 181229.5197118 182358.4277789
 174869.4016534 185311.4580631 184284.3233316 175125.1999545
 180636.3556173 178430.3771843 178886.7568026 183465.099696
 180332.4180482 174354.0324156 175975.1614044 179908.0860251
 182143.987523  184142.4632921]
Noised Result
[130038.87349003 166093.22706956 213849.85016034  96384.46787367
 146991.09884645 149185.9827023  245737.48294377 127203.25316382
 218611.86669953 251929.4198942  135788.99052263 134761.25353422
 235186.62870808  79118.24544847  66757.39803911  94302.34291241
 196582.73957378 228027.40743178 209179.74755001 106339.52277203
 121829.28619407 102461.35924638  62046.66297566 187733.17940386
  73756.08756835 210130.93818914 170787.28224389 182424.76931544
 162423.72359768 161483.10790983 156380.65349871 276865.35388105
 171375.59505127 253745.93427566 191146.65626589 203517.31006957
 130495.43813093 131669.15282453 179422.95363356 184633.28892999
 194715.0743983  216828.21411733 158709.02208032 243200.56356744
 261180.69351415 156782.55937916 226732.01138073 257762.5907981
 160423.12205596 173166.32253553]

The result for the 6th execution is
Time
44.86808776855469
Query Result
[178785.7374442 174557.9006419 181130.7630288 178007.1700508
 178629.3175895 183981.5265132 179508.79962   182054.2632795
 178433.1835237 180642.1173946 178696.3642979 179316.7024019
 181096.2497966 180508.6027005 182030.653957  184468.8014629
 180275.230355  179953.9629626 173598.8735155 182313.2524184
 178368.3961764 178718.5234658 180338.0075024 176499.9877865
 184757.5974145 180573.7660357 177992.5390311 179124.1205403
 180323.0249267 181473.5591624 182039.6893376 177833.9126938
 183240.4912288 180618.9906626 181229.5197118 182358.4277789
 174869.4016534 185311.4580631 184284.3233316 175125.1999545
 180636.3556173 178430.3771843 178886.7568026 183465.099696
 180332.4180482 174354.0324156 175975.1614044 179908.0860251
 182143.987523  184142.4632921]
Noised Result
[161950.47586673 287317.8244211  174708.75980875 208274.89095621
 202521.82590501 385372.94234939 194880.69283286 253480.06978274
 211987.23203049 323231.37165759 205736.55379734 178720.95569874
  80608.67690784  91321.30405433 267012.59655825 241152.05108555
  93236.53845064 150585.87503121 115184.04460989 103155.05351982
 176245.54640836  48337.03289434 313151.90193822 179684.07391458
 106986.57288112 165350.32679245 212306.44072798 159309.84196987
 188955.71245753 172187.26992423  52362.22719764 158445.70716112
 100451.53801957  50697.16130493 187426.34690836  94725.90022386
 133627.34769233  50873.23111698 227937.61307127  44692.29147737
  72277.25428934 260697.81931787 248279.41425514 245081.27153377
 129442.09093441 182138.03860995 159421.10827982  27329.12374419
 161809.86533942  78368.12203453]

The result for the 7th execution is
Time
43.243305683135986
Query Result
[178785.7374442 174557.9006419 181130.7630288 178007.1700508
 178629.3175895 183981.5265132 179508.79962   182054.2632795
 178433.1835237 180642.1173946 178696.3642979 179316.7024019
 181096.2497966 180508.6027005 182030.653957  184468.8014629
 180275.230355  179953.9629626 173598.8735155 182313.2524184
 178368.3961764 178718.5234658 180338.0075024 176499.9877865
 184757.5974145 180573.7660357 177992.5390311 179124.1205403
 180323.0249267 181473.5591624 182039.6893376 177833.9126938
 183240.4912288 180618.9906626 181229.5197118 182358.4277789
 174869.4016534 185311.4580631 184284.3233316 175125.1999545
 180636.3556173 178430.3771843 178886.7568026 183465.099696
 180332.4180482 174354.0324156 175975.1614044 179908.0860251
 182143.987523  184142.4632921]
Noised Result
[188406.16612638 194314.83596223  29369.50703508  87636.00799238
 228601.20398935  84754.03418362 -12320.71388973 100472.02605745
 200116.72892583 253363.49955094  29507.48788577 246223.00975349
  70797.05806702 269789.96274624 235420.2784091  277981.62478774
 270189.42058962 158223.9362162  171741.79742153 213191.09612733
 -18117.58584282 124618.19706109 183236.16801413 294799.94217485
 -10429.87279578 157385.78800976 147397.08739975 230923.97720982
 230942.59612484 209935.47704139 212604.39890141 301657.53851607
 135859.02564114 137721.88602905 178236.90975877  79806.19848328
 146009.25920473  57814.65051032 280862.66541511  88102.64925163
 224255.3255918  184464.39719762  99433.60713805  86472.50883894
  56092.35130467 205434.25938486 166899.43469117 130832.15165645
 217234.55778148 278858.75503519]

The result for the 8th execution is
Time
24.667197227478027
Query Result
[178785.7374442 174557.9006419 181130.7630288 178007.1700508
 178629.3175895 183981.5265132 179508.79962   182054.2632795
 178433.1835237 180642.1173946 178696.3642979 179316.7024019
 181096.2497966 180508.6027005 182030.653957  184468.8014629
 180275.230355  179953.9629626 173598.8735155 182313.2524184
 178368.3961764 178718.5234658 180338.0075024 176499.9877865
 184757.5974145 180573.7660357 177992.5390311 179124.1205403
 180323.0249267 181473.5591624 182039.6893376 177833.9126938
 183240.4912288 180618.9906626 181229.5197118 182358.4277789
 174869.4016534 185311.4580631 184284.3233316 175125.1999545
 180636.3556173 178430.3771843 178886.7568026 183465.099696
 180332.4180482 174354.0324156 175975.1614044 179908.0860251
 182143.987523  184142.4632921]
Noised Result
[ 44956.42583838 309246.07389141 216556.76153468 244113.31953442
 196969.46287156 193703.54444804 189060.68818438 100351.91196648
 119199.7297887  238346.45091601 126151.67981742 220360.00172446
 222623.75863871  96352.75602228 209329.27795614 138275.78301514
  84832.94019294 137146.79048831 229747.27750131 295640.83542259
 100518.43929772 250473.96364743 236881.70603134 221708.04450629
 239321.56963517 190136.02301022  94889.12748983 201778.09320307
 116438.63801073 210859.51206887 210395.78352538 303981.18325932
  85300.14249169 321071.713903   140363.98391538 265746.33170394
 209458.61852608  60492.45142395  35121.93283263 202690.56758641
 163506.04022499 153885.12132874 126687.59598813 194195.82102327
 156603.27959989 226207.47128113 288915.27744875 147143.89445017
 323809.09526493 218225.99852225]

The result for the 9th execution is
Time
44.255701780319214
Query Result
[178785.7374442 174557.9006419 181130.7630288 178007.1700508
 178629.3175895 183981.5265132 179508.79962   182054.2632795
 178433.1835237 180642.1173946 178696.3642979 179316.7024019
 181096.2497966 180508.6027005 182030.653957  184468.8014629
 180275.230355  179953.9629626 173598.8735155 182313.2524184
 178368.3961764 178718.5234658 180338.0075024 176499.9877865
 184757.5974145 180573.7660357 177992.5390311 179124.1205403
 180323.0249267 181473.5591624 182039.6893376 177833.9126938
 183240.4912288 180618.9906626 181229.5197118 182358.4277789
 174869.4016534 185311.4580631 184284.3233316 175125.1999545
 180636.3556173 178430.3771843 178886.7568026 183465.099696
 180332.4180482 174354.0324156 175975.1614044 179908.0860251
 182143.987523  184142.4632921]
Noised Result
[107172.49806659 222386.95651621 193211.40081023 228645.16224664
 288199.04557976 156931.34403883 189885.06079305 115857.82454379
 138932.6250635  143160.11233747 257151.84025631 122933.19272714
 286842.26872952 226707.28730212 225645.49950175  75570.69273349
 201143.10827838 294077.22795232 222174.5185868  202956.35049932
 191228.69117637 232907.02768253 285579.08489308 202135.3142554
 177336.20134718 139690.10288042 231048.19559612 171273.64187275
 154879.61000884 158008.82371799  68817.42152271 187607.66343883
 234415.65030654 210018.01346397 227281.98949514 209359.44746869
  78315.53031001 280034.31752317 328763.21624838 227733.22029753
 196417.68678329  47487.3154876  220339.20608283 158241.73992347
 153760.6435878  213595.16774753 204090.29533402  85913.7841144
 211556.49968235 167941.43902004]

The result for the 10th execution is
Time
45.65217471122742
Query Result
[178785.7374442 174557.9006419 181130.7630288 178007.1700508
 178629.3175895 183981.5265132 179508.79962   182054.2632795
 178433.1835237 180642.1173946 178696.3642979 179316.7024019
 181096.2497966 180508.6027005 182030.653957  184468.8014629
 180275.230355  179953.9629626 173598.8735155 182313.2524184
 178368.3961764 178718.5234658 180338.0075024 176499.9877865
 184757.5974145 180573.7660357 177992.5390311 179124.1205403
 180323.0249267 181473.5591624 182039.6893376 177833.9126938
 183240.4912288 180618.9906626 181229.5197118 182358.4277789
 174869.4016534 185311.4580631 184284.3233316 175125.1999545
 180636.3556173 178430.3771843 178886.7568026 183465.099696
 180332.4180482 174354.0324156 175975.1614044 179908.0860251
 182143.987523  184142.4632921]
Noised Result
[159883.84794142 263535.20997202 119232.4907138  173179.26807046
 246795.83452765 218804.26511384 237439.60110924 157303.12747656
 204524.14917695 186931.54876566 331308.68463763 252072.70039823
 256254.57599911 135874.93863279 184088.44586822 205658.98237029
 124121.01014363 151005.96929    129501.57810649 318383.72704494
  99279.09570449 146007.63332899 250604.88064476 122067.13686327
  81794.08055772 149813.50134756 229079.58707996 214679.83622746
  75530.79881011 128218.77984027 122811.90216257 193238.8352026
 165037.2632296  155286.90941418 192507.73084866 304241.29775862
 283844.20722913 211038.47853341 101526.14469114 176999.0121161
 118218.41763999 317238.41736488  28059.95509677 152196.38832488
 337887.36012     -9795.80541022 226252.20450097 123783.03533328
 147883.65212086 177860.27612763]

The result for the 11th execution is
Time
25.323341131210327
Query Result
[178785.7374442 174557.9006419 181130.7630288 178007.1700508
 178629.3175895 183981.5265132 179508.79962   182054.2632795
 178433.1835237 180642.1173946 178696.3642979 179316.7024019
 181096.2497966 180508.6027005 182030.653957  184468.8014629
 180275.230355  179953.9629626 173598.8735155 182313.2524184
 178368.3961764 178718.5234658 180338.0075024 176499.9877865
 184757.5974145 180573.7660357 177992.5390311 179124.1205403
 180323.0249267 181473.5591624 182039.6893376 177833.9126938
 183240.4912288 180618.9906626 181229.5197118 182358.4277789
 174869.4016534 185311.4580631 184284.3233316 175125.1999545
 180636.3556173 178430.3771843 178886.7568026 183465.099696
 180332.4180482 174354.0324156 175975.1614044 179908.0860251
 182143.987523  184142.4632921]
Noised Result
[185960.92274008 381102.33677751 133833.105299    71354.92576043
 120842.52778186 164979.93304234 276103.27003473 258256.72957091
 -14249.69134894 216936.16027312  33158.72486987 125772.44717424
 171837.1559722  139433.87445934  29437.53731708 293386.67933613
  17028.49915378 127728.63935235 185524.86022558 183234.98519238
 222143.623107   276634.78728819 147100.10460936 116446.14525965
 255492.66095788   7356.80773194 199713.70674795 289940.39671296
 208528.12933717 298654.60307292  58832.20644747 -33659.55900575
 215300.44471077 238067.45732322 284466.93403187 299292.17903149
 207002.07247787 120417.02054252  69053.92894498 331155.88749748
 439107.52162352 116493.29443443 115376.8508913  258086.47833043
  -5745.98338115 318363.49536615  15989.63542128 115301.27826491
 218875.44483741  23497.63057515]

The result for the 12th execution is
Time
44.33473038673401
Query Result
[178785.7374442 174557.9006419 181130.7630288 178007.1700508
 178629.3175895 183981.5265132 179508.79962   182054.2632795
 178433.1835237 180642.1173946 178696.3642979 179316.7024019
 181096.2497966 180508.6027005 182030.653957  184468.8014629
 180275.230355  179953.9629626 173598.8735155 182313.2524184
 178368.3961764 178718.5234658 180338.0075024 176499.9877865
 184757.5974145 180573.7660357 177992.5390311 179124.1205403
 180323.0249267 181473.5591624 182039.6893376 177833.9126938
 183240.4912288 180618.9906626 181229.5197118 182358.4277789
 174869.4016534 185311.4580631 184284.3233316 175125.1999545
 180636.3556173 178430.3771843 178886.7568026 183465.099696
 180332.4180482 174354.0324156 175975.1614044 179908.0860251
 182143.987523  184142.4632921]
Noised Result
[316968.78282077 185037.01441163 145152.06240365 214229.62811457
 119767.40411126 264818.50582097  79780.50095798 281401.71867011
 141919.7416254  228609.48063985 150102.71176542 148924.07018077
 235348.8104536  197444.58271499 141930.10943688 231041.07195088
 167666.33900393 169849.70174083 151851.40008948 156142.93833651
 257616.95424418 213831.13990774 250133.15697242 286481.74981573
 296364.57779497 170463.94829416 255840.04786548 263290.33547434
 163129.00454676 155802.51960993 197632.14437866 234895.72810513
 300253.20921267 261732.62333608 336397.50619109 307727.67639478
 149148.30839512 250108.51204299 141184.02215553 121747.27665627
 115812.5695096  132697.93744033 150348.56019044 216489.09116423
 173466.44729497 177278.83952427 100673.76114684  18223.89683109
 260220.35742766 227690.90261156]

The result for the 13th execution is
Time
24.114458799362183
Query Result
[178785.7374442 174557.9006419 181130.7630288 178007.1700508
 178629.3175895 183981.5265132 179508.79962   182054.2632795
 178433.1835237 180642.1173946 178696.3642979 179316.7024019
 181096.2497966 180508.6027005 182030.653957  184468.8014629
 180275.230355  179953.9629626 173598.8735155 182313.2524184
 178368.3961764 178718.5234658 180338.0075024 176499.9877865
 184757.5974145 180573.7660357 177992.5390311 179124.1205403
 180323.0249267 181473.5591624 182039.6893376 177833.9126938
 183240.4912288 180618.9906626 181229.5197118 182358.4277789
 174869.4016534 185311.4580631 184284.3233316 175125.1999545
 180636.3556173 178430.3771843 178886.7568026 183465.099696
 180332.4180482 174354.0324156 175975.1614044 179908.0860251
 182143.987523  184142.4632921]
Noised Result
[129679.91365439 134028.3538816  227878.44743357 175460.48701599
  26352.14429617 186916.67379805 168727.47336162 213230.31578648
 134103.92017721 141444.53000464 198866.73522642  94517.83961668
 274744.59957961 147125.51687595 190703.23431772 247207.15607442
 270155.361447   188446.42884765 173135.72068839 205178.06156843
 178766.234499   197631.37553875 161487.95523749 138941.22651012
 183023.14941137 200913.69305311 189044.35933217 148371.78680529
 249295.1828648  197792.65682474 138130.98445529 182160.94723268
  64875.00389416 175178.12731013 147342.01899126 161790.53394023
  36211.9126062  247125.25368893 271218.17057411 172475.70545869
 126374.39744208 213737.12596702 189368.81524642 203615.00832254
  94067.91336725 115986.67122629  42110.9218478  179523.02147025
 195462.89406693 203766.94383834]

The result for the 14th execution is
Time
24.510169744491577
Query Result
[178785.7374442 174557.9006419 181130.7630288 178007.1700508
 178629.3175895 183981.5265132 179508.79962   182054.2632795
 178433.1835237 180642.1173946 178696.3642979 179316.7024019
 181096.2497966 180508.6027005 182030.653957  184468.8014629
 180275.230355  179953.9629626 173598.8735155 182313.2524184
 178368.3961764 178718.5234658 180338.0075024 176499.9877865
 184757.5974145 180573.7660357 177992.5390311 179124.1205403
 180323.0249267 181473.5591624 182039.6893376 177833.9126938
 183240.4912288 180618.9906626 181229.5197118 182358.4277789
 174869.4016534 185311.4580631 184284.3233316 175125.1999545
 180636.3556173 178430.3771843 178886.7568026 183465.099696
 180332.4180482 174354.0324156 175975.1614044 179908.0860251
 182143.987523  184142.4632921]
Noised Result
[176437.14489761 109194.47205746 174595.31527797  82703.86036627
 101003.711494   239994.47072231 131690.96432374 198132.5064123
 194341.36137151 216993.69814398 147310.24642404 181598.23405087
 149815.25360678 125047.50103924 214258.4237997  173048.62241267
 176242.77073521 179591.75631514 175105.04097602 151157.66614257
  57654.56819928 296051.03888603 230838.47556382 124353.29702833
 180098.49697476 119662.74285858  45411.00293432 222686.21953425
 194881.43376344 172268.41981203 154970.67702948  59514.16792507
 254405.46609147 211361.55979228 187880.91184916 200072.03321203
 190281.63840603  96467.70121509 125670.15006849 136806.84678521
 204802.74864141 233656.44666439 163223.80377942 161469.65910634
 178374.71761539  57366.81264685 213969.61943999 254395.20633815
 152685.22509799 145147.098764  ]

The result for the 15th execution is
Time
25.33685278892517
Query Result
[178785.7374442 174557.9006419 181130.7630288 178007.1700508
 178629.3175895 183981.5265132 179508.79962   182054.2632795
 178433.1835237 180642.1173946 178696.3642979 179316.7024019
 181096.2497966 180508.6027005 182030.653957  184468.8014629
 180275.230355  179953.9629626 173598.8735155 182313.2524184
 178368.3961764 178718.5234658 180338.0075024 176499.9877865
 184757.5974145 180573.7660357 177992.5390311 179124.1205403
 180323.0249267 181473.5591624 182039.6893376 177833.9126938
 183240.4912288 180618.9906626 181229.5197118 182358.4277789
 174869.4016534 185311.4580631 184284.3233316 175125.1999545
 180636.3556173 178430.3771843 178886.7568026 183465.099696
 180332.4180482 174354.0324156 175975.1614044 179908.0860251
 182143.987523  184142.4632921]
Noised Result
[138559.51407613 162797.6382695  150985.56885878 146604.44437593
 263038.50654257 119955.83338051 228585.41502439 222677.02835401
 454427.66641019 295083.11573926 188795.87091271 121129.08144533
 112074.00007117 139742.19065154  99455.75020184 128925.43383834
 148799.09385235 257020.08118878 170257.88678774  33563.06817526
 145352.13307425 134159.40644079 288637.96404087 290861.92420598
 363927.90681974  43440.57321339 109689.02795559 362959.05193567
 406896.04954144  33267.0663567  274040.16304804 259516.81702708
 251828.28644285  76702.98723876 323696.47706435  -8474.6986528
 171978.85218578 -34017.2332716  125517.18837692 157008.87430114
  50362.28229555 190878.0846029  211147.69000427 231656.92926594
 143423.76125854 290084.25876085  91826.24351818 142109.76677095
 224661.51069016 -26984.80984771]

The result for the 16th execution is
Time
42.759785175323486
Query Result
[178785.7374442 174557.9006419 181130.7630288 178007.1700508
 178629.3175895 183981.5265132 179508.79962   182054.2632795
 178433.1835237 180642.1173946 178696.3642979 179316.7024019
 181096.2497966 180508.6027005 182030.653957  184468.8014629
 180275.230355  179953.9629626 173598.8735155 182313.2524184
 178368.3961764 178718.5234658 180338.0075024 176499.9877865
 184757.5974145 180573.7660357 177992.5390311 179124.1205403
 180323.0249267 181473.5591624 182039.6893376 177833.9126938
 183240.4912288 180618.9906626 181229.5197118 182358.4277789
 174869.4016534 185311.4580631 184284.3233316 175125.1999545
 180636.3556173 178430.3771843 178886.7568026 183465.099696
 180332.4180482 174354.0324156 175975.1614044 179908.0860251
 182143.987523  184142.4632921]
Noised Result
[176608.24163314 234720.43546109 206078.05553775 178553.56556878
 228355.59135252 146064.72192351 206002.26661921 318354.88621873
 278294.25847321 108973.58964746 266676.80211113  85314.33127274
  37716.67310241 221129.85369846 149593.77400642 104068.43220961
  80246.30864645 105899.72540614 384355.97085965 232172.49351023
 138667.05246095 155801.66117082 289899.27008887  28197.34499934
 314073.2748469  176370.94809062 181272.64847114  91944.51031597
 278024.21162486 148179.52787904  45526.62715053 169253.80568608
  25765.3591361  145506.4963145  298640.105566   166246.28515369
 164559.55515775 156968.60626373 223004.29597802 218616.31992279
 192600.14638968  59720.39633587 265093.53064753 200959.37574401
 179991.73864493 276369.03111571 141805.91671941 149713.01482599
 291573.2561146   84009.80129557]

The result for the 17th execution is
Time
24.797778844833374
Query Result
[178785.7374442 174557.9006419 181130.7630288 178007.1700508
 178629.3175895 183981.5265132 179508.79962   182054.2632795
 178433.1835237 180642.1173946 178696.3642979 179316.7024019
 181096.2497966 180508.6027005 182030.653957  184468.8014629
 180275.230355  179953.9629626 173598.8735155 182313.2524184
 178368.3961764 178718.5234658 180338.0075024 176499.9877865
 184757.5974145 180573.7660357 177992.5390311 179124.1205403
 180323.0249267 181473.5591624 182039.6893376 177833.9126938
 183240.4912288 180618.9906626 181229.5197118 182358.4277789
 174869.4016534 185311.4580631 184284.3233316 175125.1999545
 180636.3556173 178430.3771843 178886.7568026 183465.099696
 180332.4180482 174354.0324156 175975.1614044 179908.0860251
 182143.987523  184142.4632921]
Noised Result
[318362.08067217 257608.06694693 174375.83067732 129682.06893915
 473954.67891688 128546.63394673 151650.59408308  78584.46423669
 107802.8287293  201846.52450436 336354.94788121 111470.04105965
 174036.17470141 210885.97295433 202030.54673718  94927.41396745
 231861.5989422  463240.69403729 176030.92217958 263765.26510056
  81389.52172366  99917.90384145 216654.3680113  178565.37033684
 186721.05864691 232379.28336954  66304.01136112 269631.91679787
 172068.97868186 187292.03272068 113465.75547007 258633.47677078
  78783.23442428 -17601.13135048 395729.22511844 152097.94411725
  87156.87234309 428191.73259944 146435.60880615 118684.53052788
 266515.42549242 170456.35283496 149115.56403438 259165.70889454
 165019.9868123  220465.84652842 205378.52297972 232715.57477592
 148600.67581612 202256.17230221]

The result for the 18th execution is
Time
43.537667751312256
Query Result
[178785.7374442 174557.9006419 181130.7630288 178007.1700508
 178629.3175895 183981.5265132 179508.79962   182054.2632795
 178433.1835237 180642.1173946 178696.3642979 179316.7024019
 181096.2497966 180508.6027005 182030.653957  184468.8014629
 180275.230355  179953.9629626 173598.8735155 182313.2524184
 178368.3961764 178718.5234658 180338.0075024 176499.9877865
 184757.5974145 180573.7660357 177992.5390311 179124.1205403
 180323.0249267 181473.5591624 182039.6893376 177833.9126938
 183240.4912288 180618.9906626 181229.5197118 182358.4277789
 174869.4016534 185311.4580631 184284.3233316 175125.1999545
 180636.3556173 178430.3771843 178886.7568026 183465.099696
 180332.4180482 174354.0324156 175975.1614044 179908.0860251
 182143.987523  184142.4632921]
Noised Result
[199844.92228153 217165.7173654  199537.93682104  27007.00373462
 134848.35458535  85028.42195275 246068.51656957 192400.22666225
 128088.86422224 157383.59608141 110046.97622704  54475.77358312
 230019.75330237 160868.56881408 190014.25769588 233628.15375307
 138225.60777673 312278.15461735 125276.85890057 141297.22289503
 189423.0177239  162937.1070017  208232.60100283 139168.0436435
 113386.73429548 244832.58681051 381164.12818929 283554.41933782
  87556.75619009 136242.51527017 263730.3717837   55257.52343212
  25589.12791102 267969.27172064 194664.80668812 232426.06772511
 289834.23705434 260346.17729146 174858.38423194 227586.0434975
 174516.63974965 157459.39959878 163049.05515642 164502.50818609
 101050.18270185 116799.86004695 116481.70477197 107685.93166569
 217845.5583374  246647.27913705]

The result for the 19th execution is
Time
43.87587237358093
Query Result
[178785.7374442 174557.9006419 181130.7630288 178007.1700508
 178629.3175895 183981.5265132 179508.79962   182054.2632795
 178433.1835237 180642.1173946 178696.3642979 179316.7024019
 181096.2497966 180508.6027005 182030.653957  184468.8014629
 180275.230355  179953.9629626 173598.8735155 182313.2524184
 178368.3961764 178718.5234658 180338.0075024 176499.9877865
 184757.5974145 180573.7660357 177992.5390311 179124.1205403
 180323.0249267 181473.5591624 182039.6893376 177833.9126938
 183240.4912288 180618.9906626 181229.5197118 182358.4277789
 174869.4016534 185311.4580631 184284.3233316 175125.1999545
 180636.3556173 178430.3771843 178886.7568026 183465.099696
 180332.4180482 174354.0324156 175975.1614044 179908.0860251
 182143.987523  184142.4632921]
Noised Result
[365771.52911116 291827.77255381 248847.11382278 182277.77845792
 320994.57211052 170767.51282302 145860.24538527 130621.48335005
 143612.3870194   64276.04862753 193345.64212221 116511.50070152
 206900.5548353  212520.74641904 214161.85890717 263195.38320567
 169095.03710426 149373.26923766 172885.13395172 304615.34932275
 118324.61454875 247881.67978418 138201.56197363 206193.09632767
 254978.69229594 236207.60463816 316977.40112351 201656.80221967
 169085.16896936 260874.48097662 187604.28447501  87820.3588862
 193329.99653193  95487.30559284 170803.30550822  97154.98609717
 176259.53828137  70715.87225628 255624.75645947 186347.30834623
 180942.78002149 297772.24113591 154690.54999185 186664.00093113
 184372.13393538 277798.04387724 172519.91477957  82031.43632243
 311301.32752879 194244.04612569]

