The result for the 0th execution is
Time
877.8171770572662
Query Result
[673644.8548082  755865.8179196  710571.1556705  732951.3047048
 675363.7989975  715596.0604893  636246.9610214  652590.4343335
 718304.1935096  713230.7742954  677607.000841   730962.5451465
 721601.1065042  695965.2016275  679608.9604112  704012.4295866
 655524.5838108  716860.3798908  722315.70257411 699872.1858327
 679611.9454342  654788.2244401  690613.8706187  695402.80405
 689973.9018399 ]
Noised Result
[798753.07825946 824843.77127011 513574.25706042 691416.17766912
 654553.81203344 509748.94701884 660271.77488547 604820.80188749
 665920.07582945 612924.96378714 865622.82691049 808488.95655181
 814782.19480321 618730.46856255 688712.50814885 682315.57217052
 348701.3516077  407465.43589484 640325.05738499 606635.59993931
 701697.17903714 474155.72957539 743808.54072857 812208.49525528
 714466.72998133]

The result for the 1th execution is
Time
882.6085395812988
Query Result
[673644.8548082  755865.8179196  710571.1556705  732951.3047048
 675363.7989975  715596.0604893  636246.9610214  652590.4343335
 718304.1935096  713230.7742954  677607.000841   730962.5451465
 721601.1065042  695965.2016275  679608.9604112  704012.4295866
 655524.5838108  716860.3798908  722315.70257411 699872.1858327
 679611.9454342  654788.2244401  690613.8706187  695402.80405
 689973.9018399 ]
Noised Result
[829116.74917184 648379.47278036 771623.10401201 746046.36220416
 816317.25998811 821225.30695059 631313.96526683 504239.36304342
 876363.83372621 494548.54782445 759869.66792783 734200.92974044
 880172.9590887  614302.1360687  637369.48076858 723441.49086705
 576917.11389535 605699.7671365  694226.58729655 818154.29310025
 498464.85692011 702133.82754182 721838.66758794 805687.87891232
 900761.42973239]

The result for the 2th execution is
Time
875.1545555591583
Query Result
[673644.8548082  755865.8179196  710571.1556705  732951.3047048
 675363.7989975  715596.0604893  636246.9610214  652590.4343335
 718304.1935096  713230.7742954  677607.000841   730962.5451465
 721601.1065042  695965.2016275  679608.9604112  704012.4295866
 655524.5838108  716860.3798908  722315.70257411 699872.1858327
 679611.9454342  654788.2244401  690613.8706187  695402.80405
 689973.9018399 ]
Noised Result
[460241.58842542 441729.79596531 627178.94504657 936039.33174812
 315747.81837463 713572.7316398  828516.19871753 606096.84481934
 794779.81690319 702350.3811569  537078.74925854 526192.61148568
 655947.3919904  988986.24513749 489428.27029477 631320.04260872
 554238.29180714 479936.0071384  625751.38627292 662885.21675606
 749993.72158575 557305.20459377 699013.59820938 713390.06694719
 635214.21321072]

The result for the 3th execution is
Time
874.3834221363068
Query Result
[673644.8548082  755865.8179196  710571.1556705  732951.3047048
 675363.7989975  715596.0604893  636246.9610214  652590.4343335
 718304.1935096  713230.7742954  677607.000841   730962.5451465
 721601.1065042  695965.2016275  679608.9604112  704012.4295866
 655524.5838108  716860.3798908  722315.70257411 699872.1858327
 679611.9454342  654788.2244401  690613.8706187  695402.80405
 689973.9018399 ]
Noised Result
[746081.24943022 637646.89225097 606988.93373353 657016.27759859
 813711.43652635 707184.52846266 529056.33904659 755027.09040451
 727841.55221617 740260.6594801  633698.57785738 953859.53740622
 659944.17480203 687658.73051885 882153.64533189 871451.18458703
 645927.17432513 653461.64479179 712369.65687663 661487.32949371
 649327.20703814 694255.57327609 783093.16893651 634975.38870043
 400315.59691585]

The result for the 4th execution is
Time
875.9915478229523
Query Result
[673644.8548082  755865.8179196  710571.1556705  732951.3047048
 675363.7989975  715596.0604893  636246.9610214  652590.4343335
 718304.1935096  713230.7742954  677607.000841   730962.5451465
 721601.1065042  695965.2016275  679608.9604112  704012.4295866
 655524.5838108  716860.3798908  722315.70257411 699872.1858327
 679611.9454342  654788.2244401  690613.8706187  695402.80405
 689973.9018399 ]
Noised Result
[ 719469.83882509  481338.41165306  537129.65045272  629732.17851991
  255104.73546343  714574.86720322  655734.63003397  521663.93217863
  727657.51024042  596687.80595771  593423.37532211  578391.58940113
  717283.88874485  619827.75768742  855654.34632541  806837.28170896
 1023888.23696469  790067.86743753  794720.07364093  844317.57167662
  640856.19175876  696801.33488518  930503.06516556  601825.65775623
  638104.91222426]

The result for the 5th execution is
Time
869.7908225059509
Query Result
[673644.8548082  755865.8179196  710571.1556705  732951.3047048
 675363.7989975  715596.0604893  636246.9610214  652590.4343335
 718304.1935096  713230.7742954  677607.000841   730962.5451465
 721601.1065042  695965.2016275  679608.9604112  704012.4295866
 655524.5838108  716860.3798908  722315.70257411 699872.1858327
 679611.9454342  654788.2244401  690613.8706187  695402.80405
 689973.9018399 ]
Noised Result
[666020.78980356 898131.24556487 783618.12964551 860074.01783408
 727181.68588713 798697.25382315 195962.39288454 904271.35129559
 809785.35444131 649240.99571305 706832.55197937 395730.30652645
 599434.50923062 547909.98064411 801183.96318219 797736.19108483
 745068.48365652 897782.85045533 860415.08103403 776661.98197589
 756225.33324065 425690.3134671  708575.83376574 650554.05811701
 777386.47277562]

The result for the 6th execution is
Time
877.1062698364258
Query Result
[673644.8548082  755865.8179196  710571.1556705  732951.3047048
 675363.7989975  715596.0604893  636246.9610214  652590.4343335
 718304.1935096  713230.7742954  677607.000841   730962.5451465
 721601.1065042  695965.2016275  679608.9604112  704012.4295866
 655524.5838108  716860.3798908  722315.70257411 699872.1858327
 679611.9454342  654788.2244401  690613.8706187  695402.80405
 689973.9018399 ]
Noised Result
[ 608596.25076389  760758.92474936  489451.87743329  709118.17482068
  710187.53601015  646027.4033115   661880.27758411  583514.56763395
  928338.63050129  525919.80210303 1020283.3824118   733915.31477442
  809930.04037757  516397.04744771  545805.53990929  681978.33465197
  646600.42967188  810392.64904163  606416.62289214  619015.34844373
  653633.14999336  410936.13065829 1067099.66883652  712517.71683902
  569341.70832301]

The result for the 7th execution is
Time
287.8820004463196
Query Result
[673644.8548082  755865.8179196  710571.1556705  732951.3047048
 675363.7989975  715596.0604893  636246.9610214  652590.4343335
 718304.1935096  713230.7742954  677607.000841   730962.5451465
 721601.1065042  695965.2016275  679608.9604112  704012.4295866
 655524.5838108  716860.3798908  722315.70257411 699872.1858327
 679611.9454342  654788.2244401  690613.8706187  695402.80405
 689973.9018399 ]
Noised Result
[ 482547.12371644  867631.3861003  1036161.34788606  108653.95145504
  442925.4963705   465358.47285379 1012905.34093447 -130585.49976683
 1062860.58319373  843589.68904727  945027.88560529  737878.99760955
  942002.82058547  699368.75522298  589800.93554995  394977.49260703
  369612.8767997   470799.8967132   455622.5574428   820111.65099451
  593962.39111502  899586.04592546  562756.99570461  868263.72421194
 1162242.17219693]

The result for the 8th execution is
Time
786.5689830780029
Query Result
[673644.8548082  755865.8179196  710571.1556705  732951.3047048
 675363.7989975  715596.0604893  636246.9610214  652590.4343335
 718304.1935096  713230.7742954  677607.000841   730962.5451465
 721601.1065042  695965.2016275  679608.9604112  704012.4295866
 655524.5838108  716860.3798908  722315.70257411 699872.1858327
 679611.9454342  654788.2244401  690613.8706187  695402.80405
 689973.9018399 ]
Noised Result
[ 711113.68646607 1090420.04516458  739272.41346361  924098.07162593
  746287.35229327  724963.88343467  697050.07629363  705415.02505122
  578556.72823591  736186.18119861  527827.31996522  935900.38350043
  542159.774913    690089.14075544  802203.77227559  588507.78681172
  771077.40396186  659738.97859806  598838.96066413  691462.95344671
  617576.33937606  748688.16838239  806418.78630215  709140.32796994
  795889.44501742]

The result for the 9th execution is
Time
886.5830829143524
Query Result
[673644.8548082  755865.8179196  710571.1556705  732951.3047048
 675363.7989975  715596.0604893  636246.9610214  652590.4343335
 718304.1935096  713230.7742954  677607.000841   730962.5451465
 721601.1065042  695965.2016275  679608.9604112  704012.4295866
 655524.5838108  716860.3798908  722315.70257411 699872.1858327
 679611.9454342  654788.2244401  690613.8706187  695402.80405
 689973.9018399 ]
Noised Result
[993022.76666036 745483.61113128 793308.59248487 745515.43142422
 667177.67255181 861610.7815225  505109.36390357 900680.42268954
 770691.8125409  904742.77273023 678745.40054482 886543.3349737
 809654.3890176  569448.09351898 543567.57250962 674091.97353837
 700508.54605202 537416.42721845 583294.41430918 965161.95238443
 947144.73672151 824584.71576459 870285.30988929 979018.82175343
 480865.74296979]

The result for the 10th execution is
Time
780.7610340118408
Query Result
[673644.8548082  755865.8179196  710571.1556705  732951.3047048
 675363.7989975  715596.0604893  636246.9610214  652590.4343335
 718304.1935096  713230.7742954  677607.000841   730962.5451465
 721601.1065042  695965.2016275  679608.9604112  704012.4295866
 655524.5838108  716860.3798908  722315.70257411 699872.1858327
 679611.9454342  654788.2244401  690613.8706187  695402.80405
 689973.9018399 ]
Noised Result
[710648.99290526 958058.73023645 797100.87159427 688200.15994737
 584867.92196711 886313.5135518  828012.33874673 502066.72527943
 724462.92271636 666260.70349841 485484.25885444 682045.37568814
 758261.66625411 810427.96634484 769652.42283901 562334.72976119
 364411.07333129 806930.19017744 406470.01011407 739240.07415679
 513230.43028951 702947.84081701 681014.50230535 970527.83895468
 699596.20637332]

The result for the 11th execution is
Time
780.0109949111938
Query Result
[673644.8548082  755865.8179196  710571.1556705  732951.3047048
 675363.7989975  715596.0604893  636246.9610214  652590.4343335
 718304.1935096  713230.7742954  677607.000841   730962.5451465
 721601.1065042  695965.2016275  679608.9604112  704012.4295866
 655524.5838108  716860.3798908  722315.70257411 699872.1858327
 679611.9454342  654788.2244401  690613.8706187  695402.80405
 689973.9018399 ]
Noised Result
[ 459284.60692939  592126.73622331  702900.23259169  694918.67222353
  631409.90033789 1013826.73185506  649689.9902167  1045961.79130392
  702139.78367348  829622.49773412  592683.26619831  682882.6859438
  734518.88462578  700025.74611306  633507.34705841  639621.75117506
  569420.3834958   762812.63545067  740253.17460171  634372.52829485
  715894.02180832  743446.76527236  632801.81075749  790936.63425066
  467388.12960547]

The result for the 12th execution is
Time
782.024570941925
Query Result
[673644.8548082  755865.8179196  710571.1556705  732951.3047048
 675363.7989975  715596.0604893  636246.9610214  652590.4343335
 718304.1935096  713230.7742954  677607.000841   730962.5451465
 721601.1065042  695965.2016275  679608.9604112  704012.4295866
 655524.5838108  716860.3798908  722315.70257411 699872.1858327
 679611.9454342  654788.2244401  690613.8706187  695402.80405
 689973.9018399 ]
Noised Result
[ 597009.15245711 1060819.58074153  671105.6047785   514697.59896326
  960966.98634353  875125.33209565  665851.86260258  582767.3930007
  733232.39310177  881566.73426485  663839.83963843  537898.62040271
  593882.69307076  541727.03614995  463011.43795365  559099.41005469
  697390.93798634  730772.95382781  834366.83786802  993966.09531757
  551212.86334216  655377.36342656  787495.52862968  687520.42470877
  813725.59630536]

The result for the 13th execution is
Time
869.5987899303436
Query Result
[673644.8548082  755865.8179196  710571.1556705  732951.3047048
 675363.7989975  715596.0604893  636246.9610214  652590.4343335
 718304.1935096  713230.7742954  677607.000841   730962.5451465
 721601.1065042  695965.2016275  679608.9604112  704012.4295866
 655524.5838108  716860.3798908  722315.70257411 699872.1858327
 679611.9454342  654788.2244401  690613.8706187  695402.80405
 689973.9018399 ]
Noised Result
[ 340801.14214132  771393.3724223   416701.96257069 1073061.19791048
  699137.80260071  842262.81221802  513381.89715796  507258.65926778
  804158.45031756  594793.16993269  760816.07220019  893200.47540979
  761380.48637408  529640.93351401  898024.8194361   416488.28662938
  609620.36405675  785304.09090609  838028.04420175  686345.54588231
  354920.28071562  884341.97686205  772841.80419944  799219.89388848
  441699.97533234]

The result for the 14th execution is
Time
783.5176601409912
Query Result
[673644.8548082  755865.8179196  710571.1556705  732951.3047048
 675363.7989975  715596.0604893  636246.9610214  652590.4343335
 718304.1935096  713230.7742954  677607.000841   730962.5451465
 721601.1065042  695965.2016275  679608.9604112  704012.4295866
 655524.5838108  716860.3798908  722315.70257411 699872.1858327
 679611.9454342  654788.2244401  690613.8706187  695402.80405
 689973.9018399 ]
Noised Result
[ 743800.53662487  875708.64122994  568722.91765809  774499.82378627
  427405.58568468  806566.9917139   586071.36347287  518628.58053037
  646014.67106171  624769.65558837  848561.27538013  727902.44033555
  889649.59575253  782070.87601371  497439.76422308  671734.45444431
  680216.63582276 1081365.80282879  730889.23699797  595914.11689061
  837985.75230914  754145.98255179  898566.94803327  703067.49939995
  714259.83845041]

The result for the 15th execution is
Time
743.032134771347
Query Result
[673644.8548082  755865.8179196  710571.1556705  732951.3047048
 675363.7989975  715596.0604893  636246.9610214  652590.4343335
 718304.1935096  713230.7742954  677607.000841   730962.5451465
 721601.1065042  695965.2016275  679608.9604112  704012.4295866
 655524.5838108  716860.3798908  722315.70257411 699872.1858327
 679611.9454342  654788.2244401  690613.8706187  695402.80405
 689973.9018399 ]
Noised Result
[ 726156.56479782  842300.59927151  848284.24736508  908675.91999987
  413070.88118843 1009627.61853233  755000.60378331  623821.63946824
  796889.75350708 1018767.35231053  637031.93542683  696181.6471753
  734817.83295038  946489.80156551  962052.91203149  578642.62442512
  690591.71381284  822030.16184035  564745.971719    794434.4589943
  519990.2288109   447152.6271918   756899.31815486  587552.56445658
  699862.8437227 ]

The result for the 16th execution is
Time
900.1725709438324
Query Result
[673644.8548082  755865.8179196  710571.1556705  732951.3047048
 675363.7989975  715596.0604893  636246.9610214  652590.4343335
 718304.1935096  713230.7742954  677607.000841   730962.5451465
 721601.1065042  695965.2016275  679608.9604112  704012.4295866
 655524.5838108  716860.3798908  722315.70257411 699872.1858327
 679611.9454342  654788.2244401  690613.8706187  695402.80405
 689973.9018399 ]
Noised Result
[769627.79085502 907430.67619258 658976.66757956 587835.39900447
 763955.17336321 507841.75558707 715974.60583751 554273.52441607
 535718.3831294  795421.87891748 666099.48826461 567263.85669203
 736469.6776465  547059.59845411 426247.59909163 887941.75344665
 395933.44694885 529205.01812345 801512.81613303 925559.5771862
 569868.12251399 801162.96102526 726240.93058787 609340.51566519
 814447.85869981]

The result for the 17th execution is
Time
533.0176012516022
Query Result
[673644.8548082  755865.8179196  710571.1556705  732951.3047048
 675363.7989975  715596.0604893  636246.9610214  652590.4343335
 718304.1935096  713230.7742954  677607.000841   730962.5451465
 721601.1065042  695965.2016275  679608.9604112  704012.4295866
 655524.5838108  716860.3798908  722315.70257411 699872.1858327
 679611.9454342  654788.2244401  690613.8706187  695402.80405
 689973.9018399 ]
Noised Result
[ 423082.60578252  724724.75881408 -200016.15167041  719490.58289327
  726331.18205577  908320.98881059  590872.32029903  746157.97141563
 1331883.15303795  965664.95358906  442772.0938124   668431.35682944
  697724.02910475  716341.16101083  456189.61827796  688765.5250443
 1076437.29956732  937110.54154575 1169789.83508595  961605.30911816
 1182597.08586748  361990.49893247  782308.2358989   414042.84959736
  499016.91015945]

The result for the 18th execution is
Time
664.5983006954193
Query Result
[673644.8548082  755865.8179196  710571.1556705  732951.3047048
 675363.7989975  715596.0604893  636246.9610214  652590.4343335
 718304.1935096  713230.7742954  677607.000841   730962.5451465
 721601.1065042  695965.2016275  679608.9604112  704012.4295866
 655524.5838108  716860.3798908  722315.70257411 699872.1858327
 679611.9454342  654788.2244401  690613.8706187  695402.80405
 689973.9018399 ]
Noised Result
[ 755676.73967908  707083.68563315  580781.32500815  770087.38119898
  801715.65889907  738059.08824133  652639.89078198  718048.10769237
  754477.7980862   844819.300053    557242.47866666  676093.20895204
 1025113.27055806  531523.21183496  887267.64367737  808463.88492117
  482577.99321951  731966.69577263  774233.01044241  800437.93235578
  917990.17514818  766527.72154703  647901.83984485  607942.36075749
  802048.59296193]

The result for the 19th execution is
Time
869.6531274318695
Query Result
[673644.8548082  755865.8179196  710571.1556705  732951.3047048
 675363.7989975  715596.0604893  636246.9610214  652590.4343335
 718304.1935096  713230.7742954  677607.000841   730962.5451465
 721601.1065042  695965.2016275  679608.9604112  704012.4295866
 655524.5838108  716860.3798908  722315.70257411 699872.1858327
 679611.9454342  654788.2244401  690613.8706187  695402.80405
 689973.9018399 ]
Noised Result
[ 824487.35279244  576251.29027891  785244.82727415 1122382.93275016
  615608.3260337   539244.76558462  535363.75884869  682553.88894514
  732247.51351759  745982.6903539   687930.40889484  784707.48521228
  371080.99456757  857600.72940276  506940.63518042  912278.60072973
  807329.98024287  785411.91823805  784935.23936186  732985.78533964
  548757.30723157  479804.71168897  584408.51943696  696693.62855087
  609357.99803394]

