The result for the 0th execution is
Time
0.1711559295654297
Query Result
[331. 355. 407. 396. 395. 393. 369. 382. 393. 424. 370. 391. 443. 377.
 412. 361. 351. 375. 378. 362. 373. 357. 428. 426. 370. 431. 401. 376.
 407. 388. 406. 390. 432. 439. 356. 396. 340. 368. 379. 418. 390. 360.
 345. 404. 371. 392. 378. 337. 430. 382.]
Noised Result
[ 62257.62350354   8631.96861321 -84747.85761125 -54103.59409045
  11238.78743064 -14208.73581334 -45080.04082147 117597.04270859
 114660.4305517  -16171.12265269 -39695.08395947 -45670.46076914
 -59575.29073522 -87465.0441753   -7452.37063882 -56718.97208371
  -2168.18176726 -47046.91166755 -50182.7236992    4543.38311137
    391.57280927  89761.02389425 -67178.68607073   9587.35326161
  43493.61171254  45544.32563834 -14846.96060889 -12229.4397467
 130076.49723705  12472.20108155   7807.49579513  56033.32018305
  -1208.31652917 -35993.68994187  60679.34983526  27512.22033648
 -78364.07513315 -21677.23833211  67059.26967704  14117.56728151
  17319.66676072  18762.54768207 -12102.64645003 -10316.66761704
 -48613.82331132  13865.08634177  -2017.25443377  28953.51096353
 -25114.73525933 -13603.5830025 ]

The result for the 1th execution is
Time
2.715792417526245
Query Result
[331. 355. 407. 396. 395. 393. 369. 382. 393. 424. 370. 391. 443. 377.
 412. 361. 351. 375. 378. 362. 373. 357. 428. 426. 370. 431. 401. 376.
 407. 388. 406. 390. 432. 439. 356. 396. 340. 368. 379. 418. 390. 360.
 345. 404. 371. 392. 378. 337. 430. 382.]
Noised Result
[ 329.32834657  219.34549032  551.23574817  659.59704901  553.17765033
  400.13357486  717.61303789  143.05744896  117.44680346  402.93662101
  434.86878661  521.31713021  693.96924365  171.34111213  604.43642408
  521.39603506  211.55815005  263.95668586  391.21480639  227.80021634
 -129.69529554   24.53685904  452.78690286  474.56859342  580.06250574
  369.94345794  178.35151299  138.7242903   776.61137421  488.05263957
  408.50365568  163.2714346   626.72232657  530.43954362  413.81464151
  646.40301417  374.10982855  594.16918164  343.9158656   249.57684651
  367.92237567 -138.60592738  481.36098336  763.98882454  807.12594072
  265.61268518  690.06244115  -33.77169264  519.57173273  205.96267779]

The result for the 2th execution is
Time
2.7225561141967773
Query Result
[331. 355. 407. 396. 395. 393. 369. 382. 393. 424. 370. 391. 443. 377.
 412. 361. 351. 375. 378. 362. 373. 357. 428. 426. 370. 431. 401. 376.
 407. 388. 406. 390. 432. 439. 356. 396. 340. 368. 379. 418. 390. 360.
 345. 404. 371. 392. 378. 337. 430. 382.]
Noised Result
[-1.46056230e+03  1.80155918e+03 -4.02931779e+03  3.52348421e+01
  3.79155123e+02 -7.68426227e-01  4.35813420e+02  7.75397147e+02
 -2.46169162e+02 -4.04281929e+02  3.18428031e+02 -2.87718840e+03
 -1.33069951e+03  1.05327688e+03 -1.83283622e+03  7.78920749e+02
 -1.24770536e+03  2.75506086e+03  1.44191267e+03 -1.34223565e+02
 -1.01569234e+03  1.60910283e+03 -4.70365142e+01  6.03622221e+02
  4.50430654e+02 -4.19887829e+01  2.33279645e+03 -1.80530479e+03
 -6.75905411e+02 -4.36690497e+02 -2.84023888e+02  9.39241864e+02
 -1.41494021e+03  9.58256976e+02  1.16398402e+03  2.10037741e+03
 -1.72342684e+03 -1.86917216e+02 -4.01117473e+01 -8.92840658e+02
  5.62530377e+02  1.94108191e+03  3.99462093e+00 -1.40905093e+03
 -8.52513375e+02  1.10165256e+03 -1.97971339e+03 -1.31496890e+03
  8.66330009e+02  9.02435724e+02]

The result for the 3th execution is
Time
1.5669958591461182
Query Result
[331. 355. 407. 396. 395. 393. 369. 382. 393. 424. 370. 391. 443. 377.
 412. 361. 351. 375. 378. 362. 373. 357. 428. 426. 370. 431. 401. 376.
 407. 388. 406. 390. 432. 439. 356. 396. 340. 368. 379. 418. 390. 360.
 345. 404. 371. 392. 378. 337. 430. 382.]
Noised Result
[ 469.38172029  454.14396024  715.39979329  513.75908697  591.7817553
  627.16366323    8.30594813  292.68175792  302.66036433  526.24979969
  120.74035577   12.95798596  104.61592242  444.41367349  360.4637428
  715.73550439  814.15601673 -274.25749271  514.66091234  227.73901307
  606.21980977   56.05049921  102.44893347  746.51101548  640.83119659
  782.73332377  535.44593075  453.83237319  255.49259816  107.34839995
  878.08498858  800.57363508  523.90360796  644.75347565  644.47024383
  658.7707073   692.75094548  236.60714937  258.00933033  381.81811289
  514.25900173  470.9180324    87.6273951   552.5040685   642.82590745
  816.72606444  691.07030608  305.24308061  144.26702333  386.89259831]

The result for the 4th execution is
Time
2.842546224594116
Query Result
[331. 355. 407. 396. 395. 393. 369. 382. 393. 424. 370. 391. 443. 377.
 412. 361. 351. 375. 378. 362. 373. 357. 428. 426. 370. 431. 401. 376.
 407. 388. 406. 390. 432. 439. 356. 396. 340. 368. 379. 418. 390. 360.
 345. 404. 371. 392. 378. 337. 430. 382.]
Noised Result
[133.41554044 385.49199532 648.41095631  95.17325557  79.44244176
 463.91620422  79.8948639   55.02399323 497.62145571 341.87362275
 508.71075276  16.8027932  553.23950523 557.90253074 548.73646453
 627.87685184 -18.50980164 535.7115947  350.46079653 713.40908389
 580.47793788 401.36397962 268.68793941 303.64806256 368.53364484
 529.66890874 503.37767611 437.97413028 280.30020555 190.2749863
 467.46135476 396.99473239 339.81561662 579.97681924 237.02344158
 640.44788303 633.29818172 188.63381483 415.6791442  373.52589134
 177.38919019 498.81067993 -49.93887579  -1.98791128 329.36929846
 140.98656966 274.86878764 508.5841935  535.44425806 340.64025499]

The result for the 5th execution is
Time
2.633955955505371
Query Result
[331. 355. 407. 396. 395. 393. 369. 382. 393. 424. 370. 391. 443. 377.
 412. 361. 351. 375. 378. 362. 373. 357. 428. 426. 370. 431. 401. 376.
 407. 388. 406. 390. 432. 439. 356. 396. 340. 368. 379. 418. 390. 360.
 345. 404. 371. 392. 378. 337. 430. 382.]
Noised Result
[  18.16871855  474.19727009  228.2447065   700.58655882  614.02868695
  166.73572928  347.3149571   533.19123142  178.35483735  167.41313156
  440.53744568  257.05095204  207.48270206   33.48611     308.61227901
  290.45267658  309.53309453 -172.92932717  244.13413691  797.92887012
  403.27179236  361.96737135  389.21622297  621.24718272  679.07253257
  236.99812676  112.97605502  286.20254858  426.40059142  624.97892885
  678.59455938  187.51070645  684.87371368  735.22966527  603.26335681
   -7.71039095  468.6463067   220.50178037  242.54295757  320.02780119
  529.89308932  412.60955036   38.4756931   516.5740095   413.76407484
  641.52342877  498.69117541  163.53892798  304.80521951  478.5037634 ]

The result for the 6th execution is
Time
1.408705711364746
Query Result
[331. 355. 407. 396. 395. 393. 369. 382. 393. 424. 370. 391. 443. 377.
 412. 361. 351. 375. 378. 362. 373. 357. 428. 426. 370. 431. 401. 376.
 407. 388. 406. 390. 432. 439. 356. 396. 340. 368. 379. 418. 390. 360.
 345. 404. 371. 392. 378. 337. 430. 382.]
Noised Result
[1439.55941797 1314.89685654  355.86670197  417.18562587  -63.13753117
 -471.42363202   -7.41509269  705.67182854 1516.94821836  101.56173725
  511.55305498 1007.52349447 -549.97787802 -896.1491636   873.44290834
  619.72263771 -265.93408154  387.77051915  233.45979421  793.05692477
 1414.40962388 1022.54154333  -20.25240815   57.2124386  1292.76015674
  437.17063741 1328.43082284 1241.51663184  -83.79802084  220.57204273
 -613.46444803 1534.3703556   -45.7310032    56.18748303  631.19476866
 -269.96477407  -69.68863445  232.84079624  679.94706678  462.33281138
  150.97159306  147.44033149  204.16287492  655.14242372  518.3638334
  772.5350373   673.02282825  439.52091417   21.55692991   42.90264811]

The result for the 7th execution is
Time
1.553288459777832
Query Result
[331. 355. 407. 396. 395. 393. 369. 382. 393. 424. 370. 391. 443. 377.
 412. 361. 351. 375. 378. 362. 373. 357. 428. 426. 370. 431. 401. 376.
 407. 388. 406. 390. 432. 439. 356. 396. 340. 368. 379. 418. 390. 360.
 345. 404. 371. 392. 378. 337. 430. 382.]
Noised Result
[ 888.35746571  535.05741845  845.57952627  729.6269859   509.55413674
  631.9498351   -88.84879922  292.99369558  320.57398363  904.6281811
 -163.73305261  837.83869701  284.28381822  -64.07948498  138.18227358
  218.96760976  557.41816192  477.49178723  352.94890117  136.94504048
  740.49440625   18.86582905   45.93802777  169.96934232  228.59788058
 1146.65244033  372.89785668  896.80295356  639.75044797  350.95408798
  286.22631189  262.45695903  361.5954322   607.84433616  298.68955619
  598.99532958  387.57408076  542.20667217  437.26814063  450.73487783
  266.59807808  130.17904121  245.29299111  496.96912428  351.79696233
  303.63969264 -366.41290065  501.25243696  819.10196949  636.67051483]

The result for the 8th execution is
Time
2.6567933559417725
Query Result
[331. 355. 407. 396. 395. 393. 369. 382. 393. 424. 370. 391. 443. 377.
 412. 361. 351. 375. 378. 362. 373. 357. 428. 426. 370. 431. 401. 376.
 407. 388. 406. 390. 432. 439. 356. 396. 340. 368. 379. 418. 390. 360.
 345. 404. 371. 392. 378. 337. 430. 382.]
Noised Result
[ 418.0634501  -137.56519348  553.58767574  380.52417446  135.95939387
  -45.14602138  298.34533353  539.62451997  146.26755792  385.91316032
  789.71415628  395.03374888  361.32074721  687.14044652  412.58289039
   57.79976439  309.1304235    82.77294634   87.09530669  409.59353161
  316.23958378  223.0850213   -77.47261951  203.96909973  236.3691126
  442.55343038  227.89546931  556.02293603  604.30173143  270.37213908
  180.38637899  431.33359788  531.85336938  269.62446351  194.72162915
  303.81914286   28.85295809  368.02570849  334.89108348  498.99613172
   95.49032355  164.70209358  441.50938653  362.60781811  214.7027282
  339.11667156  328.19156484  301.45942522  695.53009695  844.48278252]

The result for the 9th execution is
Time
2.653635263442993
Query Result
[331. 355. 407. 396. 395. 393. 369. 382. 393. 424. 370. 391. 443. 377.
 412. 361. 351. 375. 378. 362. 373. 357. 428. 426. 370. 431. 401. 376.
 407. 388. 406. 390. 432. 439. 356. 396. 340. 368. 379. 418. 390. 360.
 345. 404. 371. 392. 378. 337. 430. 382.]
Noised Result
[  85.08060561  506.20937057  283.82649675  521.82579196  593.91536788
  370.48326285  900.30188947  747.88699458  252.82809797  672.92180331
  473.77465429  508.38100061  459.66426499  640.78308241  542.0079322
  397.77997821  122.42222487  702.73878576  713.43119575  838.50335705
  482.14053096   -5.74333056  824.88152595 1126.0738362    78.01976728
   10.8627634   321.76001118  684.27183931  657.01099408  596.09047305
  425.64636942  100.59930417  987.59622517  518.66606425  549.74055256
  251.41072853  545.03227272  242.5628027   431.22209931  532.10054919
  334.44585609  525.37559972  465.39515831  721.93324673  583.21316386
  502.27361182  229.52925989  201.44746189  433.18195765  518.57422171]

The result for the 10th execution is
Time
2.63948392868042
Query Result
[331. 355. 407. 396. 395. 393. 369. 382. 393. 424. 370. 391. 443. 377.
 412. 361. 351. 375. 378. 362. 373. 357. 428. 426. 370. 431. 401. 376.
 407. 388. 406. 390. 432. 439. 356. 396. 340. 368. 379. 418. 390. 360.
 345. 404. 371. 392. 378. 337. 430. 382.]
Noised Result
[ 5.38326323e+02  3.86431422e+02  5.19450217e+02  6.84674220e+02
  2.85189750e+02  5.24749632e+01  8.42775266e+02  4.02314217e+01
  3.63106166e+02  3.93363621e+02  5.02110110e+02  2.25528671e+02
  6.40764578e+02  2.87091109e+02  3.12734133e+02  2.40016204e+02
  4.99713675e+02  4.33014061e+02  1.34248739e+01  2.97779551e+02
  9.39332681e+02  6.14234379e+02  5.84532647e+02  1.48703279e+02
  4.29380098e+02  2.26064361e+02  5.78455683e+02  4.63706050e+02
  7.73825721e+02  3.28426548e+01  4.03559336e-01  3.53216506e+02
  6.61315666e+02  4.48973589e+02  1.82238869e+02  3.29113095e+02
  2.54524605e+02  3.04263944e+02  3.60951149e+02  2.33657760e+02
  7.13909734e+02  1.95889508e+02  4.90642095e+02  1.04569464e+02
  2.55566518e+02  3.31434639e+02 -6.78759541e+01  4.02104737e+02
  3.21999699e+02  3.91293191e+02]

The result for the 11th execution is
Time
1.5228595733642578
Query Result
[331. 355. 407. 396. 395. 393. 369. 382. 393. 424. 370. 391. 443. 377.
 412. 361. 351. 375. 378. 362. 373. 357. 428. 426. 370. 431. 401. 376.
 407. 388. 406. 390. 432. 439. 356. 396. 340. 368. 379. 418. 390. 360.
 345. 404. 371. 392. 378. 337. 430. 382.]
Noised Result
[ 813.67185299  146.07472778  361.54048951  751.74769485  688.32613526
 -407.93608522  355.54474635  269.81519531  814.28293369  -97.37185167
  353.63159752  569.99938469  869.93801501  208.82530159  596.79107235
 -158.73885007  141.67576554  963.08185657  376.58047697  621.63459006
  357.97997614  -66.72226828  208.33838962 1032.49568967  357.86193087
 1314.66163966  381.68344335 -257.51717167  517.45961657  791.53490003
  709.13322318  509.58413099  556.74508259  565.47135819 -217.1714672
  524.05082219  377.37188267 -172.45624451  718.55843525  478.87155928
  558.63842648  633.62036073  288.07637962  209.77592699  716.56313524
  739.33073182  332.6093693   620.47810324  477.39768701  879.2282872 ]

The result for the 12th execution is
Time
2.6366565227508545
Query Result
[331. 355. 407. 396. 395. 393. 369. 382. 393. 424. 370. 391. 443. 377.
 412. 361. 351. 375. 378. 362. 373. 357. 428. 426. 370. 431. 401. 376.
 407. 388. 406. 390. 432. 439. 356. 396. 340. 368. 379. 418. 390. 360.
 345. 404. 371. 392. 378. 337. 430. 382.]
Noised Result
[ 885.39117395  521.22541466  515.30226827  310.79297261  563.5058858
  754.55213156  728.0247308  -148.7200962   396.16379902  817.79717022
  270.12135443  299.71522261  276.30533059  498.26537066  413.21931507
  386.28262435 -101.13941789  200.16628556 1080.35230796  364.72288751
  279.34875907  940.08604886  311.82164487  135.38701355  -46.46124146
  340.27625041  414.67037419  366.69466569  823.54736709  237.89272971
  454.06565027  193.51233316  171.61247786  492.21663507  250.21878031
  523.38783867  486.51394883  598.93752277  389.80301325  515.82781259
  748.81185061  517.99212904 -171.22398207  138.56765595  282.02699833
  287.67540486  315.6591258   196.31324871  102.21227054  114.43332241]

The result for the 13th execution is
Time
2.580303192138672
Query Result
[331. 355. 407. 396. 395. 393. 369. 382. 393. 424. 370. 391. 443. 377.
 412. 361. 351. 375. 378. 362. 373. 357. 428. 426. 370. 431. 401. 376.
 407. 388. 406. 390. 432. 439. 356. 396. 340. 368. 379. 418. 390. 360.
 345. 404. 371. 392. 378. 337. 430. 382.]
Noised Result
[ 303.04294384  646.94877998  490.2049291   506.37892614  295.47396441
  781.86019444 -115.7749973   386.25360528  170.08324564  716.3354394
  386.74838239  133.20654644  623.05089852  452.23616536  357.05988789
  300.60138971 -236.05228745  747.75568062  404.11230746  194.84859331
  387.79490748  215.09192235  952.38089154  463.42485533  155.80986377
  481.18783648  342.10871006  665.4479181   670.9255339   614.37959508
  512.3137699   754.19430677   94.63714457  117.14193789  585.04058945
  497.56719495   51.8830444   394.4792815   700.32317545  646.69067457
  222.94522379  495.8035274   431.5607629   457.89409707  463.57994196
  309.72951602  555.99431463  458.11826891  744.470246    197.63647832]

The result for the 14th execution is
Time
1.5032963752746582
Query Result
[331. 355. 407. 396. 395. 393. 369. 382. 393. 424. 370. 391. 443. 377.
 412. 361. 351. 375. 378. 362. 373. 357. 428. 426. 370. 431. 401. 376.
 407. 388. 406. 390. 432. 439. 356. 396. 340. 368. 379. 418. 390. 360.
 345. 404. 371. 392. 378. 337. 430. 382.]
Noised Result
[ 889.66725064  621.17752267   89.56268039  277.44001105  536.5873986
  827.5959644   718.62278275  219.40587113  -41.88489488  580.17360958
   57.01535025   60.67030225  239.64217906  636.78074116  836.46412794
 -247.35230472  611.27780093  271.39858265  346.06182503  293.06333386
  551.39380328  604.76943332  -30.40001865  748.73255558  190.09519129
  480.4170315    36.8108942   364.28704528  116.13405182  173.01530814
  827.49522331  734.4040244   796.59410983  855.69093778  481.89079318
  625.4512032   377.49333282  136.72103053  749.76729535  482.22878486
   63.9938583   281.07127094   56.55955351  587.04626433  617.85455515
  230.05074229 1018.10526364  424.01285038  291.91580303  561.08484921]

The result for the 15th execution is
Time
2.6348955631256104
Query Result
[331. 355. 407. 396. 395. 393. 369. 382. 393. 424. 370. 391. 443. 377.
 412. 361. 351. 375. 378. 362. 373. 357. 428. 426. 370. 431. 401. 376.
 407. 388. 406. 390. 432. 439. 356. 396. 340. 368. 379. 418. 390. 360.
 345. 404. 371. 392. 378. 337. 430. 382.]
Noised Result
[ 267.98508935  634.06590185  487.16940406  392.75855358  176.33306241
  114.75021625  415.73551418 1077.85811512  606.16447857  861.80759796
  124.5532877   412.40297553  816.55039069  394.65226389  206.94981046
  352.87404778  332.91359893  292.93354133  239.82109804  691.77210437
  291.61080465  649.28889643  288.01585305  171.96788949  370.40390292
  678.05981287  429.05021535  173.09728904  246.24944757  266.28072593
  762.84127096  247.5907035   172.99261793  569.06080834  629.43986442
  149.24469075  615.14943779   -1.49285459  802.82099875  296.82653409
  124.90590354  399.25087452  760.88936553  336.63361247  -66.81768306
  830.15456002  147.787577    848.80246407  626.29122945  340.03477046]

The result for the 16th execution is
Time
1.4925730228424072
Query Result
[331. 355. 407. 396. 395. 393. 369. 382. 393. 424. 370. 391. 443. 377.
 412. 361. 351. 375. 378. 362. 373. 357. 428. 426. 370. 431. 401. 376.
 407. 388. 406. 390. 432. 439. 356. 396. 340. 368. 379. 418. 390. 360.
 345. 404. 371. 392. 378. 337. 430. 382.]
Noised Result
[-295.00020374  645.02671672  300.50459248  463.68202588  256.30327274
  822.34341612  169.43284015 -105.78720241  301.85663317  378.71013623
  484.28572663  477.07778951 -173.89577586  357.30294355  835.59055816
  446.53221289  598.09225547   29.64704494 -124.19984228  105.47498463
  241.58532091  375.61678171  459.28165872  812.55929972  315.49566536
  176.04848239  433.46500233  793.57202071  281.22526521  332.23952703
  707.66208455  459.49491999  648.61578491  393.40112501 -198.36492472
  582.41941332 -172.26010338  233.30683081  631.98109176 -273.29297609
   94.29431942  157.75319562  545.39521458  -41.7550513    47.08728674
  720.09281928  285.34563797  187.13874514 -129.02117821  106.77935093]

The result for the 17th execution is
Time
2.675673007965088
Query Result
[331. 355. 407. 396. 395. 393. 369. 382. 393. 424. 370. 391. 443. 377.
 412. 361. 351. 375. 378. 362. 373. 357. 428. 426. 370. 431. 401. 376.
 407. 388. 406. 390. 432. 439. 356. 396. 340. 368. 379. 418. 390. 360.
 345. 404. 371. 392. 378. 337. 430. 382.]
Noised Result
[ 315.03649687  457.40906343  313.86391198  971.06040524  622.4802539
  194.56045687  657.27335534  730.78472025  798.84926908  612.95136603
  579.38683758   20.41957965  431.56741775  583.20916445  219.81961295
   77.77826237  358.80600523  -16.20008916  335.86163199  323.53901439
  185.15462943  597.37117705  349.52888824  527.99154079  509.43472495
   64.11603631  583.23595777 -174.29066958  258.86183628 -124.83311778
  542.96720802  548.35592695  444.45549013  627.91438614  204.56507654
  245.26012155  528.68552687   22.93248756  143.03735096  690.80663682
  525.44495683  552.48373888  358.2642085   118.4534955   549.30544746
  225.37787929  732.07958042 -114.89708652  815.3932607   340.64819289]

The result for the 18th execution is
Time
2.644801378250122
Query Result
[331. 355. 407. 396. 395. 393. 369. 382. 393. 424. 370. 391. 443. 377.
 412. 361. 351. 375. 378. 362. 373. 357. 428. 426. 370. 431. 401. 376.
 407. 388. 406. 390. 432. 439. 356. 396. 340. 368. 379. 418. 390. 360.
 345. 404. 371. 392. 378. 337. 430. 382.]
Noised Result
[ 838.85387431  646.0241945   675.04748258  435.54946146   23.42483755
  556.27972824  120.01983891  532.09868944  167.79852576   58.83431284
  520.47788324  614.25719951   69.95959183  379.83114949  291.14048759
  326.32979363 -255.60936418  412.37424396  334.51883897  748.68691902
  102.14662505  291.32409177  191.76712997  107.04207229  537.26359413
  333.25042462  164.18474911  319.54113689  551.67581711  703.38205829
  504.27184608  390.41346036  126.4843735   230.40591386  502.26012811
  705.62817405   11.03878609  122.14547503   92.66697044  436.72824352
  981.86598496  589.28749731  585.91998149  305.98901102  731.63970422
  240.71114812 -264.93611325    3.52475473  751.76708414  610.1008742 ]

The result for the 19th execution is
Time
1.529834508895874
Query Result
[331. 355. 407. 396. 395. 393. 369. 382. 393. 424. 370. 391. 443. 377.
 412. 361. 351. 375. 378. 362. 373. 357. 428. 426. 370. 431. 401. 376.
 407. 388. 406. 390. 432. 439. 356. 396. 340. 368. 379. 418. 390. 360.
 345. 404. 371. 392. 378. 337. 430. 382.]
Noised Result
[-1358.4362663  -1031.70156143   519.47622034   500.99074518
   594.82272248   124.53744215  -702.58597856  -195.16491735
  2486.14132067   766.4990726    437.39081496  -204.67754337
  1495.93722969  -310.11527685   977.57314394   825.80730689
   394.41094245   247.2984419   -450.79009348   416.95841981
   -19.88654662 -1265.79005856  -470.8798663   2152.67416133
  1223.30662454  -261.33284546   195.43898643   713.87839109
   333.19374675  1036.28983878   122.24679727   586.1174364
  1285.71486943   941.87951946  1215.63437195  -228.01520905
  -625.57082585  1120.84434451   162.89673914  1040.72398376
  1391.62155654   216.84111964  -520.1741461   -678.02816156
    67.55061323 -1238.69623953   975.5701743    648.85857378
   -37.57476652   104.56299797]

