The result for the 0th execution is
Time
11.036744356155396
Query Result
[178785.7374442 174557.9006419 181130.7630288 178007.1700508
 178629.3175895 183981.5265132 179508.79962   182054.2632795
 178433.1835237 180642.1173946 178696.3642979 179316.7024019
 181096.2497966 180508.6027005 182030.653957  184468.8014629
 180275.230355  179953.9629626 173598.8735155 182313.2524184
 178368.3961764 178718.5234658 180338.0075024 176499.9877865
 184757.5974145]
Noised Result
[192424.43898425 192880.79485594 158048.60538242 185100.75832694
 171580.60404017 174591.98805718 155218.12665512 183007.55041817
 185760.41075712 203987.97327063 191707.95360005 198861.23199071
 186237.296414   194617.81574965 175465.33502749 183092.29787672
 188043.68868651 163003.08446178 185517.40110661 160767.23579261
 189621.66160675 174515.69562373 168807.4184552  178908.92964934
 189104.92195942]

The result for the 1th execution is
Time
10.51341986656189
Query Result
[178785.7374442 174557.9006419 181130.7630288 178007.1700508
 178629.3175895 183981.5265132 179508.79962   182054.2632795
 178433.1835237 180642.1173946 178696.3642979 179316.7024019
 181096.2497966 180508.6027005 182030.653957  184468.8014629
 180275.230355  179953.9629626 173598.8735155 182313.2524184
 178368.3961764 178718.5234658 180338.0075024 176499.9877865
 184757.5974145]
Noised Result
[183322.54221999 161455.80995753 183342.32742667 175117.90502658
 177577.63401588 193898.98859585 183065.6636574  191343.03749408
 189000.07477995 186331.98167015 179409.06671721 175572.27229381
 182003.49694273 175448.65892098 185119.92763741 174645.74196139
 180040.54394272 185249.09378035 172000.29962439 183350.54187494
 175840.88884737 166261.38093411 184897.82405571 181024.20198772
 187052.8329829 ]

The result for the 2th execution is
Time
19.572694063186646
Query Result
[178785.7374442 174557.9006419 181130.7630288 178007.1700508
 178629.3175895 183981.5265132 179508.79962   182054.2632795
 178433.1835237 180642.1173946 178696.3642979 179316.7024019
 181096.2497966 180508.6027005 182030.653957  184468.8014629
 180275.230355  179953.9629626 173598.8735155 182313.2524184
 178368.3961764 178718.5234658 180338.0075024 176499.9877865
 184757.5974145]
Noised Result
[180818.82961254 168167.51451362 188898.22534468 160174.25711127
 170120.88071305 192285.30962465 170213.10788047 199269.15276863
 183092.95978626 178350.2790483  188013.46550907 180645.7042288
 188059.25658687 190967.17346645 170236.72517191 178447.38561173
 171060.94771792 162594.88939454 167643.35558793 187169.80034034
 188362.6680642  170471.66875004 181301.40289368 183578.39328153
 184340.8907504 ]

The result for the 3th execution is
Time
10.1267728805542
Query Result
[178785.7374442 174557.9006419 181130.7630288 178007.1700508
 178629.3175895 183981.5265132 179508.79962   182054.2632795
 178433.1835237 180642.1173946 178696.3642979 179316.7024019
 181096.2497966 180508.6027005 182030.653957  184468.8014629
 180275.230355  179953.9629626 173598.8735155 182313.2524184
 178368.3961764 178718.5234658 180338.0075024 176499.9877865
 184757.5974145]
Noised Result
[175770.99057705 162928.74143091 187282.98714245 179547.11989993
 174656.97512064 185916.17131354 181716.79449174 192331.50130834
 174722.45233653 186388.91136317 202795.46760771 185806.764697
 171850.2953747  159763.9819588  186969.71419587 179713.92929601
 181239.55342439 175506.66588854 176418.13309456 176070.17438086
 172644.46749807 181343.40118767 194866.59597564 171949.65351233
 184638.64132161]

The result for the 4th execution is
Time
11.060725927352905
Query Result
[178785.7374442 174557.9006419 181130.7630288 178007.1700508
 178629.3175895 183981.5265132 179508.79962   182054.2632795
 178433.1835237 180642.1173946 178696.3642979 179316.7024019
 181096.2497966 180508.6027005 182030.653957  184468.8014629
 180275.230355  179953.9629626 173598.8735155 182313.2524184
 178368.3961764 178718.5234658 180338.0075024 176499.9877865
 184757.5974145]
Noised Result
[213231.3065513  176343.6891874  190462.04302693 204174.56629858
 160652.27727998 194239.0544962  171117.98384918 151414.4449143
 171395.03534388 165765.35350486 166715.328088   164411.7351132
 201469.6631379  182039.63430552 177377.6367079  181080.28521658
 177695.05671692 167880.38870023 173957.43922374 181744.44191231
 190840.71951693 188146.79957697 199828.25901277 158563.18844764
 142837.29970744]

The result for the 5th execution is
Time
19.497519493103027
Query Result
[178785.7374442 174557.9006419 181130.7630288 178007.1700508
 178629.3175895 183981.5265132 179508.79962   182054.2632795
 178433.1835237 180642.1173946 178696.3642979 179316.7024019
 181096.2497966 180508.6027005 182030.653957  184468.8014629
 180275.230355  179953.9629626 173598.8735155 182313.2524184
 178368.3961764 178718.5234658 180338.0075024 176499.9877865
 184757.5974145]
Noised Result
[175970.13064079 172264.47823888 185008.35346548 170611.84590227
 177465.25015925 181694.03150494 175795.65942556 179284.03539653
 169031.35559201 192169.17254554 183563.41229184 179956.00072046
 184922.38688579 179771.98167182 183210.19957839 191279.63738501
 180475.46477153 182583.4035701  182232.35747558 184764.59278422
 175345.84742595 177471.87261514 188184.82995479 169630.35456031
 179594.65285476]

The result for the 6th execution is
Time
10.26837944984436
Query Result
[178785.7374442 174557.9006419 181130.7630288 178007.1700508
 178629.3175895 183981.5265132 179508.79962   182054.2632795
 178433.1835237 180642.1173946 178696.3642979 179316.7024019
 181096.2497966 180508.6027005 182030.653957  184468.8014629
 180275.230355  179953.9629626 173598.8735155 182313.2524184
 178368.3961764 178718.5234658 180338.0075024 176499.9877865
 184757.5974145]
Noised Result
[173128.14626161 170413.57888119 174389.76502024 180079.74203403
 175476.07893914 173965.02103301 184070.88753782 181134.6514731
 180762.0469387  181661.20546976 171772.15503317 179790.27771413
 195242.72971018 170594.36987063 187541.99227979 178163.9092317
 183236.22856676 180790.32333802 170940.39460338 182639.5627945
 174255.66887138 180909.28487977 182885.669791   169338.32455248
 191613.6838642 ]

The result for the 7th execution is
Time
10.087229251861572
Query Result
[178785.7374442 174557.9006419 181130.7630288 178007.1700508
 178629.3175895 183981.5265132 179508.79962   182054.2632795
 178433.1835237 180642.1173946 178696.3642979 179316.7024019
 181096.2497966 180508.6027005 182030.653957  184468.8014629
 180275.230355  179953.9629626 173598.8735155 182313.2524184
 178368.3961764 178718.5234658 180338.0075024 176499.9877865
 184757.5974145]
Noised Result
[180818.31939256 166556.82580433 171180.00227967 170373.47828988
 178380.53339864 180454.73528447 175217.54236703 177661.07167287
 169453.64148764 175707.89065867 182815.02262737 175479.20728495
 181449.41496939 174722.67310321 180056.70361247 193483.29164357
 180773.04476156 178565.58618534 165657.96026959 190673.09792501
 179409.81164315 180799.93911184 178897.01459517 175942.72332496
 185900.47988942]

The result for the 8th execution is
Time
10.185231685638428
Query Result
[178785.7374442 174557.9006419 181130.7630288 178007.1700508
 178629.3175895 183981.5265132 179508.79962   182054.2632795
 178433.1835237 180642.1173946 178696.3642979 179316.7024019
 181096.2497966 180508.6027005 182030.653957  184468.8014629
 180275.230355  179953.9629626 173598.8735155 182313.2524184
 178368.3961764 178718.5234658 180338.0075024 176499.9877865
 184757.5974145]
Noised Result
[176077.46065778 177305.59306084 170289.41043784 174135.01021392
 167222.06631598 191457.18803329 176083.12138576 185365.05883654
 177689.44506986 187987.82812008 182009.33721168 181276.07233144
 178157.53743583 176390.19345882 180454.56927868 187847.71452174
 192272.81901225 183686.77236697 175712.63544153 192091.58102081
 172723.86255122 170046.71335951 185783.76153138 179078.79762018
 182597.86960222]

The result for the 9th execution is
Time
19.925060272216797
Query Result
[178785.7374442 174557.9006419 181130.7630288 178007.1700508
 178629.3175895 183981.5265132 179508.79962   182054.2632795
 178433.1835237 180642.1173946 178696.3642979 179316.7024019
 181096.2497966 180508.6027005 182030.653957  184468.8014629
 180275.230355  179953.9629626 173598.8735155 182313.2524184
 178368.3961764 178718.5234658 180338.0075024 176499.9877865
 184757.5974145]
Noised Result
[178425.22328438 173788.83760223 177516.46767337 177659.77679536
 176784.74118738 185633.35164551 178254.80003942 180709.72402961
 176679.87770314 184825.26538473 171782.19558571 167862.59053525
 182475.57899752 185024.33954734 176173.79226705 181915.9362381
 174290.17895069 179298.47091618 167994.08827178 178455.55515985
 172328.84264068 167759.1644041  178640.14737584 182077.67445863
 188292.73065742]

The result for the 10th execution is
Time
10.255401134490967
Query Result
[178785.7374442 174557.9006419 181130.7630288 178007.1700508
 178629.3175895 183981.5265132 179508.79962   182054.2632795
 178433.1835237 180642.1173946 178696.3642979 179316.7024019
 181096.2497966 180508.6027005 182030.653957  184468.8014629
 180275.230355  179953.9629626 173598.8735155 182313.2524184
 178368.3961764 178718.5234658 180338.0075024 176499.9877865
 184757.5974145]
Noised Result
[183162.82398463 176506.21793692 181235.38486749 179893.11937229
 175040.48377481 190921.79915319 183548.05221561 177121.29115218
 178499.99935883 191596.6697467  176744.71131989 173141.91797541
 196447.76352243 197975.30500939 177646.89990801 185007.44164791
 180892.92800713 175391.6911431  176104.55293537 174165.05016125
 178166.59287198 178076.88668134 181068.65862557 191302.09504033
 190727.99573493]

The result for the 11th execution is
Time
19.74462628364563
Query Result
[178785.7374442 174557.9006419 181130.7630288 178007.1700508
 178629.3175895 183981.5265132 179508.79962   182054.2632795
 178433.1835237 180642.1173946 178696.3642979 179316.7024019
 181096.2497966 180508.6027005 182030.653957  184468.8014629
 180275.230355  179953.9629626 173598.8735155 182313.2524184
 178368.3961764 178718.5234658 180338.0075024 176499.9877865
 184757.5974145]
Noised Result
[178123.22774434 176307.94176264 188064.34213688 174305.89388183
 182453.34450279 181855.99706182 167703.44076667 182987.98724665
 180333.97698284 175865.22845122 182925.12900922 181099.846064
 189664.18502867 171622.33315943 177707.52104521 186670.11781008
 180253.43499359 176277.75626702 172620.73552989 174532.48206748
 187626.74135235 172547.66386039 184942.60392659 179309.59161894
 196615.99099803]

The result for the 12th execution is
Time
19.295607805252075
Query Result
[178785.7374442 174557.9006419 181130.7630288 178007.1700508
 178629.3175895 183981.5265132 179508.79962   182054.2632795
 178433.1835237 180642.1173946 178696.3642979 179316.7024019
 181096.2497966 180508.6027005 182030.653957  184468.8014629
 180275.230355  179953.9629626 173598.8735155 182313.2524184
 178368.3961764 178718.5234658 180338.0075024 176499.9877865
 184757.5974145]
Noised Result
[176843.38436846 180174.0963495  181163.79995139 174908.60763991
 187328.64763231 184234.8647711  180587.26862319 186392.48003296
 182376.44252148 173228.78676181 177187.77810272 175203.33265135
 183493.05438714 186766.32021511 185605.35733312 175964.44197105
 166442.64941083 190149.8416403  175364.55669667 190058.74869036
 177706.07471355 184744.23217559 183197.2973461  183597.6002716
 191242.38673051]

The result for the 13th execution is
Time
10.296832084655762
Query Result
[178785.7374442 174557.9006419 181130.7630288 178007.1700508
 178629.3175895 183981.5265132 179508.79962   182054.2632795
 178433.1835237 180642.1173946 178696.3642979 179316.7024019
 181096.2497966 180508.6027005 182030.653957  184468.8014629
 180275.230355  179953.9629626 173598.8735155 182313.2524184
 178368.3961764 178718.5234658 180338.0075024 176499.9877865
 184757.5974145]
Noised Result
[175265.16873693 176974.12722339 174762.93053324 176719.06457247
 175869.31583979 183633.18803412 180000.17899667 176650.5050683
 181865.35668479 188544.35318636 172959.5409406  179551.14403678
 179965.15557411 187767.76600576 181372.68110147 190433.07168486
 180898.81418365 168075.52104865 179640.30110619 188857.04075326
 181117.76876074 173035.75394508 172055.45755212 178685.65589955
 189013.87410093]

The result for the 14th execution is
Time
10.247849225997925
Query Result
[178785.7374442 174557.9006419 181130.7630288 178007.1700508
 178629.3175895 183981.5265132 179508.79962   182054.2632795
 178433.1835237 180642.1173946 178696.3642979 179316.7024019
 181096.2497966 180508.6027005 182030.653957  184468.8014629
 180275.230355  179953.9629626 173598.8735155 182313.2524184
 178368.3961764 178718.5234658 180338.0075024 176499.9877865
 184757.5974145]
Noised Result
[182743.64112296 170307.72091678 186904.38009385 174945.82857627
 179042.88909836 192156.62986415 192759.25947857 189223.08354289
 179831.84710696 178223.08273676 174110.19900743 184422.76685667
 179509.94815918 175572.41613651 185139.32888855 183443.64140045
 174988.63525973 182757.22331859 164965.80808488 188654.04548476
 186896.23518488 172221.02601434 176292.75735167 181418.20541541
 177864.31074458]

The result for the 15th execution is
Time
20.038790702819824
Query Result
[178785.7374442 174557.9006419 181130.7630288 178007.1700508
 178629.3175895 183981.5265132 179508.79962   182054.2632795
 178433.1835237 180642.1173946 178696.3642979 179316.7024019
 181096.2497966 180508.6027005 182030.653957  184468.8014629
 180275.230355  179953.9629626 173598.8735155 182313.2524184
 178368.3961764 178718.5234658 180338.0075024 176499.9877865
 184757.5974145]
Noised Result
[168538.02189247 173060.23126448 180916.16381202 176122.23600386
 181658.23189504 187128.13605944 174172.429397   185373.73708364
 182197.37902063 180260.59223025 184533.50750005 182241.57134066
 181102.29135528 183056.78212374 184731.63872115 180170.55698962
 182833.45924983 174008.39590657 164804.56082918 182158.01036886
 173142.97325455 177664.3199947  176651.9620181  174847.87237847
 183731.60082149]

The result for the 16th execution is
Time
20.19231605529785
Query Result
[178785.7374442 174557.9006419 181130.7630288 178007.1700508
 178629.3175895 183981.5265132 179508.79962   182054.2632795
 178433.1835237 180642.1173946 178696.3642979 179316.7024019
 181096.2497966 180508.6027005 182030.653957  184468.8014629
 180275.230355  179953.9629626 173598.8735155 182313.2524184
 178368.3961764 178718.5234658 180338.0075024 176499.9877865
 184757.5974145]
Noised Result
[170827.21896103 163571.62904029 172007.77398439 197424.12641838
 175205.95904863 205849.88222255 173509.44966066 184198.13797269
 172134.4807964  205588.24002077 162812.20410126 173899.00070469
 156759.79071628 185462.00935876 168618.28183721 195310.90837247
 182351.07283929 189167.49959327 177239.99035109 200671.94318986
 185928.85410725 176942.57688968 166295.85804677 173672.86869485
 189927.01388684]

The result for the 17th execution is
Time
19.60993003845215
Query Result
[178785.7374442 174557.9006419 181130.7630288 178007.1700508
 178629.3175895 183981.5265132 179508.79962   182054.2632795
 178433.1835237 180642.1173946 178696.3642979 179316.7024019
 181096.2497966 180508.6027005 182030.653957  184468.8014629
 180275.230355  179953.9629626 173598.8735155 182313.2524184
 178368.3961764 178718.5234658 180338.0075024 176499.9877865
 184757.5974145]
Noised Result
[178743.61357678 176129.32468795 169574.52814285 175085.52996584
 178717.93444855 186861.93379645 176069.90760401 181375.902849
 179387.9334334  178023.39692206 181613.09686506 174196.50917798
 178800.94654594 183438.82538185 185241.72778327 187506.24624544
 176566.83348144 176328.00195438 174892.74791753 178699.01942678
 169130.89315198 177853.00918235 192460.57625077 167775.87335254
 194625.52751223]

The result for the 18th execution is
Time
19.61457109451294
Query Result
[178785.7374442 174557.9006419 181130.7630288 178007.1700508
 178629.3175895 183981.5265132 179508.79962   182054.2632795
 178433.1835237 180642.1173946 178696.3642979 179316.7024019
 181096.2497966 180508.6027005 182030.653957  184468.8014629
 180275.230355  179953.9629626 173598.8735155 182313.2524184
 178368.3961764 178718.5234658 180338.0075024 176499.9877865
 184757.5974145]
Noised Result
[184050.59731128 177452.70096124 180280.36203257 196318.41836912
 181633.53352548 200493.83082166 185774.36064238 181299.03240122
 180495.83229266 176798.49889957 174748.82035956 178079.20375501
 173172.8457066  182888.86068646 197487.65518911 183026.33207426
 185581.91835873 177050.06130657 168342.6028876  183455.14591623
 174032.78695003 179280.37718899 176686.20421596 179332.70947737
 192931.9899381 ]

The result for the 19th execution is
Time
11.148685216903687
Query Result
[178785.7374442 174557.9006419 181130.7630288 178007.1700508
 178629.3175895 183981.5265132 179508.79962   182054.2632795
 178433.1835237 180642.1173946 178696.3642979 179316.7024019
 181096.2497966 180508.6027005 182030.653957  184468.8014629
 180275.230355  179953.9629626 173598.8735155 182313.2524184
 178368.3961764 178718.5234658 180338.0075024 176499.9877865
 184757.5974145]
Noised Result
[192225.60582619 167878.92041742 173892.54270565 196166.83409198
 187417.9076797  182795.32864794 186084.76694688 183849.04312595
 182954.58499725 193275.21345448 213519.27491939 175721.90320923
 197102.60178894 173545.33699621 179109.46819835 164580.7769584
 195537.4744776  191703.60698605 166518.41008299 170734.29248832
 178935.11484759 188175.20361466 171337.78697095 173964.74464694
 183394.5439911 ]

