The result for the 0th execution is
Time
25.840721130371094
Query Result
[6076. 6309. 6088. 6105. 6209. 6157. 6328. 6140. 6203. 6193. 6048. 6057.
 6135. 6333. 6392. 6462. 6103. 6332. 6090. 6236. 6412. 6281. 6212. 6279.
 6228. 6256. 6059. 6049. 6154. 6036. 6074. 6104. 6200. 6202. 6247. 6345.
 6149. 5895. 6142. 6237. 6349. 6522. 6071. 6112. 6105. 6133. 6227. 6255.
 6445. 6218.]
Noised Result
[ 6235.79469953  2655.34217301  5225.60549845  7190.94709282
  6327.14816138  6104.36261191  8507.05239228  7207.29064962
  1470.78564328  7805.45464076  7849.93248891  7465.13673279
  7527.33091009  5678.05678637 10281.1587197   1454.73497522
  7710.28839783 10401.13638542  4859.24391306  4663.18954734
  5615.1646047  12830.39828058  1943.94202578  4250.64458585
  5136.32042758  7208.25742596  6873.94587939  6230.03783637
   787.49858018  7405.23807221  1475.88449138  6574.24209765
  3921.10104788  8436.85278958  9390.20099271  6618.8249865
  7125.73502288  2371.10244597  7565.4161249   9659.7601104
  3188.95526256 11177.7741108   5698.73958714  8078.76410439
  9166.97802004 11729.58929805  6873.38689645  4679.44439592
  3757.57308249  6361.06924115]

The result for the 1th execution is
Time
25.909307718276978
Query Result
[6076. 6309. 6088. 6105. 6209. 6157. 6328. 6140. 6203. 6193. 6048. 6057.
 6135. 6333. 6392. 6462. 6103. 6332. 6090. 6236. 6412. 6281. 6212. 6279.
 6228. 6256. 6059. 6049. 6154. 6036. 6074. 6104. 6200. 6202. 6247. 6345.
 6149. 5895. 6142. 6237. 6349. 6522. 6071. 6112. 6105. 6133. 6227. 6255.
 6445. 6218.]
Noised Result
[6665.52843787 4641.52022772 5266.1747836  8126.36849965 4875.82837606
 4988.29703116 5548.2137161  7307.73522671 4926.84934342 5086.02817457
 6234.77976643 5870.29158107 7365.24105695 7411.83971455 5865.32751632
 4763.14337744 6275.04644393 5719.75270448 5369.17455393 5794.20856098
 4506.11722322 5119.00073732 5478.24799154 4260.45070143 6394.99233507
 8227.54441006 5847.35993772 6287.83473182 6862.98560042 7090.55524675
 5806.29175848 7367.8993451  6934.21410465 6957.15467435 5028.37375522
 8624.46929194 6547.01009805 5633.60176402 7566.44171726 7510.02943501
 8025.96821138 6384.85147589 4814.21759028 5058.12240646 6026.45638357
 4825.90629559 5391.22316551 7582.12632914 5950.1193743  5688.29893043]

The result for the 2th execution is
Time
48.88146638870239
Query Result
[6076. 6309. 6088. 6105. 6209. 6157. 6328. 6140. 6203. 6193. 6048. 6057.
 6135. 6333. 6392. 6462. 6103. 6332. 6090. 6236. 6412. 6281. 6212. 6279.
 6228. 6256. 6059. 6049. 6154. 6036. 6074. 6104. 6200. 6202. 6247. 6345.
 6149. 5895. 6142. 6237. 6349. 6522. 6071. 6112. 6105. 6133. 6227. 6255.
 6445. 6218.]
Noised Result
[ 3886.61360653  6957.81185343  5961.33733329  2440.63773062
  1647.37745951 10382.64378648  9622.04689498  6516.49097393
  5554.42709775 11298.3068522   9420.27130367   884.06208891
  3612.56635951 12722.70907322  6399.2661615   6639.63446234
  8991.50104618  7756.06500848  9497.6250797   2729.89989583
  3141.98455577  2761.76337661  9531.84713577 10276.81670597
  7499.20022332  4528.55247992  7600.07384764  2729.34295323
  6046.71014477  2701.7908166   1103.95494503  8835.14965391
  6844.24875812  1630.6757288   3782.30302     5062.72474154
  3118.70797841  8488.44205069  8186.25569312  2215.05193813
  8572.30390346  4784.93132354  8372.72497641  4078.95354602
  5135.46170658  5688.10917622  6825.804706    4490.99195654
  8008.97782343  4736.41751783]

The result for the 3th execution is
Time
25.9181067943573
Query Result
[6076. 6309. 6088. 6105. 6209. 6157. 6328. 6140. 6203. 6193. 6048. 6057.
 6135. 6333. 6392. 6462. 6103. 6332. 6090. 6236. 6412. 6281. 6212. 6279.
 6228. 6256. 6059. 6049. 6154. 6036. 6074. 6104. 6200. 6202. 6247. 6345.
 6149. 5895. 6142. 6237. 6349. 6522. 6071. 6112. 6105. 6133. 6227. 6255.
 6445. 6218.]
Noised Result
[4569.96176498 5886.4796773  7337.86602308 6391.93983402 5792.33553282
 4698.27122116 7114.59737274 6375.55523556 5859.53220619 7043.6153167
 5955.92218439 6669.36136776 6355.20012922 6837.63315709 8899.90035825
 7197.47623719 6490.84565957 8656.51447404 6249.29724841 5694.67688975
 5575.34650644 6269.276036   6567.12022252 7490.66593346 6091.07823084
 5961.08569828 6694.35154346 6853.43731125 5918.39067207 5524.28540524
 6557.79175281 7240.1284717  5687.47205907 6506.85114657 5481.70400424
 8464.33880089 3803.00979679 6843.26739968 6268.6093369  5067.23422211
 6349.97837176 7656.667257   4879.72686965 7210.51197708 5925.73555908
 4721.40719818 8050.6483086  5610.1726946  8161.1343925  5214.78838034]

The result for the 4th execution is
Time
26.826772928237915
Query Result
[6076. 6309. 6088. 6105. 6209. 6157. 6328. 6140. 6203. 6193. 6048. 6057.
 6135. 6333. 6392. 6462. 6103. 6332. 6090. 6236. 6412. 6281. 6212. 6279.
 6228. 6256. 6059. 6049. 6154. 6036. 6074. 6104. 6200. 6202. 6247. 6345.
 6149. 5895. 6142. 6237. 6349. 6522. 6071. 6112. 6105. 6133. 6227. 6255.
 6445. 6218.]
Noised Result
[8680.12862412 6749.44740772 6953.07760223 4253.55396686 5803.69233603
 6380.95796264 6706.48768158 8904.31236728 4184.63714868 7025.48582712
 4598.78812045 7721.3709791  8372.72708032 7172.12974352 6950.41187173
 6164.75136442 5611.14829581 7364.18688074 5415.3268178  7289.48157835
 8502.36517943 5567.09103351 5110.84020286 4343.67834315 5122.50431806
 5840.93606248 6247.11847195 4497.28092893 7488.33146705 5963.3794393
 5506.49662064 5701.50319774 8380.63006661 6490.78354428 6392.94781851
 6251.93826423 6019.87413393 7254.66568204 7559.37690794 6165.25193873
 5915.95484866 7489.62299948 4406.68109335 4907.75414959 6152.17614672
 7037.71394976 5742.96991209 6624.30845582 5923.6687232  6833.32528443]

The result for the 5th execution is
Time
26.220783472061157
Query Result
[6076. 6309. 6088. 6105. 6209. 6157. 6328. 6140. 6203. 6193. 6048. 6057.
 6135. 6333. 6392. 6462. 6103. 6332. 6090. 6236. 6412. 6281. 6212. 6279.
 6228. 6256. 6059. 6049. 6154. 6036. 6074. 6104. 6200. 6202. 6247. 6345.
 6149. 5895. 6142. 6237. 6349. 6522. 6071. 6112. 6105. 6133. 6227. 6255.
 6445. 6218.]
Noised Result
[7578.58709966 5084.63383403 6051.44228832 8410.34138283 5697.11758033
 7408.83365656 7018.52129977 5626.29537197 7133.25462832 6720.81504677
 6499.74597314 5203.31603367 5657.50488704 5537.42741501 6258.93726651
 6010.06532017 6175.61600423 5335.51675385 7803.14179931 6511.22165599
 7160.77210543 5377.81876947 6800.37063261 5970.85303013 5926.84559515
 6611.27930378 4624.16271735 6852.15994481 6465.14122972 7282.78740541
 5999.54003129 6001.62581515 4047.52246525 7099.23565966 6512.82118413
 5800.37755113 6579.92487853 5484.07243878 6195.33902376 7039.92870573
 5992.31132278 7998.75875435 7794.29213663 6746.09556868 6686.23603989
 5660.55799822 6692.89781006 4965.04760586 5504.41603414 5205.55434273]

The result for the 6th execution is
Time
25.410449981689453
Query Result
[6076. 6309. 6088. 6105. 6209. 6157. 6328. 6140. 6203. 6193. 6048. 6057.
 6135. 6333. 6392. 6462. 6103. 6332. 6090. 6236. 6412. 6281. 6212. 6279.
 6228. 6256. 6059. 6049. 6154. 6036. 6074. 6104. 6200. 6202. 6247. 6345.
 6149. 5895. 6142. 6237. 6349. 6522. 6071. 6112. 6105. 6133. 6227. 6255.
 6445. 6218.]
Noised Result
[3207.22920769 7437.14611909 5111.55978057 4150.97471149 5401.62302785
 7468.67003613 7240.01403559 7702.00329206 7367.13765284 6120.85186498
 3019.22959319 4860.73421703 6892.83915036 5864.31495384 7182.08475638
 6937.94144296 5810.96901163 6292.14167203 5438.39548005 7541.9592342
 4207.57476724 5608.02290495 5408.32395202 7841.14145753 6340.16330898
 6397.93917583 5780.78343873 6716.37276983 6640.42225029 4929.44243195
 5269.76680391 5644.63825855 4602.33448806 6871.34743677 5470.94640602
 6636.93169447 7538.79594944 4871.69122058 5389.68123387 8260.8105104
 5569.79174221 7825.96681667 6591.40633701 5328.8829598  6823.30171745
 5126.58609026 5746.14555006 6074.01779871 6849.03970984 5152.4958855 ]

The result for the 7th execution is
Time
25.637935400009155
Query Result
[6076. 6309. 6088. 6105. 6209. 6157. 6328. 6140. 6203. 6193. 6048. 6057.
 6135. 6333. 6392. 6462. 6103. 6332. 6090. 6236. 6412. 6281. 6212. 6279.
 6228. 6256. 6059. 6049. 6154. 6036. 6074. 6104. 6200. 6202. 6247. 6345.
 6149. 5895. 6142. 6237. 6349. 6522. 6071. 6112. 6105. 6133. 6227. 6255.
 6445. 6218.]
Noised Result
[ 6454.5554494  10284.34403752  3137.80733724 12511.19273268
  2733.45882558  5477.25083948  5513.46810391  6157.89516351
  7805.12430142  8971.78683898  7856.53401474  7457.20195645
  6249.6973584   9284.75657034  8439.51193794  4477.50907926
  7155.80382094  5244.21118522  6000.06011007  6391.83283542
  5869.24951883  4549.57606511  5450.33949591   777.3774907
  5444.40878334  4508.23284595  8565.97882317 10665.30119823
  9436.02579345  7324.55989021  5266.4452793   3299.25424187
  5782.05167581  5124.42629563  8815.39113903  7579.77037393
  9903.69440388  7034.7748369   9505.82301792  4782.41615412
  4907.70209911  5191.97394221  3344.19124818  8319.60089414
 -2187.52189762  3920.65595227  8626.69613895  3248.43116039
  6301.31264702  4400.63444985]

The result for the 8th execution is
Time
25.430765390396118
Query Result
[6076. 6309. 6088. 6105. 6209. 6157. 6328. 6140. 6203. 6193. 6048. 6057.
 6135. 6333. 6392. 6462. 6103. 6332. 6090. 6236. 6412. 6281. 6212. 6279.
 6228. 6256. 6059. 6049. 6154. 6036. 6074. 6104. 6200. 6202. 6247. 6345.
 6149. 5895. 6142. 6237. 6349. 6522. 6071. 6112. 6105. 6133. 6227. 6255.
 6445. 6218.]
Noised Result
[3271.98691753 6346.00027101 5307.20456823 6330.26996567 6125.21079859
 5380.57837923 6530.16085652 7290.09382377 6186.94553095 7260.43221004
 4700.69722741 6260.67466548 6786.34258174 4445.8478838  3741.22729748
 6564.03705491 7049.76469836 8693.9418254  4758.58673102 6924.78821776
 6891.0046612  5902.38491466 5084.34800491 6473.39129444 6035.80361373
 5181.54367792 7325.85902324 6629.87692387 6719.14921199 7199.79425515
 5100.04562432 6791.46078019 4931.86313871 6450.06945581 4325.40255825
 4141.22092661 5438.25516518 5403.58244765 3932.26881012 4832.93832586
 7389.36540476 6147.16985327 7063.49550959 5979.38368869 6785.7896408
 5937.69153544 8481.7931325  6918.55280599 6369.21402116 4349.93564467]

The result for the 9th execution is
Time
25.944546937942505
Query Result
[6076. 6309. 6088. 6105. 6209. 6157. 6328. 6140. 6203. 6193. 6048. 6057.
 6135. 6333. 6392. 6462. 6103. 6332. 6090. 6236. 6412. 6281. 6212. 6279.
 6228. 6256. 6059. 6049. 6154. 6036. 6074. 6104. 6200. 6202. 6247. 6345.
 6149. 5895. 6142. 6237. 6349. 6522. 6071. 6112. 6105. 6133. 6227. 6255.
 6445. 6218.]
Noised Result
[6021.34683742 7531.6876373  4098.22894134 6910.02596369 7052.16195986
 6807.76334044 8826.40430379 5711.39657965 6411.65208597 6069.9745265
 5831.43225269 5400.02652406 5960.96166917 9015.0848653  4746.98325376
 7257.20710804 4331.1811601  5896.91818414 4392.25180521 6212.74428745
 5557.69098205 6180.20325638 7111.8145045  4844.65550878 6043.46476873
 3101.55052654 7795.96070276 5711.79803644 6756.02473724 5910.61897377
 6308.6705481  5623.78320519 8180.68459304 6476.45541027 8191.54170647
 7857.83246895 5478.72239242 7003.30582267 5416.59889664 5786.77673759
 5098.43178467 6404.08530444 6517.78472467 5430.41876883 6715.81640451
 4470.93882319 5394.00947504 6343.22471924 7597.31651451 7718.24599053]

The result for the 10th execution is
Time
26.131608247756958
Query Result
[6076. 6309. 6088. 6105. 6209. 6157. 6328. 6140. 6203. 6193. 6048. 6057.
 6135. 6333. 6392. 6462. 6103. 6332. 6090. 6236. 6412. 6281. 6212. 6279.
 6228. 6256. 6059. 6049. 6154. 6036. 6074. 6104. 6200. 6202. 6247. 6345.
 6149. 5895. 6142. 6237. 6349. 6522. 6071. 6112. 6105. 6133. 6227. 6255.
 6445. 6218.]
Noised Result
[10983.60561189  6721.1446593   6963.98998824  5927.41865202
  5899.39128494  9781.26858163  7533.36001128  6890.79389475
  1161.40217951  7445.51727355  3960.34490801  5265.59256421
  2393.75249249  8123.84988886  9238.60071617  6215.90278356
  7692.98143544  4554.91712207  6557.96123693  5975.38450096
  6236.55267959  3928.8227645    697.24281606  9753.3818413
  8620.7550162   4232.28775124  5432.14613478  7885.86389923
  9478.90366526  7216.76104158  4938.43822029  8967.13197748
  5976.20818519  9848.00783447  6111.14809828  5886.34694162
  5571.46161261  7419.38493712  7438.75264057  5964.22242595
  6493.27924289  9492.72258527  5435.90323904  6745.24231219
  7268.23410729  4730.21855507  7228.80463966  5037.29618197
  7385.06332081  4904.75250636]

The result for the 11th execution is
Time
24.366060733795166
Query Result
[6076. 6309. 6088. 6105. 6209. 6157. 6328. 6140. 6203. 6193. 6048. 6057.
 6135. 6333. 6392. 6462. 6103. 6332. 6090. 6236. 6412. 6281. 6212. 6279.
 6228. 6256. 6059. 6049. 6154. 6036. 6074. 6104. 6200. 6202. 6247. 6345.
 6149. 5895. 6142. 6237. 6349. 6522. 6071. 6112. 6105. 6133. 6227. 6255.
 6445. 6218.]
Noised Result
[7031.06725531 5431.44886732 7099.13684515 6051.30268255 8815.08195806
 7239.70183829 6070.29506757 6833.05540298 6594.56500069 5712.72933471
 6304.9056636  6252.39255094 6537.17598687 6210.3936146  6347.53587905
 4712.51283843 7145.46731334 8465.16654469 7484.19949404 6222.66540783
 8149.82429777 6232.23522413 5482.97058691 6455.27042654 5659.79374918
 6077.80014221 4468.2282545  5287.80300995 4528.2446335  7411.98199539
 5343.70054868 5828.35640335 5706.69932042 6681.06829916 8279.15552278
 7462.05269718 5919.103683   5860.16356674 5667.58060942 6389.13740214
 5725.00094358 7107.40760737 5562.372872   4201.41073685 2959.67295007
 6154.62825189 5370.91473007 6729.77732835 6864.73353412 5510.01715645]

The result for the 12th execution is
Time
25.703336238861084
Query Result
[6076. 6309. 6088. 6105. 6209. 6157. 6328. 6140. 6203. 6193. 6048. 6057.
 6135. 6333. 6392. 6462. 6103. 6332. 6090. 6236. 6412. 6281. 6212. 6279.
 6228. 6256. 6059. 6049. 6154. 6036. 6074. 6104. 6200. 6202. 6247. 6345.
 6149. 5895. 6142. 6237. 6349. 6522. 6071. 6112. 6105. 6133. 6227. 6255.
 6445. 6218.]
Noised Result
[4947.91123693 7127.83690943 6702.23024433 7178.32034781 5939.99592381
 5307.66971271 6385.83140645 5606.5825064  8198.25690709 6333.81380558
 6639.44282979 4944.02308209 7441.55087964 5242.0549457  7761.24280883
 7423.88742407 5253.90384728 6407.80476234 6697.56928487 6631.59046654
 5970.5348989  5315.99117882 7299.54086181 5979.91730952 4844.73176267
 5484.15701842 4586.16409997 7610.48912206 5123.58432386 6947.27601881
 6023.9720402  4857.1177368  5049.84356048 5338.99102899 7122.85905475
 6787.10094609 7768.44490897 6356.99356027 5476.97984225 7195.58915237
 6148.63502084 7503.84002313 5093.82763516 6214.87645938 5383.05606984
 5474.2171668  5829.84036302 4371.67655445 5183.71571643 7465.36303507]

The result for the 13th execution is
Time
25.76002860069275
Query Result
[6076. 6309. 6088. 6105. 6209. 6157. 6328. 6140. 6203. 6193. 6048. 6057.
 6135. 6333. 6392. 6462. 6103. 6332. 6090. 6236. 6412. 6281. 6212. 6279.
 6228. 6256. 6059. 6049. 6154. 6036. 6074. 6104. 6200. 6202. 6247. 6345.
 6149. 5895. 6142. 6237. 6349. 6522. 6071. 6112. 6105. 6133. 6227. 6255.
 6445. 6218.]
Noised Result
[6363.65013718 6268.15956565 7590.42195026 6394.67540249 6387.1280919
 4235.20232071 6487.93859914 5636.13683302 5408.63825982 5856.36535401
 5835.11257606 6210.42929226 5713.92495112 7686.81609796 8637.52515981
 5519.8080424  6043.75029547 7783.34401514 7128.07581044 6357.46892664
 6312.48289549 4847.78397321 5568.39334915 6335.9749488  7015.2844866
 6756.89313475 5512.47890647 7624.04074663 4983.53492435 6346.53355698
 6876.94925298 5424.22223929 5654.70977551 4915.73372077 6907.91277939
 5791.50816093 5494.71775211 6174.0021582  5440.43760584 7187.78982017
 6454.09620425 8816.78755435 6253.10994467 5247.59038325 5544.14076297
 6104.97415619 7445.86951844 7733.69606754 6152.02274817 4000.08752717]

The result for the 14th execution is
Time
25.307398796081543
Query Result
[6076. 6309. 6088. 6105. 6209. 6157. 6328. 6140. 6203. 6193. 6048. 6057.
 6135. 6333. 6392. 6462. 6103. 6332. 6090. 6236. 6412. 6281. 6212. 6279.
 6228. 6256. 6059. 6049. 6154. 6036. 6074. 6104. 6200. 6202. 6247. 6345.
 6149. 5895. 6142. 6237. 6349. 6522. 6071. 6112. 6105. 6133. 6227. 6255.
 6445. 6218.]
Noised Result
[5669.95033488 7131.06257068 6555.34841304 6421.76903592 4828.74503999
 5585.47960895 4010.48689514 5275.00773198 5013.35983079 7637.28384025
 6129.19775787 7004.23417897 8630.44237305 5146.04865539 7246.49543173
 4938.48295884 4154.82775565 4074.64167145 8156.11024282 8415.57548883
 7498.4244515  6906.22783689 6992.42390315 6575.64572885 6437.07946
 5572.76011259 6372.33922142 7925.38151397 5267.40072836 5337.040018
 5020.67436765 4530.82372487 5993.51619353 7359.68890009 7206.74983902
 6668.01256069 6428.63491785 6981.10965488 4851.72967655 7009.55868418
 5807.02110285 6402.65864109 7711.87542631 8409.25324379 6639.50810991
 7133.08321966 3588.60635482 7036.01027075 7182.30012781 5824.01550413]

The result for the 15th execution is
Time
24.7710177898407
Query Result
[6076. 6309. 6088. 6105. 6209. 6157. 6328. 6140. 6203. 6193. 6048. 6057.
 6135. 6333. 6392. 6462. 6103. 6332. 6090. 6236. 6412. 6281. 6212. 6279.
 6228. 6256. 6059. 6049. 6154. 6036. 6074. 6104. 6200. 6202. 6247. 6345.
 6149. 5895. 6142. 6237. 6349. 6522. 6071. 6112. 6105. 6133. 6227. 6255.
 6445. 6218.]
Noised Result
[7250.12950844 5079.54037166 5085.08328847 5447.75367134 6156.0159172
 4445.25977461 8033.83850947 6409.92244838 9470.11152389 5306.68184664
 7226.73616876 5513.05444824 4822.67888104 7511.24828576 6142.34518009
 5228.82069574 6980.54312204 7119.33693921 7610.26147233 6703.47188066
 6168.17310125 5403.48582455 4315.60199684 7089.62588485 7318.15800927
 5249.54266098 6148.87447078 7910.41412254 5230.41960522 6240.14090706
 6551.71527753 4910.58581819 7989.07072789 5019.33748162 7090.13724394
 5338.15595482 6022.3886085  4388.00807734 6327.85831843 7958.17574492
 5777.99639891 7549.57009157 7043.54965146 6727.0466168  5762.13391796
 9019.69342152 6078.58760149 8541.06861447 7458.31472471 6450.07151929]

The result for the 16th execution is
Time
25.244576692581177
Query Result
[6076. 6309. 6088. 6105. 6209. 6157. 6328. 6140. 6203. 6193. 6048. 6057.
 6135. 6333. 6392. 6462. 6103. 6332. 6090. 6236. 6412. 6281. 6212. 6279.
 6228. 6256. 6059. 6049. 6154. 6036. 6074. 6104. 6200. 6202. 6247. 6345.
 6149. 5895. 6142. 6237. 6349. 6522. 6071. 6112. 6105. 6133. 6227. 6255.
 6445. 6218.]
Noised Result
[7421.74276549 7153.41531969 6355.64416658 6904.17849748 8252.96759244
 6467.8439795  2251.96063006 5137.30485398 8289.64840745 5538.79527332
 5578.18302297 5153.61903146 6041.88978525 6970.23029719 6584.04684158
 6670.40978973 3776.68981951 8525.23785999 5210.79455408 6808.46186693
 6628.59357393 9482.18444196 6355.09432087 7371.28600987 5105.93754842
 5860.63307817 6226.40204737 5794.80498219 7640.31378304 6102.92981735
 6789.0997149  7339.41036526 6062.39118883 4393.6171553  4900.08476814
 5898.53525213 6545.90926427 4734.22161571 3754.44169506 5262.68222753
 6752.93822704 6321.17971544 8427.22365471 6502.97685049 5870.34994302
 6076.33375176 6535.80023216 5163.52860085 5399.67383176 7177.52269109]

The result for the 17th execution is
Time
25.44604253768921
Query Result
[6076. 6309. 6088. 6105. 6209. 6157. 6328. 6140. 6203. 6193. 6048. 6057.
 6135. 6333. 6392. 6462. 6103. 6332. 6090. 6236. 6412. 6281. 6212. 6279.
 6228. 6256. 6059. 6049. 6154. 6036. 6074. 6104. 6200. 6202. 6247. 6345.
 6149. 5895. 6142. 6237. 6349. 6522. 6071. 6112. 6105. 6133. 6227. 6255.
 6445. 6218.]
Noised Result
[10255.21778741 10179.19280967  9734.14001369  5767.83667588
  5979.12851289 14200.81160469  3488.05403665  8328.27408299
  9567.11765066  7197.4776364   1724.981297    4469.5389973
  5483.95473332  5786.41982975  2877.04179141  6450.63200944
  1855.14941927 12167.9875364   1631.43401297  9565.7625929
   145.63981419  7211.80530922  7364.01385309  7249.42615575
  7805.31623482  8463.58132391  5996.28986428 12566.8528229
  4888.03080002  3601.76137527   403.12145508  7602.8715716
  5993.12370065  7247.18588612  4104.97729286  4311.09070041
  1285.78093075  2951.62730637  5602.70656662  6815.64202716
  8046.25611522  8728.64767788  7976.10934274  1947.05481347
  8911.81645232  1857.20561644 11747.81353077  3359.47248299
  1813.9164181   6143.67692638]

The result for the 18th execution is
Time
25.78523588180542
Query Result
[6076. 6309. 6088. 6105. 6209. 6157. 6328. 6140. 6203. 6193. 6048. 6057.
 6135. 6333. 6392. 6462. 6103. 6332. 6090. 6236. 6412. 6281. 6212. 6279.
 6228. 6256. 6059. 6049. 6154. 6036. 6074. 6104. 6200. 6202. 6247. 6345.
 6149. 5895. 6142. 6237. 6349. 6522. 6071. 6112. 6105. 6133. 6227. 6255.
 6445. 6218.]
Noised Result
[6999.53148808 6726.70021237 6566.97379096 4723.10259412 8596.85437102
 5826.59198707 9115.21783591 4661.47317777 6181.97456908 6194.92081918
 5946.62760129 8775.15762537 6250.17181913 7487.57848522 8031.31483335
 7330.11722936 5165.82195532 4806.69095838 5105.30106415 6850.5409123
 5844.6511285  5657.08506181 5981.49239037 5406.21717564 3559.29681983
 8530.67697204 5531.12710161 3701.60012526 7725.21992455 4382.71154159
 5602.74464115 5415.38885728 8200.47518069 4958.26230874 7674.31429113
 7097.78823271 7185.57989775 6905.16539705 5717.46114696 6192.78039957
 5423.11192608 4649.61633439 5080.66596203 6950.46084707 7098.73512005
 6251.43774562 4501.3810522  6791.36020618 7613.54769404 9620.38526423]

The result for the 19th execution is
Time
26.015360832214355
Query Result
[6076. 6309. 6088. 6105. 6209. 6157. 6328. 6140. 6203. 6193. 6048. 6057.
 6135. 6333. 6392. 6462. 6103. 6332. 6090. 6236. 6412. 6281. 6212. 6279.
 6228. 6256. 6059. 6049. 6154. 6036. 6074. 6104. 6200. 6202. 6247. 6345.
 6149. 5895. 6142. 6237. 6349. 6522. 6071. 6112. 6105. 6133. 6227. 6255.
 6445. 6218.]
Noised Result
[8450.55286422 4653.88891603 5390.34129202 6060.81563155 6184.0946544
 6952.50873736 5967.43371583 4719.34143066 4953.05358979 7182.34268964
 4512.69770952 6637.76821387 6400.39398304 5794.96034637 7268.68097357
 6193.91775632 6260.97659587 7927.68742168 4342.15964757 4993.03914602
 6747.33779726 6460.02241461 6006.91312309 5725.56030392 7907.85274035
 4997.80249601 7988.23642522 4455.48771472 6214.49006085 6941.79020182
 7053.84363567 6589.10192878 6853.14548563 6916.03051028 6125.73236969
 5086.45680377 5161.761049   6790.04802701 6856.58032546 4112.49430558
 7618.73050495 6593.38287838 6171.92061195 6314.10726957 5548.99319173
 6826.43121764 6619.27381689 6395.86784197 6144.16236455 6745.45988479]

