The result for the 0th execution is
Time
13.879003763198853
Query Result
[3116. 3133. 3058. 3107. 3174. 3175. 3116. 3111. 2986. 3164. 3118. 3038.
 3209. 3155. 3259. 3239. 3117. 2979. 3003. 3192. 3209. 3208. 3036. 3062.
 3102. 2956. 3073. 3128. 3244. 3038. 3127. 3037. 3047. 3087. 3158. 3152.
 3036. 2994. 3101. 3226. 3025. 3152. 3089. 3001. 3036. 2980. 3028. 3210.
 3170. 3209.]
Noised Result
[4577.53217192 2047.01557461 5411.66998897 4124.8230152  3038.33657761
 3757.11018476 2218.13435922 3470.57534518 2298.69501042 3546.04355834
 3984.24111695 4113.45753295 1494.92487431 2441.75466771 2455.69686218
 4165.84136667 2440.69298405 2586.27835249 4905.52641837 2451.83806868
 2504.9527994  5336.75415463 3580.74416218 3380.76049262 2761.95317306
 4833.06021411 2570.87701307  864.18708875 4615.45829445 3590.60614832
 1563.19527044 2689.77710297 3532.43573967 3641.82697932 2417.02071276
 5079.70461126 4046.99549001 1286.69365656 2082.53546899 3240.15195955
 2020.77251105 4367.9758651  3701.09415873 4269.98915905 1511.90601698
 2722.34927526 3082.66916275 3981.12005653 2890.79518034 3452.05894307]

The result for the 1th execution is
Time
12.421249389648438
Query Result
[3116. 3133. 3058. 3107. 3174. 3175. 3116. 3111. 2986. 3164. 3118. 3038.
 3209. 3155. 3259. 3239. 3117. 2979. 3003. 3192. 3209. 3208. 3036. 3062.
 3102. 2956. 3073. 3128. 3244. 3038. 3127. 3037. 3047. 3087. 3158. 3152.
 3036. 2994. 3101. 3226. 3025. 3152. 3089. 3001. 3036. 2980. 3028. 3210.
 3170. 3209.]
Noised Result
[2781.28263295 4105.85869066 4184.99173297 3609.57265559 1759.9352096
 1565.85678941  807.42692933 3893.66069755 1947.91254058 2510.00555205
 2941.37124174 2040.50626308 2833.32798359 4242.56067572 2976.92963644
 2180.09188342 1415.32882767 2324.44172087 1480.01639132 5266.04799035
  650.55380367 2280.10194381 -238.91463649 3205.52499369 1995.23995201
  387.98253108 2563.66173591 2047.16244076 3905.46244086 2227.20907196
 1943.55942266 1894.90174731 2473.39637931 4299.9202972  1863.29079635
 4581.4259494  2612.86505694 3343.4460716  3267.46626402 -630.57900226
 1014.45454413 2729.38594598 3015.28174243 4256.8981394  4699.53179117
 2624.91157448 2725.35192168 5016.94943624 2994.3249077  1599.84823806]

The result for the 2th execution is
Time
22.32159399986267
Query Result
[3116. 3133. 3058. 3107. 3174. 3175. 3116. 3111. 2986. 3164. 3118. 3038.
 3209. 3155. 3259. 3239. 3117. 2979. 3003. 3192. 3209. 3208. 3036. 3062.
 3102. 2956. 3073. 3128. 3244. 3038. 3127. 3037. 3047. 3087. 3158. 3152.
 3036. 2994. 3101. 3226. 3025. 3152. 3089. 3001. 3036. 2980. 3028. 3210.
 3170. 3209.]
Noised Result
[2964.24432671 3621.50046213 4196.07740593 2891.4219336  3415.93241115
 1583.6930476  3632.60297316 3730.78579501  350.65015282 1203.84052922
  630.47561466 3730.2572845  2348.87861109 2259.2669375  3932.22135045
 2723.56494983  912.87324129 2142.45895339 2311.79054415 3062.83938858
 4063.09120244 1183.29852338 2149.26146567 3313.80863102  296.02894718
 -695.73881309 2090.78469537 4298.59107898 4359.09479587 3402.13474903
 4331.81898354 4398.78722629 4637.53092812 3231.97032497 4954.11829573
 3848.62059898 6347.8458001  4626.4864804   712.68050065 1117.43057865
 2976.87987038 5239.5038448  3229.56215229  927.35060963 2609.70079725
 3637.99867486 1537.4880023  3525.64921531 6554.81464942 2735.40762546]

The result for the 3th execution is
Time
11.838206052780151
Query Result
[3116. 3133. 3058. 3107. 3174. 3175. 3116. 3111. 2986. 3164. 3118. 3038.
 3209. 3155. 3259. 3239. 3117. 2979. 3003. 3192. 3209. 3208. 3036. 3062.
 3102. 2956. 3073. 3128. 3244. 3038. 3127. 3037. 3047. 3087. 3158. 3152.
 3036. 2994. 3101. 3226. 3025. 3152. 3089. 3001. 3036. 2980. 3028. 3210.
 3170. 3209.]
Noised Result
[ 2953.5221417    789.15696813  2335.75081541  4591.99136176
 -1184.28670096   627.83820514  1482.62857426  -895.74685398
  1595.76676454  3211.05700464  1088.88180494  3115.79520191
  4606.55749733  4917.56730958  2788.28345007  2988.38676987
  3259.19664151 -2416.9716165   4436.50665272  5817.91814922
  2931.42010595  3923.6125016   5286.34476056  5569.20240539
  3917.28301905  3625.47979968  4376.20451397  2141.5164179
  3160.85845892  1384.94104945  3958.64593091  2360.21698883
  5964.60024416  3380.84317128  4042.20123852  1210.50678764
  3728.13072656  3344.13617359  3262.08003077  4786.38985658
  1137.55314175  3768.80616264  4285.43508582  3815.77491674
  5107.72813674  4224.52083199  2803.62088641  3272.38387782
  4046.44620409  3137.09810843]

The result for the 4th execution is
Time
22.037516117095947
Query Result
[3116. 3133. 3058. 3107. 3174. 3175. 3116. 3111. 2986. 3164. 3118. 3038.
 3209. 3155. 3259. 3239. 3117. 2979. 3003. 3192. 3209. 3208. 3036. 3062.
 3102. 2956. 3073. 3128. 3244. 3038. 3127. 3037. 3047. 3087. 3158. 3152.
 3036. 2994. 3101. 3226. 3025. 3152. 3089. 3001. 3036. 2980. 3028. 3210.
 3170. 3209.]
Noised Result
[3079.46692402 1196.43441297 1933.38501069 2709.50616639 5063.22681115
 2866.3088062  1857.67332523 2237.31959832 3271.16760475 5250.11862099
 2347.49538092 4993.8894395  3122.42214278 2386.96219912 3689.92360465
 2491.75129977 2006.74756493 4031.27333703 1859.05312737 3535.11347795
 2824.19430852 1678.92660148 2646.03902267 2409.12596051 3110.57188088
 2262.8027999  3911.92131583 3392.601157   1564.80035492 4687.26260866
 4736.08205373 2194.84910431 4471.46375511 3112.10988963 2874.70207443
 2685.23681682 3422.84307002 2498.46846874 2435.53983389 4279.82716365
 2089.34290032 3081.11281767  308.9632565  1032.28593372 2300.61294176
 1031.19597649 2546.43573687 4482.07945359 5852.83241892 3595.52270867]

The result for the 5th execution is
Time
12.700901985168457
Query Result
[3116. 3133. 3058. 3107. 3174. 3175. 3116. 3111. 2986. 3164. 3118. 3038.
 3209. 3155. 3259. 3239. 3117. 2979. 3003. 3192. 3209. 3208. 3036. 3062.
 3102. 2956. 3073. 3128. 3244. 3038. 3127. 3037. 3047. 3087. 3158. 3152.
 3036. 2994. 3101. 3226. 3025. 3152. 3089. 3001. 3036. 2980. 3028. 3210.
 3170. 3209.]
Noised Result
[2467.23258635 3137.47867594 3027.16191737 3420.98806953 4656.33836421
 3003.71818479 3633.13330716 2774.86394031 3139.21648934 3431.42447996
 3214.68801825 3899.68413273  881.3979989  3364.99619556 3938.92696471
 5502.16998145 3534.76202019 5443.88808954 3566.72553486 3417.51189029
 3206.52285588 4228.56331613 1950.68756895 1689.76298414 3124.02204823
 2444.0241097  3760.93486813 2451.77490174  636.4918148  3286.65992236
 1185.52624946 2830.33286809 5407.6100965  1578.92416539 3706.20051145
 4205.56447854 1491.43181608 2580.57199009  150.1123597  1868.07332627
 1628.36804772 3048.3292907  4359.15110465 2197.4123429  1113.48342799
 4392.80785253 1505.75912916 2108.08298792  593.84101913 1940.66448475]

The result for the 6th execution is
Time
24.456541061401367
Query Result
[3116. 3133. 3058. 3107. 3174. 3175. 3116. 3111. 2986. 3164. 3118. 3038.
 3209. 3155. 3259. 3239. 3117. 2979. 3003. 3192. 3209. 3208. 3036. 3062.
 3102. 2956. 3073. 3128. 3244. 3038. 3127. 3037. 3047. 3087. 3158. 3152.
 3036. 2994. 3101. 3226. 3025. 3152. 3089. 3001. 3036. 2980. 3028. 3210.
 3170. 3209.]
Noised Result
[ 816.77879657 3990.12748882 2953.40949478 4958.84767036 4487.94211054
 1966.25506977 2921.69829824 2659.88204561 2634.48525184 4084.22619429
 3648.01793951 4212.13339665 3166.15210023 1553.32635658 2858.13720897
 2161.90072168 5644.0686142  2624.46245739 3269.71013655 2174.40121969
 3638.08622342 3620.05123429 4733.16430785 3291.13184662 2785.5713754
 2495.51409104 4863.37253113 3839.2851408  5106.82987878 1819.45383406
 3063.38977065 3174.63460413 3089.05016796 4418.15077199 2007.15365447
 3378.66491863 2144.54121127 2977.7387026  3862.1551232  1552.17654954
 2747.14045917 4219.47923582 3229.38428352 1175.89775556 3558.52058435
 5231.33511332 3696.41738367 2702.54663411 3138.26926755 2083.3350038 ]

The result for the 7th execution is
Time
12.537591457366943
Query Result
[3116. 3133. 3058. 3107. 3174. 3175. 3116. 3111. 2986. 3164. 3118. 3038.
 3209. 3155. 3259. 3239. 3117. 2979. 3003. 3192. 3209. 3208. 3036. 3062.
 3102. 2956. 3073. 3128. 3244. 3038. 3127. 3037. 3047. 3087. 3158. 3152.
 3036. 2994. 3101. 3226. 3025. 3152. 3089. 3001. 3036. 2980. 3028. 3210.
 3170. 3209.]
Noised Result
[4197.80273849 2129.98770617 2131.52270027 1664.08529262 5652.75734565
 4533.97169467 2898.02856087 3967.10454281 2476.06324216 2084.47816638
 3651.01635944 3805.12781224 3342.0312027  1979.82609207 1618.86538093
 4079.57457632 3334.20179868 2994.34093249  523.11850833 3763.52504398
 2513.18663051 2625.49717647 4138.87385182 4339.23207387  749.20474083
 4175.565648   3614.59470865 3214.82680075 2604.81510735 3674.56591343
 3538.24167608 4558.24413406 2340.79830955 1546.85933532 4346.00073686
  853.52133144 3923.9392996  2725.33324739  637.16458452 3103.86717692
  692.70655796 1501.89202    4530.41940812 2547.14285857  929.7727834
 5478.03843887 2579.7242805  2233.48470999  738.67414698 2214.82307882]

The result for the 8th execution is
Time
11.54847764968872
Query Result
[3116. 3133. 3058. 3107. 3174. 3175. 3116. 3111. 2986. 3164. 3118. 3038.
 3209. 3155. 3259. 3239. 3117. 2979. 3003. 3192. 3209. 3208. 3036. 3062.
 3102. 2956. 3073. 3128. 3244. 3038. 3127. 3037. 3047. 3087. 3158. 3152.
 3036. 2994. 3101. 3226. 3025. 3152. 3089. 3001. 3036. 2980. 3028. 3210.
 3170. 3209.]
Noised Result
[3582.12867975 3335.58567638 2737.8695223   619.18517109 5067.34176552
 2418.76384721 3661.18908311 3806.2688923  3039.54001938 3088.25756942
 2898.5970301  3440.22939027 2505.03569775 5161.81807826 3296.90576409
 4137.48961596 6923.17648343 4098.2870916  2309.89163397 3450.60508671
 3452.27177976 2490.08045908 2505.91529087 3464.93846245 3662.56135901
 1226.29555476 1559.74175385 4289.80528233 4364.2239552  4066.34433321
 1452.13018576 1274.20552236 3487.3057386  3161.28526748 6470.68278836
 2287.96494671 3621.72700757 2378.54100387 4554.26239166 3621.66491641
 3624.20110699 3561.43440168 4027.82651646 3866.99637431 2654.91315035
 5983.68934257 3210.02304973 3476.11301045 3447.60927275 3662.22014171]

The result for the 9th execution is
Time
24.47668433189392
Query Result
[3116. 3133. 3058. 3107. 3174. 3175. 3116. 3111. 2986. 3164. 3118. 3038.
 3209. 3155. 3259. 3239. 3117. 2979. 3003. 3192. 3209. 3208. 3036. 3062.
 3102. 2956. 3073. 3128. 3244. 3038. 3127. 3037. 3047. 3087. 3158. 3152.
 3036. 2994. 3101. 3226. 3025. 3152. 3089. 3001. 3036. 2980. 3028. 3210.
 3170. 3209.]
Noised Result
[3518.7762539  5303.5458286  3002.97208931 1375.1590944  3344.10739912
 3275.63385305 2578.49318342 3867.63149843 2074.21367878 2719.85585275
 3887.23528455 4271.07040225 1929.87870984 4238.92629512 3926.13761149
 1172.39403984 2465.82160539 2874.08752756 3285.63771308 3703.44814136
 3018.34232902 1440.69189762 1225.63083421 4071.03302022 3823.80554247
 2154.94811195 3066.81050897 1894.81199713 3119.24073982 4881.14406082
 4678.08585499 4305.2547707  1833.52015756 2892.46448387 3342.39934593
 4185.7094508  1773.41634306  685.64526238 3889.53765365 1437.52064273
 3823.41029537 3904.16870698 4031.57617454 4237.44408834 2977.91305607
 3759.78381495 5122.13678985 2560.59108738 3050.09132884 3810.57291558]

The result for the 10th execution is
Time
23.03776264190674
Query Result
[3116. 3133. 3058. 3107. 3174. 3175. 3116. 3111. 2986. 3164. 3118. 3038.
 3209. 3155. 3259. 3239. 3117. 2979. 3003. 3192. 3209. 3208. 3036. 3062.
 3102. 2956. 3073. 3128. 3244. 3038. 3127. 3037. 3047. 3087. 3158. 3152.
 3036. 2994. 3101. 3226. 3025. 3152. 3089. 3001. 3036. 2980. 3028. 3210.
 3170. 3209.]
Noised Result
[2665.85717509 3006.68527169 3491.03014261 1652.93652851 2182.62056883
 4427.5565243  2808.52921175 6625.94126253  988.60961083 2113.24052505
 2592.37196619 3335.45121491 3053.10970129 4557.87497502 2307.54652143
 4325.71651918 2677.49437294 2669.93714161 2894.67320082 1775.25211972
 3747.31056642 1344.84728188 1852.61539941 3694.32324019 7286.58624042
 3227.9005775  2536.31657272 2052.17113578 3035.38366076 3453.68957196
 2598.56766238 2465.2883659  1012.35056031  357.1220824  2745.94023901
 4364.08733651 3466.28437983  185.13168656  845.55849706 2389.10219239
 2249.49865764 -473.98632147  229.66025152 3729.73089423 3831.36582233
 3267.19452696 1269.57988166 3732.78170154 3169.2487316  5269.73003423]

The result for the 11th execution is
Time
12.679418325424194
Query Result
[3116. 3133. 3058. 3107. 3174. 3175. 3116. 3111. 2986. 3164. 3118. 3038.
 3209. 3155. 3259. 3239. 3117. 2979. 3003. 3192. 3209. 3208. 3036. 3062.
 3102. 2956. 3073. 3128. 3244. 3038. 3127. 3037. 3047. 3087. 3158. 3152.
 3036. 2994. 3101. 3226. 3025. 3152. 3089. 3001. 3036. 2980. 3028. 3210.
 3170. 3209.]
Noised Result
[ 834.92259894 4735.27976919 2476.51092556 1007.419256   1203.8672282
 3736.10008752 3656.40849336 3851.24625947 3220.21521852 3661.5019581
 2105.64761471 4591.31809963 4864.57258316  467.96579789 3760.69690494
 3826.84260232 4612.87911901 5043.02835284 2910.01533176 5114.9891659
 4051.8657586  1559.45824728 2048.78083159 2986.70649832 2226.05715134
 3568.0349608  -919.73742579  217.41416968 2891.04568138 2527.94096184
 2525.42541985 4840.84500503 4062.21568777 -173.45936145 2213.46059226
 1830.48900423 3403.20069607 3724.04260065   54.26459231 3734.58056419
 1962.59012815 1656.70468031 3358.36323748 3675.95508535 3421.85062738
 2400.82696816 1627.84384055 2564.32863647 2127.3069281  2603.68175363]

The result for the 12th execution is
Time
23.669989585876465
Query Result
[3116. 3133. 3058. 3107. 3174. 3175. 3116. 3111. 2986. 3164. 3118. 3038.
 3209. 3155. 3259. 3239. 3117. 2979. 3003. 3192. 3209. 3208. 3036. 3062.
 3102. 2956. 3073. 3128. 3244. 3038. 3127. 3037. 3047. 3087. 3158. 3152.
 3036. 2994. 3101. 3226. 3025. 3152. 3089. 3001. 3036. 2980. 3028. 3210.
 3170. 3209.]
Noised Result
[2058.17567068 1056.40513046 1705.3542012  2764.22396808 4552.99594384
 3334.89145911 4741.8529143  4060.31930708 2946.16376406 3708.70566695
 1489.99171476 3341.29143841  -39.51716764 4807.98081936 6449.04518888
 1527.15556386 -234.22456058 5792.59898298 2184.31484102 1728.36918385
 3519.44743926 2424.58596595 -245.84760313 4000.45256115 1489.44009961
 3156.88558681  323.97091601  933.37386314 2892.13249919 2651.21181804
 4612.79365726 -324.16258476 4619.09131668 3137.21306215 2478.58268328
 3505.19543895  537.00336326 3266.87885455 2063.49219394 3779.73071422
 1448.37011468  608.7254589  4843.25624085 5250.04542656 3365.38816732
 1507.14487546 3833.64279935 4793.3631769  3919.81736566  160.34970545]

The result for the 13th execution is
Time
23.662771224975586
Query Result
[3116. 3133. 3058. 3107. 3174. 3175. 3116. 3111. 2986. 3164. 3118. 3038.
 3209. 3155. 3259. 3239. 3117. 2979. 3003. 3192. 3209. 3208. 3036. 3062.
 3102. 2956. 3073. 3128. 3244. 3038. 3127. 3037. 3047. 3087. 3158. 3152.
 3036. 2994. 3101. 3226. 3025. 3152. 3089. 3001. 3036. 2980. 3028. 3210.
 3170. 3209.]
Noised Result
[3162.47072713 4142.34658497 -970.75422444 3598.313987   1160.29700733
 3467.20257711 4523.53708873 3534.80253587 4737.88995359 3356.76129627
 5859.45230492 2619.20111778 4393.76067719 3249.0756783  2510.82771939
 2912.71471824 2483.51493158 3375.23372658 1432.73927294 3569.21495116
 3350.93267191 4876.48789635 4348.42760122 2229.34378125 3355.82286237
 3890.03278801 3547.95450229 2143.72564479 4424.50138725 3243.70212553
  353.14215564 2596.94115656 4260.44345887 2749.00062433 6224.35750367
 3545.06577179 3668.74243004 3455.58643356 1447.42113082 4517.79678373
 1482.6116706  2479.36430388 3043.03821058 1206.5481752  1272.42856662
 1420.33661126 2787.67272664 1138.79233068 3151.01786675  473.58027642]

The result for the 14th execution is
Time
23.889054775238037
Query Result
[3116. 3133. 3058. 3107. 3174. 3175. 3116. 3111. 2986. 3164. 3118. 3038.
 3209. 3155. 3259. 3239. 3117. 2979. 3003. 3192. 3209. 3208. 3036. 3062.
 3102. 2956. 3073. 3128. 3244. 3038. 3127. 3037. 3047. 3087. 3158. 3152.
 3036. 2994. 3101. 3226. 3025. 3152. 3089. 3001. 3036. 2980. 3028. 3210.
 3170. 3209.]
Noised Result
[3749.26572836 5531.40049523 3956.70706701 1929.70952109 3398.32509794
 2660.53409809 2416.22278882 3125.62185958 3294.78425732 3908.54377416
 3296.52806528 2466.20089976 3515.56844363 3647.8597791  1941.64710385
  916.73673195 5316.83433217 4493.23032951 2857.49364801 2120.00157423
 4257.29485698 4547.49085515 2694.14632509 4762.56183624 4873.29961036
 2874.37411203 2692.11480668 4011.82688398 5003.70228508 3172.01633497
 2525.8952229  2479.85614003 3367.51065175 2317.37009271 4490.83475735
 3973.35004806 1327.97113595 3045.44391993 2317.85544864 3075.06230268
 1823.95309416 2195.12057789 5063.43861671 1920.22564117 4606.0122887
 3049.78419679 3613.81767114 4624.34079424 3908.76150498 1719.97050493]

The result for the 15th execution is
Time
23.352071046829224
Query Result
[3116. 3133. 3058. 3107. 3174. 3175. 3116. 3111. 2986. 3164. 3118. 3038.
 3209. 3155. 3259. 3239. 3117. 2979. 3003. 3192. 3209. 3208. 3036. 3062.
 3102. 2956. 3073. 3128. 3244. 3038. 3127. 3037. 3047. 3087. 3158. 3152.
 3036. 2994. 3101. 3226. 3025. 3152. 3089. 3001. 3036. 2980. 3028. 3210.
 3170. 3209.]
Noised Result
[ 4524.54853177  4630.30383527  1358.67080247  5367.94636779
  3558.71397443  3507.63186169  2202.53595419  2421.56787814
  2041.51369625   497.99948673  3293.0621945   2958.04106571
 -2278.65714825  4566.70542761  1457.02714657  4346.74740503
  4833.46728355  1499.67992253  -500.07134293  5212.989847
  2459.01997027  3021.32962185  3705.89596859  1140.44234514
  2079.37014646   397.85262765  3830.13519188  1571.33935161
  2684.25236796  4047.95940468  3577.94694495  -104.60788344
  4307.55544711  3602.13701511  3425.94448566  3419.83025292
  2323.34741086  4546.0942353   -138.9176486   4591.61220103
  1839.09267462  3531.42073918  1920.01067129  3507.19141222
  2667.06552069   969.14853946  3577.89303148  4012.45815465
  4285.2941285   3727.52089448]

The result for the 16th execution is
Time
24.10153865814209
Query Result
[3116. 3133. 3058. 3107. 3174. 3175. 3116. 3111. 2986. 3164. 3118. 3038.
 3209. 3155. 3259. 3239. 3117. 2979. 3003. 3192. 3209. 3208. 3036. 3062.
 3102. 2956. 3073. 3128. 3244. 3038. 3127. 3037. 3047. 3087. 3158. 3152.
 3036. 2994. 3101. 3226. 3025. 3152. 3089. 3001. 3036. 2980. 3028. 3210.
 3170. 3209.]
Noised Result
[2208.57884396 2621.22931466 3619.49613481 4604.12643543 3982.38180559
 3496.94002182 3234.94558617 3091.2550899  3513.6174814  2287.71919387
 1436.50380963 3457.83634098 3752.15091128 3415.87835974 1274.25555492
 2871.9385381  3415.50082438 1602.6367286  2972.72312261 1433.5169931
 2567.91838636 1358.71247509  951.57414157 1844.97366543 3571.56695521
 2249.13316932 3229.56159694 1476.53463484 3715.09549502 2714.70203723
 2650.32465499 2383.41414194 2804.77821525 1853.8864729  2493.04622019
 2659.15464535 3219.0237154  2265.46432365 1879.97301499 4004.62225464
 3226.76157489 4148.07238087 4453.22282277 2633.18400781 1055.60568326
 3595.80512657 3463.64919829 3167.23148219 3293.76113506 2224.97476445]

The result for the 17th execution is
Time
12.256651878356934
Query Result
[3116. 3133. 3058. 3107. 3174. 3175. 3116. 3111. 2986. 3164. 3118. 3038.
 3209. 3155. 3259. 3239. 3117. 2979. 3003. 3192. 3209. 3208. 3036. 3062.
 3102. 2956. 3073. 3128. 3244. 3038. 3127. 3037. 3047. 3087. 3158. 3152.
 3036. 2994. 3101. 3226. 3025. 3152. 3089. 3001. 3036. 2980. 3028. 3210.
 3170. 3209.]
Noised Result
[2356.99237667 3060.20234342 3877.80169259 3205.07960938 2858.52717225
 2118.0620601   830.62567861 1416.53678252 3473.37635057 3004.07785979
 3336.7478973  3855.6390082  2832.13063266 4223.42155661 2283.882386
 4225.76072294 3706.1184849  2930.07911038 3662.84522605 3295.71088946
 3627.56454717 4630.1883603  4749.37673289 2106.40355134 3741.57352959
 2118.6627032  3485.98309223 2680.45965904 2649.71055568 4423.90804256
 4034.87081977 3432.30161935 1810.00351325 3074.22680203 3114.23855174
 1708.14053081 1651.21072072 3286.24573019 4175.89849294 3837.60867792
 1782.98018967 2346.01014778 5089.00975396 5357.91544454 4863.7187422
 4032.97974435 3134.62517844 2602.70569273 3397.24317763 3854.86848038]

The result for the 18th execution is
Time
12.074853897094727
Query Result
[3116. 3133. 3058. 3107. 3174. 3175. 3116. 3111. 2986. 3164. 3118. 3038.
 3209. 3155. 3259. 3239. 3117. 2979. 3003. 3192. 3209. 3208. 3036. 3062.
 3102. 2956. 3073. 3128. 3244. 3038. 3127. 3037. 3047. 3087. 3158. 3152.
 3036. 2994. 3101. 3226. 3025. 3152. 3089. 3001. 3036. 2980. 3028. 3210.
 3170. 3209.]
Noised Result
[ 269.33044977 1840.00357899 2884.62378491 3291.0265753  3007.91680284
 1124.61023322  740.70253571  688.41008959 1083.75464058 1000.38344736
  972.35573327 1000.02891489 4920.9818672  5938.73654867 6364.05374091
 3792.73703715 1521.65246947  947.39091837 6518.85812534  604.01236296
  910.07770359 3342.50384766 2072.53470949 2194.01355095 3986.89355338
 1497.55257049 1880.98011493  682.11006689 2178.89742383 5915.78912339
 -278.68637497 5012.34731573 3939.70096928 4975.39083206  362.01348895
 3524.65606032 3942.91621912 4041.09403153 3938.05784131 -846.30903353
 2887.89378424 1215.55962713 2434.52618908 4661.78718967 1477.25122673
  752.51117727 2145.12582049 3409.53378347 5826.15800328 1193.98794757]

The result for the 19th execution is
Time
23.11349630355835
Query Result
[3116. 3133. 3058. 3107. 3174. 3175. 3116. 3111. 2986. 3164. 3118. 3038.
 3209. 3155. 3259. 3239. 3117. 2979. 3003. 3192. 3209. 3208. 3036. 3062.
 3102. 2956. 3073. 3128. 3244. 3038. 3127. 3037. 3047. 3087. 3158. 3152.
 3036. 2994. 3101. 3226. 3025. 3152. 3089. 3001. 3036. 2980. 3028. 3210.
 3170. 3209.]
Noised Result
[3038.69635334 1990.15362374 3836.36412088  996.28198483 3351.60558276
 4420.30370283 3175.01769528 4758.71375697 2457.509779   3008.26282578
 2189.00148091 4745.48727601 1884.03184412 2949.65855418 2647.17995555
 3532.71410498 3914.95463877 2522.22582061 1761.6276286  3845.96646313
 3599.66769119 2981.26364536 3462.54348018 4143.04408313 4770.69710284
 2717.97799845 1153.27898079 3816.90578511 3818.49797922 5352.04099431
 1961.73671472 3807.18436074 4114.78470226 2989.69351838 2729.15768936
 3044.84609292 2681.33217082 3049.84191866 4420.42405535 3315.37658101
 3268.10178242  313.29165405 3574.49543229 5015.96415897 3367.37315392
 1947.49074765 2235.46116117 4100.08968395 2492.74081474 2579.38355054]

