The result for the 0th execution is
Time
6.595545291900635
Query Result
[36031.7823176 49617.5850107 44785.2879396 52519.7666347 41404.5831722
 30252.7206278 34369.7690923 43846.3547746 35577.9657414 41439.1378526
 31918.0852531 41248.6390858 44089.3442638 50239.8534768 41942.3321398
 29264.2044976 37622.8053879 42551.344564  30693.5028567 58822.7147228
 43344.4691436 38256.7966358 37211.5953737 47077.8695891 40946.2602582]
Noised Result
[-369034.43166169  -71139.04542265 -242024.03079586  391810.96307344
 -771228.05965909  969896.52240997  -95811.2744401  -103872.46614631
  250273.54048756   70792.80671689  -96101.87951211 -375474.85316677
   41733.95142561  540287.53177808   -5351.34030104 -506518.44114204
  121686.53176194 -325735.15359966 -347792.1468121  1009137.2274433
   51707.29368465  836181.12242746 -279977.81452179  198836.03734439
  701558.82322642]

The result for the 1th execution is
Time
7.2988362312316895
Query Result
[36031.7823176 49617.5850107 44785.2879396 52519.7666347 41404.5831722
 30252.7206278 34369.7690923 43846.3547746 35577.9657414 41439.1378526
 31918.0852531 41248.6390858 44089.3442638 50239.8534768 41942.3321398
 29264.2044976 37622.8053879 42551.344564  30693.5028567 58822.7147228
 43344.4691436 38256.7966358 37211.5953737 47077.8695891 40946.2602582]
Noised Result
[-234933.94148449 -637922.09745154   29526.33201038   53912.76624863
 -152946.15095856  594964.51297029 -501137.37729509  714424.34154276
 -210958.04736687   -3134.517006    -93918.49544607  745486.36299259
  730608.21265343  361855.59332986  560064.81736391 -540007.41807456
  337527.32320696 -303942.22819154  583729.21073871  628025.1583316
 -757848.90543831 -305779.14089482   27568.59804541  594288.64616135
 -414828.49066105]

The result for the 2th execution is
Time
7.235581398010254
Query Result
[36031.7823176 49617.5850107 44785.2879396 52519.7666347 41404.5831722
 30252.7206278 34369.7690923 43846.3547746 35577.9657414 41439.1378526
 31918.0852531 41248.6390858 44089.3442638 50239.8534768 41942.3321398
 29264.2044976 37622.8053879 42551.344564  30693.5028567 58822.7147228
 43344.4691436 38256.7966358 37211.5953737 47077.8695891 40946.2602582]
Noised Result
[-864579.39267801  447654.03779258 -165059.43587505 -710530.89407663
  763285.60549797  -40604.38558526  352822.78765656 -592214.0207782
  520561.46529142 -858157.47617352  -13463.75896352  179491.59526647
 -736245.42772784   66963.09822595 -402373.06308278 1288893.26936756
  407601.08765111  147152.37530918   50032.60355808 -798449.31662654
  482607.39705391 -687913.54583923  192066.94884157  451311.67564772
  -91251.97452442]

The result for the 3th execution is
Time
7.14643931388855
Query Result
[36031.7823176 49617.5850107 44785.2879396 52519.7666347 41404.5831722
 30252.7206278 34369.7690923 43846.3547746 35577.9657414 41439.1378526
 31918.0852531 41248.6390858 44089.3442638 50239.8534768 41942.3321398
 29264.2044976 37622.8053879 42551.344564  30693.5028567 58822.7147228
 43344.4691436 38256.7966358 37211.5953737 47077.8695891 40946.2602582]
Noised Result
[-425720.99738453 -119771.43110299 -149929.53237964 -719537.27804012
   48441.19730197 -142578.88434669  213302.79503004  166143.15053301
 -648514.54000225 -887691.68013332  210942.99617655 -124078.26767007
  488517.64275989 -500540.58563805  531663.8864343   760390.83662259
  533534.214371    570407.92274714 -694271.67272239 -277942.60038419
  995720.93631663  822769.52936913 -218523.04173202  476296.57100922
  481435.39432582]

The result for the 4th execution is
Time
6.561065673828125
Query Result
[36031.7823176 49617.5850107 44785.2879396 52519.7666347 41404.5831722
 30252.7206278 34369.7690923 43846.3547746 35577.9657414 41439.1378526
 31918.0852531 41248.6390858 44089.3442638 50239.8534768 41942.3321398
 29264.2044976 37622.8053879 42551.344564  30693.5028567 58822.7147228
 43344.4691436 38256.7966358 37211.5953737 47077.8695891 40946.2602582]
Noised Result
[1298992.14722348  481598.46691425  581320.70604004 -110973.16630794
  131424.83998713  703403.04468767  604538.47628075   78934.41187193
  450804.391796   -591352.37608886  803727.05754504  545522.34726307
  698799.71419282  695072.29626328  437085.04579514 -119716.04060499
  417346.38843369 1022574.3975117    28581.36195558  778579.59509073
 -211133.45752286 -206778.7868453   184685.82196708 -287278.37794288
 -348289.5398546 ]

The result for the 5th execution is
Time
7.3163206577301025
Query Result
[36031.7823176 49617.5850107 44785.2879396 52519.7666347 41404.5831722
 30252.7206278 34369.7690923 43846.3547746 35577.9657414 41439.1378526
 31918.0852531 41248.6390858 44089.3442638 50239.8534768 41942.3321398
 29264.2044976 37622.8053879 42551.344564  30693.5028567 58822.7147228
 43344.4691436 38256.7966358 37211.5953737 47077.8695891 40946.2602582]
Noised Result
[  510635.75164725   196738.61193672   108061.11929782   135082.46235196
  -458953.81574228   405406.53154204  -461896.06312679    92112.30271774
  -160167.71212284  1035728.40912766  -111321.83170848   805001.9040866
  -612343.41222676   122842.2049298    582621.02984087   700062.40229851
 -1204546.47969577  -439514.85686078   -45515.00766465   515230.28347774
   913583.90161047  -696795.97845141 -1114091.73738579    86645.68609428
   581557.11494935]

The result for the 6th execution is
Time
6.590365171432495
Query Result
[36031.7823176 49617.5850107 44785.2879396 52519.7666347 41404.5831722
 30252.7206278 34369.7690923 43846.3547746 35577.9657414 41439.1378526
 31918.0852531 41248.6390858 44089.3442638 50239.8534768 41942.3321398
 29264.2044976 37622.8053879 42551.344564  30693.5028567 58822.7147228
 43344.4691436 38256.7966358 37211.5953737 47077.8695891 40946.2602582]
Noised Result
[ -467421.97544228   432721.34739675     7654.97128076   335870.13840055
   -61457.21320538   598746.8754596  -1190272.66182442   422870.08101732
  -132115.1490483    285514.67295318  -112878.05739436   339103.92790248
  -498039.65344259   202843.1696523    180035.22339473  -183852.84162727
  -211576.80486444   239621.77754595   217926.44109729   503188.39959987
   584829.41360434   548106.82104435   211387.28538059    44672.26694761
   143636.00159565]

The result for the 7th execution is
Time
7.261819124221802
Query Result
[36031.7823176 49617.5850107 44785.2879396 52519.7666347 41404.5831722
 30252.7206278 34369.7690923 43846.3547746 35577.9657414 41439.1378526
 31918.0852531 41248.6390858 44089.3442638 50239.8534768 41942.3321398
 29264.2044976 37622.8053879 42551.344564  30693.5028567 58822.7147228
 43344.4691436 38256.7966358 37211.5953737 47077.8695891 40946.2602582]
Noised Result
[ 1408617.90689081    46238.54306794   260379.45231007   374187.94884601
    27652.81735272   147202.14856418   527760.60238506  -775232.18395233
   189148.24554398     9969.16734107 -1042939.69373578  -108169.43794767
  -196150.09119254   -65445.74636927   112090.18392633    47649.55672805
   975340.45575954   820427.08912024   284076.58845683   572427.4917869
  -479542.26360772  -205098.85167406   355290.31188475  -415588.27582378
  -718707.65540611]

The result for the 8th execution is
Time
3.6065804958343506
Query Result
[36031.7823176 49617.5850107 44785.2879396 52519.7666347 41404.5831722
 30252.7206278 34369.7690923 43846.3547746 35577.9657414 41439.1378526
 31918.0852531 41248.6390858 44089.3442638 50239.8534768 41942.3321398
 29264.2044976 37622.8053879 42551.344564  30693.5028567 58822.7147228
 43344.4691436 38256.7966358 37211.5953737 47077.8695891 40946.2602582]
Noised Result
[ -130158.01585952  -977856.66543993   203419.08056159  -516648.48861153
   622333.42264989  1331728.16003057  -728714.32618357    23237.43861862
  -580740.520943     -46576.0784737    828984.99884467  -496105.58508446
   211620.21163777 -1037173.1914128    238009.57374367  -678367.95314971
   233271.66974675  -233726.22133212  -110706.20300378 -1316670.56702612
    58788.31935447   476360.27446688    65847.57952375    21264.05309297
  -763798.54623494]

The result for the 9th execution is
Time
6.903399467468262
Query Result
[36031.7823176 49617.5850107 44785.2879396 52519.7666347 41404.5831722
 30252.7206278 34369.7690923 43846.3547746 35577.9657414 41439.1378526
 31918.0852531 41248.6390858 44089.3442638 50239.8534768 41942.3321398
 29264.2044976 37622.8053879 42551.344564  30693.5028567 58822.7147228
 43344.4691436 38256.7966358 37211.5953737 47077.8695891 40946.2602582]
Noised Result
[ 709479.91199171  565953.20586228  191761.70489427  -92540.78370422
  130811.47884523 -569396.38951092 -248771.46980004  620658.22651565
  336728.75742311   49526.02908849  348969.79045514 -258134.3450418
 1716938.40817139 -139529.55188831  318494.14165348  866819.74824022
  464889.8999509   107473.38324369  256685.44792166 -550629.03571993
 1213086.29120752 -116231.42567171  -91705.66785361 -217184.17704844
 -733475.76735552]

The result for the 10th execution is
Time
7.266752481460571
Query Result
[36031.7823176 49617.5850107 44785.2879396 52519.7666347 41404.5831722
 30252.7206278 34369.7690923 43846.3547746 35577.9657414 41439.1378526
 31918.0852531 41248.6390858 44089.3442638 50239.8534768 41942.3321398
 29264.2044976 37622.8053879 42551.344564  30693.5028567 58822.7147228
 43344.4691436 38256.7966358 37211.5953737 47077.8695891 40946.2602582]
Noised Result
[ 714784.76026001  136524.54477599  333023.12865323 -376629.76332498
  627693.72776914  -44297.5202018  -156987.00925668 -340532.27057573
 1139516.62669765 -749956.36907737 -174982.22665259  523235.46128992
  293187.65863095  315510.29804766 -670899.08968889 -401408.57218305
 -731755.85598141 -376943.49598216  564394.54867764 -260174.25165824
   50262.78295216 -341900.77004997 -446592.6153996   285897.69290288
  354493.55371405]

The result for the 11th execution is
Time
7.1672515869140625
Query Result
[36031.7823176 49617.5850107 44785.2879396 52519.7666347 41404.5831722
 30252.7206278 34369.7690923 43846.3547746 35577.9657414 41439.1378526
 31918.0852531 41248.6390858 44089.3442638 50239.8534768 41942.3321398
 29264.2044976 37622.8053879 42551.344564  30693.5028567 58822.7147228
 43344.4691436 38256.7966358 37211.5953737 47077.8695891 40946.2602582]
Noised Result
[ -85763.57565022  398778.92581896  798539.52904752  833725.66347931
  335998.04255172 -784818.11867707 -190625.45500725  348974.40903907
   46514.85880993  460889.32593399 1117508.64444325 -141565.54768186
  233543.05033638 -801451.05779972  582908.21392185  586506.7043708
  268984.64906577  620099.57889953   34462.01744806  250616.29934875
 -119292.57895455 1348189.58470804 -307418.24300178  230500.80636156
  251408.36252764]

The result for the 12th execution is
Time
7.358164310455322
Query Result
[36031.7823176 49617.5850107 44785.2879396 52519.7666347 41404.5831722
 30252.7206278 34369.7690923 43846.3547746 35577.9657414 41439.1378526
 31918.0852531 41248.6390858 44089.3442638 50239.8534768 41942.3321398
 29264.2044976 37622.8053879 42551.344564  30693.5028567 58822.7147228
 43344.4691436 38256.7966358 37211.5953737 47077.8695891 40946.2602582]
Noised Result
[  -43909.21254193   524724.50177925   563211.71562358   427287.68481695
   809556.92602024   317750.06844402  -312860.39349933  -702449.67641172
  -578082.67318994   351899.2183373  -1150042.96814659   -54205.32525618
  -207678.84135014   144676.45863396    17958.08533917   605054.63356899
   283794.69345474   416713.46809709  -570500.63581887   349982.97674462
  1430438.0422642    487561.55089969  -102518.48341062   229128.58366599
    52114.91280227]

The result for the 13th execution is
Time
7.112931489944458
Query Result
[36031.7823176 49617.5850107 44785.2879396 52519.7666347 41404.5831722
 30252.7206278 34369.7690923 43846.3547746 35577.9657414 41439.1378526
 31918.0852531 41248.6390858 44089.3442638 50239.8534768 41942.3321398
 29264.2044976 37622.8053879 42551.344564  30693.5028567 58822.7147228
 43344.4691436 38256.7966358 37211.5953737 47077.8695891 40946.2602582]
Noised Result
[-465984.8728015   782733.11053971 -124797.23104389 -286639.82101012
 -272559.05657153  533336.49906987 -146337.3546339    52737.73945925
 -597429.06598511  733960.93909785  426735.16473264  552849.0873488
  897195.55812517 -536497.45395374 -630859.52527764  179022.47428809
 -215636.36264298 -294818.85387317  422423.66235256 -375674.15229098
   15397.53586826  190563.71466011 -292493.03543866 1108789.75449976
 -332562.58238047]

The result for the 14th execution is
Time
7.127538204193115
Query Result
[36031.7823176 49617.5850107 44785.2879396 52519.7666347 41404.5831722
 30252.7206278 34369.7690923 43846.3547746 35577.9657414 41439.1378526
 31918.0852531 41248.6390858 44089.3442638 50239.8534768 41942.3321398
 29264.2044976 37622.8053879 42551.344564  30693.5028567 58822.7147228
 43344.4691436 38256.7966358 37211.5953737 47077.8695891 40946.2602582]
Noised Result
[ 2233654.59308621   387812.92798294 -1466773.25747767   431381.02155892
  -507384.89429143   -92469.62112833  -514367.50282327 -2307634.32773598
   759963.63737141   611830.54400888  1844712.09993608  1096941.13825058
  1286528.09558697  -299514.78796425   -24579.3453572   1664790.44245643
   637298.0550362  -1057236.95932112  1141279.87802237  -646264.39936075
  -657713.57602488  -533804.9017085   -811517.249284    1239179.48142151
   711036.39928707]

The result for the 15th execution is
Time
6.623806715011597
Query Result
[36031.7823176 49617.5850107 44785.2879396 52519.7666347 41404.5831722
 30252.7206278 34369.7690923 43846.3547746 35577.9657414 41439.1378526
 31918.0852531 41248.6390858 44089.3442638 50239.8534768 41942.3321398
 29264.2044976 37622.8053879 42551.344564  30693.5028567 58822.7147228
 43344.4691436 38256.7966358 37211.5953737 47077.8695891 40946.2602582]
Noised Result
[  105131.97630977   271163.772712    -718422.53244194   870909.48863939
 -1022102.48765075  -125204.31409573   -20034.3572015   -248794.46171452
   488117.69726247   -60708.54816573   -95416.89614898  -522985.41252095
  -241022.77231096  -525194.04280387   412267.21930395   692478.44212847
    99530.06516146 -1254017.45077937   232271.98944327    11644.22457694
   332547.06439102  -598963.58219159   511036.07995662   279008.44430689
  -177888.03937412]

The result for the 16th execution is
Time
7.229007720947266
Query Result
[36031.7823176 49617.5850107 44785.2879396 52519.7666347 41404.5831722
 30252.7206278 34369.7690923 43846.3547746 35577.9657414 41439.1378526
 31918.0852531 41248.6390858 44089.3442638 50239.8534768 41942.3321398
 29264.2044976 37622.8053879 42551.344564  30693.5028567 58822.7147228
 43344.4691436 38256.7966358 37211.5953737 47077.8695891 40946.2602582]
Noised Result
[  43209.19051812  510879.89054859  127548.91976442 -539254.29208681
  433433.73300445  140596.65109418  824511.55548618  838691.90785502
 1306981.7292673  -644468.37881731 -184376.01292717  882098.32513137
 -161315.56663098 -572242.53021674  123455.21189989  180931.31793245
   96404.36251299  238558.24389215 -117359.06333978  387232.06919235
  105229.25677871 -309650.92699224  777373.31328316 -806436.61724158
 -993001.9536221 ]

The result for the 17th execution is
Time
6.558122158050537
Query Result
[36031.7823176 49617.5850107 44785.2879396 52519.7666347 41404.5831722
 30252.7206278 34369.7690923 43846.3547746 35577.9657414 41439.1378526
 31918.0852531 41248.6390858 44089.3442638 50239.8534768 41942.3321398
 29264.2044976 37622.8053879 42551.344564  30693.5028567 58822.7147228
 43344.4691436 38256.7966358 37211.5953737 47077.8695891 40946.2602582]
Noised Result
[  751318.70225476   967435.01116495  -530085.26372392  -270084.40204989
  -517716.46617807   306368.86935879   540165.65588391  -174809.55722112
  -316273.90450114    53596.21535927   380999.83113094   -66429.89007125
  1246819.16136643  -972781.24940454  -500261.56059591  -565253.66051382
    34642.11708495   -12667.28571394     2775.37786286   315772.84662475
   -88020.77748987   297419.51248553  -163005.5931181   -338593.03897226
 -1068513.42493407]

The result for the 18th execution is
Time
6.627840518951416
Query Result
[36031.7823176 49617.5850107 44785.2879396 52519.7666347 41404.5831722
 30252.7206278 34369.7690923 43846.3547746 35577.9657414 41439.1378526
 31918.0852531 41248.6390858 44089.3442638 50239.8534768 41942.3321398
 29264.2044976 37622.8053879 42551.344564  30693.5028567 58822.7147228
 43344.4691436 38256.7966358 37211.5953737 47077.8695891 40946.2602582]
Noised Result
[-125589.51191665   12459.22850811   26372.33144253   93319.15031004
  555215.74044426  284685.69875424 -344175.89490817  218336.26740998
 -190667.23145794 -797849.80700099  151011.91965133   15247.92890461
   41360.32096163  430358.8196373   465766.47945994 -318501.20988874
  322372.016646   -499992.76195439  261486.44403856 -756570.22305836
 -252140.57476083  -60527.85575263 -657909.53762773  -16453.28357078
 -538791.7032548 ]

The result for the 19th execution is
Time
6.450784206390381
Query Result
[36031.7823176 49617.5850107 44785.2879396 52519.7666347 41404.5831722
 30252.7206278 34369.7690923 43846.3547746 35577.9657414 41439.1378526
 31918.0852531 41248.6390858 44089.3442638 50239.8534768 41942.3321398
 29264.2044976 37622.8053879 42551.344564  30693.5028567 58822.7147228
 43344.4691436 38256.7966358 37211.5953737 47077.8695891 40946.2602582]
Noised Result
[ 1511412.66125242  -930882.4342321    477805.87801205   514949.58522334
  -604403.46265658 -1997007.06355977  1630480.08411513   -75566.69144327
   890313.04795465   127774.18829154 -1121421.31549005  -966253.81803751
  -718016.58757652 -2459494.29053049 -1332442.18112937   897035.18152476
 -1303185.28008725   719840.42886915  1851903.7615219   -726724.40025661
   -57702.96640151    17199.44922188 -2090595.49772793   118027.25315206
  2384123.50124922]

