The result for the 0th execution is
Time
35.7572922706604
Query Result
[11529. 11740. 11705. 11608. 11876. 11623. 11845. 12073. 11624. 11787.
 12077. 12321. 11792. 11585. 11717. 11515. 11887. 11941. 11730. 11993.
 11999. 11915. 11600. 11453. 11820.]
Noised Result
[13819.48485208 12921.66016602  8103.93964046 11275.1642043
 11174.36124339 12120.18505485 11143.39179066 12188.83027652
 11333.66489864 12230.96047608 12891.07746197 13325.11717143
 13055.04333032 11682.8806465  10201.21739605 11270.40735901
 11163.06715729 11340.52760546 13184.5854489  11054.43423966
 13999.35800946 10850.3079045  14551.82270902 12516.98353763
 11460.16134335]

The result for the 1th execution is
Time
35.632455348968506
Query Result
[11529. 11740. 11705. 11608. 11876. 11623. 11845. 12073. 11624. 11787.
 12077. 12321. 11792. 11585. 11717. 11515. 11887. 11941. 11730. 11993.
 11999. 11915. 11600. 11453. 11820.]
Noised Result
[ 9014.03168948  9869.46249377 11652.9550935   7958.39643411
 12051.86780652 14596.83190366 11579.83591652 10894.20690898
 10563.39283626 11728.16679302 10210.01335879 10860.20956359
 12188.8079653  12872.30592575 14065.99498847 13210.51496092
 14397.01062121 12214.01714573 12475.12416018 13956.27560305
 12542.73536451 12646.52328549 11144.54285727 12692.39269427
 11390.36501032]

The result for the 2th execution is
Time
19.55919861793518
Query Result
[11529. 11740. 11705. 11608. 11876. 11623. 11845. 12073. 11624. 11787.
 12077. 12321. 11792. 11585. 11717. 11515. 11887. 11941. 11730. 11993.
 11999. 11915. 11600. 11453. 11820.]
Noised Result
[12974.16199597 12271.04051915 13534.41282563 11314.04782769
 13261.92170083 12965.69732705 11901.38257133 13224.12435359
 12436.50249669 12866.69639785 11972.90321681 11641.55099816
 11416.07265674 12893.76448924 13454.6894516  12929.84915661
 11647.40253241 12014.60786784 10967.36325258 11829.19605228
 11414.20578087 10276.62241536 11187.3180116  10613.84838737
 13814.57947929]

The result for the 3th execution is
Time
36.299418687820435
Query Result
[11529. 11740. 11705. 11608. 11876. 11623. 11845. 12073. 11624. 11787.
 12077. 12321. 11792. 11585. 11717. 11515. 11887. 11941. 11730. 11993.
 11999. 11915. 11600. 11453. 11820.]
Noised Result
[11673.65684857 10674.32398484 12803.7075699  13968.58473284
 11909.45328013 11791.8406418  11626.20782321 14612.27558988
  9689.32630334  9576.82607612 12213.97766308 14393.94404171
 14737.31413133 11765.07894374 11466.29265341 11303.63983694
 10167.79856884 11354.87084567 10881.02932435 15073.85994764
 12812.42208802 13258.90158288 12167.82675014  8956.34398033
 11690.54912082]

The result for the 4th execution is
Time
18.492090225219727
Query Result
[11529. 11740. 11705. 11608. 11876. 11623. 11845. 12073. 11624. 11787.
 12077. 12321. 11792. 11585. 11717. 11515. 11887. 11941. 11730. 11993.
 11999. 11915. 11600. 11453. 11820.]
Noised Result
[ 5484.97029577  5897.62678202  8985.86501789 15191.80056904
  9029.03780961 -5131.86091116  3537.52738022  4637.08860193
 16505.48175886 10625.30998599 14261.78649805  8169.97954669
 14359.82069906    71.04519504 19130.91389869 10175.73056768
 18791.35382711 -5134.80229168 17794.6595031  22398.96927228
   405.78233248  9652.78545092 18838.13654336  8989.88362587
 16373.25536019]

The result for the 5th execution is
Time
36.45209360122681
Query Result
[11529. 11740. 11705. 11608. 11876. 11623. 11845. 12073. 11624. 11787.
 12077. 12321. 11792. 11585. 11717. 11515. 11887. 11941. 11730. 11993.
 11999. 11915. 11600. 11453. 11820.]
Noised Result
[10756.99123259 11875.49358268  9368.30881719 11244.7362191
 11167.39239984 11277.71736632 10695.75019173 12819.0713139
 12023.52735105 11908.11995992  7767.42070803 12874.60618493
 11773.10335787 12809.54913887 11844.63238729 10424.83891701
 13103.75328674 10665.27089374 12340.70292027 10498.85065503
 13016.92299015 14888.78038657 14382.58890501 10667.42042918
 14145.08185307]

The result for the 6th execution is
Time
37.034016609191895
Query Result
[11529. 11740. 11705. 11608. 11876. 11623. 11845. 12073. 11624. 11787.
 12077. 12321. 11792. 11585. 11717. 11515. 11887. 11941. 11730. 11993.
 11999. 11915. 11600. 11453. 11820.]
Noised Result
[11428.16194095  7677.6388617  11745.61107298 12623.44399604
 12963.54478051 11744.867691   11209.32888894 11253.08441784
 10149.11957778 13749.28091038 11715.59291244  7490.47474406
  9149.73664337 10504.62675506 11214.95755419  9708.85448771
  9652.94379142 10809.48599111 10019.5997613  12227.94670423
 15061.75349109 10895.09529007 12717.82109767  9731.25951319
 12655.78720578]

The result for the 7th execution is
Time
37.56976079940796
Query Result
[11529. 11740. 11705. 11608. 11876. 11623. 11845. 12073. 11624. 11787.
 12077. 12321. 11792. 11585. 11717. 11515. 11887. 11941. 11730. 11993.
 11999. 11915. 11600. 11453. 11820.]
Noised Result
[12695.25853209 12019.32256657 12299.09952573 12548.98020084
 11842.86838199 12683.7760155  11179.42371652 11843.06561617
 13520.70041875 11617.355199   11790.69770674 13270.66902214
 10498.46156412 11596.75654083 11765.49848552 10450.72275915
 12730.40481383 11633.31286183 11700.53651058 10297.98274899
 12613.83843369 13565.17223649 11987.27787985 12541.60318954
 12109.99957504]

The result for the 8th execution is
Time
37.45200705528259
Query Result
[11529. 11740. 11705. 11608. 11876. 11623. 11845. 12073. 11624. 11787.
 12077. 12321. 11792. 11585. 11717. 11515. 11887. 11941. 11730. 11993.
 11999. 11915. 11600. 11453. 11820.]
Noised Result
[11228.75605128  9475.4043336  12264.73038945 10789.17620989
 11431.09097893 10988.36026053 11639.1906944  15119.85027373
 11967.93373678 11149.55475466 12235.63472631 12325.36085587
 11848.9308848  10624.55638752 11317.55770929  9727.26158347
 12473.8905156  12845.76960108 13218.98739522  9863.72299852
 11608.9328626  10608.78472896 14104.14111503 11034.37834825
 12295.10662305]

The result for the 9th execution is
Time
37.23857522010803
Query Result
[11529. 11740. 11705. 11608. 11876. 11623. 11845. 12073. 11624. 11787.
 12077. 12321. 11792. 11585. 11717. 11515. 11887. 11941. 11730. 11993.
 11999. 11915. 11600. 11453. 11820.]
Noised Result
[12244.68000305 11788.32578065 15172.65823757 12033.50186896
 11531.13679484 12098.51113218 11851.95577178 11230.02417194
  9860.30392556 12655.4855744  12590.54562726 10517.18915022
 13018.48352616 11463.4490643  13165.27259278 10657.17336667
 10735.50132738 13200.39047832 11794.20148837 12723.5757801
 13339.17504911 12100.07476678 12389.7400352  11272.09208294
  9200.30488193]

The result for the 10th execution is
Time
21.344053745269775
Query Result
[11529. 11740. 11705. 11608. 11876. 11623. 11845. 12073. 11624. 11787.
 12077. 12321. 11792. 11585. 11717. 11515. 11887. 11941. 11730. 11993.
 11999. 11915. 11600. 11453. 11820.]
Noised Result
[12784.52244291 10886.95679488  9179.87917549 10246.37374144
 12015.13580813 12467.85312078 11658.6956926  10822.93818941
 12072.47076574 15080.4727757  14971.55431397  9792.77946127
 14340.79755606 11072.24564498 10734.08483125 13038.90647622
 12221.12272516 13259.55357391 11378.70964372 16308.3471686
 11189.53719682 14057.38894239 11979.31667872  9315.19987984
 15863.07181741]

The result for the 11th execution is
Time
39.1479549407959
Query Result
[11529. 11740. 11705. 11608. 11876. 11623. 11845. 12073. 11624. 11787.
 12077. 12321. 11792. 11585. 11717. 11515. 11887. 11941. 11730. 11993.
 11999. 11915. 11600. 11453. 11820.]
Noised Result
[13274.29086284 13577.84041028 10725.29008711 10138.35568726
 11476.90582153 11463.26508435 11848.54691751 11063.16022977
 12436.98761792 11732.74023352 12188.55397771 10609.96565407
 11896.30882669 11737.27153011 11391.27950081 10148.71166757
 13850.07170348 11686.73856566 10231.65134937 14601.43425796
 13922.73148036 11545.47378207 10278.81433198 11650.6872666
 12734.52849711]

The result for the 12th execution is
Time
36.96286582946777
Query Result
[11529. 11740. 11705. 11608. 11876. 11623. 11845. 12073. 11624. 11787.
 12077. 12321. 11792. 11585. 11717. 11515. 11887. 11941. 11730. 11993.
 11999. 11915. 11600. 11453. 11820.]
Noised Result
[12904.56600703 12868.4342859  13267.53912866 12535.25110571
 11745.53160591 11135.01669683 11451.17324295 10698.81126354
 13211.36650202 10155.31422889 13164.25432834 12347.00823394
 11003.69968562 11121.81836218 11148.40357584  8714.58702826
 12572.24868909 11071.780454   11047.70863286 12086.74077352
 10768.30928402 10967.32344365 14033.4832587   9701.22257973
 12061.81886524]

The result for the 13th execution is
Time
35.89258790016174
Query Result
[11529. 11740. 11705. 11608. 11876. 11623. 11845. 12073. 11624. 11787.
 12077. 12321. 11792. 11585. 11717. 11515. 11887. 11941. 11730. 11993.
 11999. 11915. 11600. 11453. 11820.]
Noised Result
[ 9689.26642912 12892.81937477 13010.64839326 10023.24436707
 11600.18195509 13220.49132482  9842.35004218 12902.65763043
 10436.17453633 12285.56451315 11657.07451634 10299.40907071
 10747.42883567 11117.50728728 13416.77633318 10100.62715549
 10285.0145117  12473.99414596 11155.21437205  9664.40179578
 10489.0312406  10688.20010229 10767.95797848 12569.53054849
 11778.96454372]

The result for the 14th execution is
Time
34.43594479560852
Query Result
[11529. 11740. 11705. 11608. 11876. 11623. 11845. 12073. 11624. 11787.
 12077. 12321. 11792. 11585. 11717. 11515. 11887. 11941. 11730. 11993.
 11999. 11915. 11600. 11453. 11820.]
Noised Result
[11626.42449376 12434.09455927 12606.42384039 11802.85136298
 11463.0317283  13569.66745946  9899.24548409 11775.39841925
 11877.60044644 12891.02054632  7396.37581714 13830.84850184
 12013.04154009 10626.52157751 11981.55953531 11254.15822963
 12434.8570429  12034.1134603  11847.12745395 11399.20900303
 12176.55762889 10921.88559445 11678.79779953 11531.86116389
 13411.46686811]

The result for the 15th execution is
Time
18.306387662887573
Query Result
[11529. 11740. 11705. 11608. 11876. 11623. 11845. 12073. 11624. 11787.
 12077. 12321. 11792. 11585. 11717. 11515. 11887. 11941. 11730. 11993.
 11999. 11915. 11600. 11453. 11820.]
Noised Result
[ 7818.36460253 13033.00338604 13354.8015983  10990.42792823
 15219.77116302 10494.05041102 13752.92023738 14191.56438582
 12460.28348836 15542.35441036 10408.03180182 10436.54805327
 11628.79111793 12333.35250577 11999.9586014   6502.87715664
 10692.20223136 11419.41461753 12995.93848266 11932.19881227
 11814.93134311  7669.19216133 10488.67067948 10241.94877487
 13447.40254166]

The result for the 16th execution is
Time
36.245457887649536
Query Result
[11529. 11740. 11705. 11608. 11876. 11623. 11845. 12073. 11624. 11787.
 12077. 12321. 11792. 11585. 11717. 11515. 11887. 11941. 11730. 11993.
 11999. 11915. 11600. 11453. 11820.]
Noised Result
[10274.06822418 10741.10833035 12721.5314143  13144.84908073
 11943.99202103 11883.65489122 11303.70393661 14519.17483765
 13241.54943137  9834.00240562 11891.19320781 13544.19680072
 12916.20977581 11561.20023678 13786.3085473  10773.94856707
 10641.88724365 12295.61456223 13161.00834123  9206.31736483
 11512.64694037 12242.46959097  8834.16699866 12590.96687998
 12510.97475692]

The result for the 17th execution is
Time
36.134862661361694
Query Result
[11529. 11740. 11705. 11608. 11876. 11623. 11845. 12073. 11624. 11787.
 12077. 12321. 11792. 11585. 11717. 11515. 11887. 11941. 11730. 11993.
 11999. 11915. 11600. 11453. 11820.]
Noised Result
[11307.47838453 11311.31501458  9597.78068432 12384.11553533
 12054.6217037  10713.73323    12208.2559651  13488.61841193
  9616.73875913 10708.90160953 13809.36485626 11657.96541808
 12611.48962596 12072.47953936 13025.18446887 10491.8993923
 10080.11488594 15817.1408231   9925.93741647 12412.34866152
 11708.5884524  12919.54704017 11812.02150141 12278.7511804
 12421.42406063]

The result for the 18th execution is
Time
2.676593780517578
Query Result
[11529. 11740. 11705. 11608. 11876. 11623. 11845. 12073. 11624. 11787.
 12077. 12321. 11792. 11585. 11717. 11515. 11887. 11941. 11730. 11993.
 11999. 11915. 11600. 11453. 11820.]
Noised Result
[ 1.29201150e+04  1.80195160e+04  1.20123660e+04  3.38958334e+01
  1.33270046e+04  1.60955645e+03  2.18103995e+04  4.01653859e+03
  9.73525935e+03  2.77154314e+03  1.34024169e+04 -7.21544780e+03
  3.06138194e+04  4.70499703e+03  1.03847217e+04  3.50095105e+04
  2.86335041e+04  1.43563857e+04  2.04039404e+04  2.14318147e+04
  5.89749586e+03  5.69482805e+03  2.55724037e+03  6.68943387e+03
  2.81176507e+04]

The result for the 19th execution is
Time
18.78884720802307
Query Result
[11529. 11740. 11705. 11608. 11876. 11623. 11845. 12073. 11624. 11787.
 12077. 12321. 11792. 11585. 11717. 11515. 11887. 11941. 11730. 11993.
 11999. 11915. 11600. 11453. 11820.]
Noised Result
[10573.70133499 11111.8511163   6401.79180824 14778.4324076
  9367.89563705 10545.67719735  5301.00987453 14898.65380713
 15783.06358634  9662.95151366 14442.79228402 12267.48603147
 13642.98277489  8515.6469898  12800.72590147  7737.72700297
 13362.12160756 10711.17855032  7639.07672527 13979.12796594
  6653.5384069  11335.96754852 12170.46293684  9655.29325909
 12318.24554769]

