The result for the 0th execution is
Time
25.47225069999695
Query Result
[6076. 6309. 6088. 6105. 6209. 6157. 6328. 6140. 6203. 6193. 6048. 6057.
 6135. 6333. 6392. 6462. 6103. 6332. 6090. 6236. 6412. 6281. 6212. 6279.
 6228. 6256. 6059. 6049. 6154. 6036. 6074. 6104. 6200. 6202. 6247. 6345.
 6149. 5895. 6142. 6237. 6349. 6522. 6071. 6112. 6105. 6133. 6227. 6255.
 6445. 6218.]
Noised Result
[11820.88379995  8489.26576489 14911.78318021  8066.31792479
   -29.19201032 11829.31443855  2418.3810549   1629.41968167
  8350.95061174  3996.67058869  5304.21124298  7628.36535481
  3618.56279448  7041.50016887  7702.91395958  8464.8471415
  6743.01469943  7124.53484104  2759.78924057   936.92282242
 11137.67509764   324.93869693  4799.32466532  6317.02690627
  6765.87611967  9821.39667857  8619.00946181  3300.97108198
  4790.16300411 -1848.60128272  2371.62488035  8099.76298444
   551.0460213   4245.92145072   744.43252596  5704.60537357
  5234.05903469  7151.04714563 10786.19827718  2970.6832868
  9559.59886495  8897.37482498  6910.02244543  6603.66730019
  -519.85373208  7613.43646895  8256.19843927  -214.21286214
  3866.88269433  7217.14704386]

The result for the 1th execution is
Time
25.91143560409546
Query Result
[6076. 6309. 6088. 6105. 6209. 6157. 6328. 6140. 6203. 6193. 6048. 6057.
 6135. 6333. 6392. 6462. 6103. 6332. 6090. 6236. 6412. 6281. 6212. 6279.
 6228. 6256. 6059. 6049. 6154. 6036. 6074. 6104. 6200. 6202. 6247. 6345.
 6149. 5895. 6142. 6237. 6349. 6522. 6071. 6112. 6105. 6133. 6227. 6255.
 6445. 6218.]
Noised Result
[ 3424.06005833 11354.95929201  6846.10656441  6532.08575399
  5306.34112305  7750.80159665  7750.3492634   9203.95614919
  6261.89004489 13194.66150148 10784.97354753  5075.62056796
  4101.90918572  7421.31458762  7549.80154796  9328.40962408
  4270.9863444   1647.0242983   6776.89692786  6978.67702001
  1379.9318254  11067.68294651 10118.99077613 12662.2377932
  6630.09041527  9022.98522758  6204.08929301   315.78643794
  4902.31501871  9514.9165594   3760.07294846  7269.05834398
  3967.94826654 -3934.30512425  2515.7318017   8205.63797042
  7252.01992755  4479.0154498    652.10980522  1204.97785851
  5804.64126464  5592.20837189 -1002.06406521 10669.87589959
  4586.82324038 -2384.07962368  3119.29048003  3544.29532793
  3294.21460731  4440.93499754]

The result for the 2th execution is
Time
45.652503967285156
Query Result
[6076. 6309. 6088. 6105. 6209. 6157. 6328. 6140. 6203. 6193. 6048. 6057.
 6135. 6333. 6392. 6462. 6103. 6332. 6090. 6236. 6412. 6281. 6212. 6279.
 6228. 6256. 6059. 6049. 6154. 6036. 6074. 6104. 6200. 6202. 6247. 6345.
 6149. 5895. 6142. 6237. 6349. 6522. 6071. 6112. 6105. 6133. 6227. 6255.
 6445. 6218.]
Noised Result
[ 6504.7217438   3656.38021545 10976.64084756  5462.58622714
  6359.14792399  2564.59080333  7213.59763789  9267.31281416
  3194.77609021  4131.4859207  10863.15831484 10417.96546571
  3779.8569321   5939.08731174  3919.70350706  7440.58170825
  5041.76653039 10761.33445947  5126.15163253   161.15902009
   893.1513538   4019.21754143   902.1167667   3142.43585911
 -1017.06341216 -2621.23991581  8218.47395665  9744.95976847
  9571.88178658 -1604.37388235  6592.0637663   5549.48188683
  5020.71556012  4114.18923188 -8557.72594855  5061.39344263
  4817.59613693  4418.63608299 -1696.75406619  5623.88704427
  8525.14514882  5567.72371782  8542.05480967  2295.08914201
  2869.47254208  7254.80797283  6168.86216892 -3944.76526926
  3673.90052669 -2344.20342055]

The result for the 3th execution is
Time
46.25440287590027
Query Result
[6076. 6309. 6088. 6105. 6209. 6157. 6328. 6140. 6203. 6193. 6048. 6057.
 6135. 6333. 6392. 6462. 6103. 6332. 6090. 6236. 6412. 6281. 6212. 6279.
 6228. 6256. 6059. 6049. 6154. 6036. 6074. 6104. 6200. 6202. 6247. 6345.
 6149. 5895. 6142. 6237. 6349. 6522. 6071. 6112. 6105. 6133. 6227. 6255.
 6445. 6218.]
Noised Result
[ 8541.05959366  2294.08574658  5879.56260823 10992.62357353
  5888.92907648  7100.454575    8194.24494579  4335.25834309
  2325.69691709  8471.40760292  8692.23085722  7615.20685275
  1321.05293855  7377.89612199  9974.97985411 12985.82225908
  7433.82651525  6354.61638359 -1627.15481193  4710.41884603
  4331.9123851  10018.60279825   972.93151818 15980.68677024
  8805.8888262   6420.92043042  5991.79036734  9565.48808692
 11110.154868    6209.52561466  6931.95254105 -1234.13653769
  8807.36362355  -395.48892144  5644.65426048  5511.21727499
  8388.47131968  5752.72006597  3347.05870598  8247.12762257
  8343.28828006 11759.0529301   4751.54851532  8501.01910972
  5204.19085153 -1210.23216329  6522.4690008   2412.23971229
  3443.89023783  3030.56102403]

The result for the 4th execution is
Time
45.42662334442139
Query Result
[6076. 6309. 6088. 6105. 6209. 6157. 6328. 6140. 6203. 6193. 6048. 6057.
 6135. 6333. 6392. 6462. 6103. 6332. 6090. 6236. 6412. 6281. 6212. 6279.
 6228. 6256. 6059. 6049. 6154. 6036. 6074. 6104. 6200. 6202. 6247. 6345.
 6149. 5895. 6142. 6237. 6349. 6522. 6071. 6112. 6105. 6133. 6227. 6255.
 6445. 6218.]
Noised Result
[10129.10571068  9502.63366913   582.17345732 11182.58065957
 -6533.00554747  7200.78267887  5547.92506053 -8867.90989322
  9081.21978915 13131.9249585  11191.85504891  5141.94784798
 11457.63939711  2045.42878757 -3732.24469836  1650.56220471
  3743.41324485  -509.64444854  4345.87888015 -3751.43152182
  3306.9666891   8983.9800775  -1814.61516168 -1258.73906322
 10986.65080906 16029.18621072  4391.06117916  9252.7265748
  2329.38778575 13993.08195986  3915.34277081 -7029.34726906
  9773.02608147  1751.72727748 -6848.94662189  3709.07771556
  6359.74322301   841.09418041  7774.58293787  4046.38885413
 10059.95246672  6122.16523252 12679.61810855  1243.7251346
 13511.92902432 13730.91539063   772.99494482  1859.04080424
 14661.13729724 13338.236191  ]

The result for the 5th execution is
Time
48.902567625045776
Query Result
[6076. 6309. 6088. 6105. 6209. 6157. 6328. 6140. 6203. 6193. 6048. 6057.
 6135. 6333. 6392. 6462. 6103. 6332. 6090. 6236. 6412. 6281. 6212. 6279.
 6228. 6256. 6059. 6049. 6154. 6036. 6074. 6104. 6200. 6202. 6247. 6345.
 6149. 5895. 6142. 6237. 6349. 6522. 6071. 6112. 6105. 6133. 6227. 6255.
 6445. 6218.]
Noised Result
[ 8380.24252538 14220.88840911  7208.29222275  4713.49105993
  3116.50350876 14404.08836917  4733.22676982 10299.09656201
  7915.05212561  4837.80845228  7777.29439454 -3246.73287993
 -4848.85287333  6573.11595671  5588.37499128 -5314.09689918
  5197.56553719  8727.17579746  2994.53287893  8351.10901661
 13757.69875602 11193.25330785  9038.49754334  2087.30897983
  9212.43818096  9785.10501806  8987.59618894  5389.35687645
 -1266.40543161  5733.91008233  5087.38606176  5380.14456905
  1023.34711929  5971.06386266 11466.36780052  4490.8249477
 10400.6896798   4096.26215763  6976.31711163  5144.01995725
  4671.83780278  8891.62926968   381.02146467  6412.90781702
   473.32358737  9706.32100912 12814.51752203  1660.92024623
  3369.56848506  9499.64083464]

The result for the 6th execution is
Time
24.375009536743164
Query Result
[6076. 6309. 6088. 6105. 6209. 6157. 6328. 6140. 6203. 6193. 6048. 6057.
 6135. 6333. 6392. 6462. 6103. 6332. 6090. 6236. 6412. 6281. 6212. 6279.
 6228. 6256. 6059. 6049. 6154. 6036. 6074. 6104. 6200. 6202. 6247. 6345.
 6149. 5895. 6142. 6237. 6349. 6522. 6071. 6112. 6105. 6133. 6227. 6255.
 6445. 6218.]
Noised Result
[ 8109.33319938 11593.61717099  4568.64469053  6906.95653751
 11825.77831679  5653.75302115  9719.17594854  8533.69977153
 13014.3974489   9106.77581642  3640.36828331  4603.69909688
 -1104.25916234  2229.59982982  9886.62022927  6242.11901723
 10415.27056356  3130.54828039  9779.36207271  5575.68898644
  7017.44624337  4708.98837141   -85.45218416  5860.0150569
  6228.72828109 -2616.85563745 11214.35735736  2910.41491102
  3128.04654562 10481.92836318  5674.98791182 -3849.27336011
  3951.9251237   8525.80028447  3901.9202996  10837.0941555
 12629.96895833  5046.07329559  3882.41698618  5290.02787796
  6469.82897644  2050.89995336  7588.00862575  9887.79288788
  1197.67473454 10657.26353629  4205.17934641  4154.11836477
  8744.18974141  9322.4699374 ]

The result for the 7th execution is
Time
24.65925097465515
Query Result
[6076. 6309. 6088. 6105. 6209. 6157. 6328. 6140. 6203. 6193. 6048. 6057.
 6135. 6333. 6392. 6462. 6103. 6332. 6090. 6236. 6412. 6281. 6212. 6279.
 6228. 6256. 6059. 6049. 6154. 6036. 6074. 6104. 6200. 6202. 6247. 6345.
 6149. 5895. 6142. 6237. 6349. 6522. 6071. 6112. 6105. 6133. 6227. 6255.
 6445. 6218.]
Noised Result
[10822.1219354   6628.22856567  3793.09660004 -1313.14704923
  5637.3387951  15894.15367065  8232.0579688  13093.47266312
  9768.4412611   2209.84890925  6685.16608665  4335.34648026
 -3004.03586554  9393.90337466 -3562.99985885 10535.53967855
  4248.06169254 13881.17141335 -3408.59560315  2835.42076315
 10623.8331514  13922.23385312  6981.91631936  1682.13615385
  8130.27627251  7733.6834553   7558.5247097   7769.38915002
  2069.38163078    76.52942995 -1493.4510606   7990.68568352
  3139.07452191 26327.98946638  3026.66309025  1719.01032374
  7206.78518694   311.32448483 12375.2004391  -7276.82736578
 -4441.73839243   755.70853828 -8056.05021869  4826.62086499
   349.01897785   830.70457442 20930.87617252 13549.58848568
 12557.03005389 -4511.61219241]

The result for the 8th execution is
Time
24.344576835632324
Query Result
[6076. 6309. 6088. 6105. 6209. 6157. 6328. 6140. 6203. 6193. 6048. 6057.
 6135. 6333. 6392. 6462. 6103. 6332. 6090. 6236. 6412. 6281. 6212. 6279.
 6228. 6256. 6059. 6049. 6154. 6036. 6074. 6104. 6200. 6202. 6247. 6345.
 6149. 5895. 6142. 6237. 6349. 6522. 6071. 6112. 6105. 6133. 6227. 6255.
 6445. 6218.]
Noised Result
[-2211.39855021  5665.86968402 -5306.7629638    266.25968286
  4968.90520678 17903.3615847   4224.40966588 -2707.52149176
 -2529.68004269 -6799.07695403  -319.86623474  7645.06447283
 14467.63322189 22215.42708925  6806.7299172  12736.15583229
 15580.9809185  11103.7052646   4107.63827645  9974.91587026
 18904.04824307 10808.18483755 17284.311786   -5432.39328734
  7629.16521111  7636.13547499 -3844.81627065 16840.71287979
  7497.12015205  -288.83887236 15098.07079102 -2625.62788359
  6833.65847246 -7693.98424635 -3807.74821661 10746.67558367
 12609.74983496 13373.77973458  7836.19548867 17314.7038
 -2702.21323015 12623.67044937 -5326.32630394 -2918.73013966
 12882.43560659 -1679.3148102  15403.94124159  7435.62355524
  8510.28463675 18166.27747437]

The result for the 9th execution is
Time
24.984275817871094
Query Result
[6076. 6309. 6088. 6105. 6209. 6157. 6328. 6140. 6203. 6193. 6048. 6057.
 6135. 6333. 6392. 6462. 6103. 6332. 6090. 6236. 6412. 6281. 6212. 6279.
 6228. 6256. 6059. 6049. 6154. 6036. 6074. 6104. 6200. 6202. 6247. 6345.
 6149. 5895. 6142. 6237. 6349. 6522. 6071. 6112. 6105. 6133. 6227. 6255.
 6445. 6218.]
Noised Result
[-1557.58071263  4426.05217336  4990.18738329  9377.21699092
  4059.79859719 11052.10680715  8937.58880263  7347.91292336
 -5453.79275294  4803.47025917  4496.34794767 15178.86059182
  5351.52005007 10153.99777824 22884.42791633  8748.5846464
  5468.96512072  2765.26388663  3562.57330599  6704.99693637
 13113.27903138  1010.37356965  4308.55554237  5965.39654301
  6834.54129427 -3008.66613864  8122.97866436 -5043.16047482
  6705.96476936 -1578.08408994 17267.92884127  1611.18250106
 11412.59149771  4109.11053422 14722.39905569  5667.16483102
  8182.46638235 12293.63498098  7286.20206985  1057.93614737
 11744.64617568  3576.99376919  3903.41098255  1246.34997631
  4687.24377311  7496.9693386   8941.10720874   220.03543873
  4393.58906386  9448.51359415]

The result for the 10th execution is
Time
24.368614673614502
Query Result
[6076. 6309. 6088. 6105. 6209. 6157. 6328. 6140. 6203. 6193. 6048. 6057.
 6135. 6333. 6392. 6462. 6103. 6332. 6090. 6236. 6412. 6281. 6212. 6279.
 6228. 6256. 6059. 6049. 6154. 6036. 6074. 6104. 6200. 6202. 6247. 6345.
 6149. 5895. 6142. 6237. 6349. 6522. 6071. 6112. 6105. 6133. 6227. 6255.
 6445. 6218.]
Noised Result
[ 5251.06543903  6297.32433841  2321.3366015   2976.40983784
  5917.65694852  8530.43327057  6997.96598013  8600.69507485
  7522.43792785  5888.44902781  3220.74456102 13134.44282311
   453.17939506  6951.95129773 11545.46713443  6901.53535322
  5905.28315153  9257.05756395  4405.19320714  6706.23954424
  6999.05576718  8643.61395121  9785.45303804  -337.79971244
  4574.61950172 11584.44447543  7233.77842992  1285.25593986
  3806.07106952  9086.97925536  9736.40322567  6913.21263519
  7716.77116841  9038.41564275 10519.53064017  4414.85091916
  -335.01864923  6308.9277614  12635.05569491  6751.29344116
  6480.88977473  5314.08367602  5826.72142506  5371.52790892
  3906.22062599  2317.01143677  5796.15179418  8120.41145593
  7388.80535623  7223.65805301]

The result for the 11th execution is
Time
26.09005308151245
Query Result
[6076. 6309. 6088. 6105. 6209. 6157. 6328. 6140. 6203. 6193. 6048. 6057.
 6135. 6333. 6392. 6462. 6103. 6332. 6090. 6236. 6412. 6281. 6212. 6279.
 6228. 6256. 6059. 6049. 6154. 6036. 6074. 6104. 6200. 6202. 6247. 6345.
 6149. 5895. 6142. 6237. 6349. 6522. 6071. 6112. 6105. 6133. 6227. 6255.
 6445. 6218.]
Noised Result
[13646.33947237 18942.41630125  6241.8544335   6829.73781485
  3058.35466657  1024.48524457  3984.23015293 10494.96693191
  5092.52365803  9350.22339171  6649.60123036  2743.88387134
 11245.35785146  7229.41222959  3972.45311274  4181.32293255
  6239.06702578 11528.10294258  4504.8702355     39.78537602
  1969.30274757  1821.87887076  7263.41509176  6446.1377456
  5562.80446849  4046.36858389  8660.38131962  3609.92905573
  2546.97913816  9553.61796232  7041.72806861 11636.11953548
  7344.45724915 11807.20415917 11126.23991199 15339.77693904
  8010.55339041 -4480.96814513  6444.00302331  4442.43132012
  3330.86376485  8631.05290439  7261.54091111  8379.71339482
  6683.04735501  7247.45566585  5581.66012684  8042.09625929
  6996.65506479  4881.77277668]

The result for the 12th execution is
Time
25.480987787246704
Query Result
[6076. 6309. 6088. 6105. 6209. 6157. 6328. 6140. 6203. 6193. 6048. 6057.
 6135. 6333. 6392. 6462. 6103. 6332. 6090. 6236. 6412. 6281. 6212. 6279.
 6228. 6256. 6059. 6049. 6154. 6036. 6074. 6104. 6200. 6202. 6247. 6345.
 6149. 5895. 6142. 6237. 6349. 6522. 6071. 6112. 6105. 6133. 6227. 6255.
 6445. 6218.]
Noised Result
[ 9116.38419075  3340.30275277  9564.78879472 17097.68471401
  5355.08245617 10076.32010064  9168.28932837 19756.43576809
  8290.88476924  7308.08866921  6864.8248172   1104.84717971
 14500.64489514   822.01859448  2469.24318672  6861.02872333
  6491.13505769 19041.45529525  5761.88534651  9359.59912487
 15878.7503807   5919.32438096 -8091.84650016  3375.47494275
  3062.90234993  5895.42836262  8926.64589526  2154.44573084
  -333.24238276  3429.43490329   689.47456703 -5841.75319408
  4526.87043326 10289.45768191  7672.44205705 13935.60015943
 11455.34239473  1358.54712351  8780.76487098 -3135.17794437
 15692.27199452 13559.10606511 11461.85427671  5331.26371774
 -2774.35202444  9187.09968756  8776.29891439  4591.18736186
  7065.72184218 11745.48623055]

The result for the 13th execution is
Time
25.549399614334106
Query Result
[6076. 6309. 6088. 6105. 6209. 6157. 6328. 6140. 6203. 6193. 6048. 6057.
 6135. 6333. 6392. 6462. 6103. 6332. 6090. 6236. 6412. 6281. 6212. 6279.
 6228. 6256. 6059. 6049. 6154. 6036. 6074. 6104. 6200. 6202. 6247. 6345.
 6149. 5895. 6142. 6237. 6349. 6522. 6071. 6112. 6105. 6133. 6227. 6255.
 6445. 6218.]
Noised Result
[ 7958.15067385   949.61057529  6753.38326631  -300.59967436
  3831.60211173  3658.04098607 10382.73692145  2223.25174886
  3472.38145366  9663.97189993  9338.90709858  2316.07746636
  6066.7598328   8523.98931464 10102.17649041 16915.21216551
  9489.67172984 11338.17205805    65.96099279  3160.65330882
  7019.92172663  6568.66482391 11256.8500873   8798.81738065
 10229.13444583 11306.99136426  7374.22665891  6453.49983458
  2711.81495732  6396.85944078  3901.91121098  1883.42934822
  2570.91001229  9076.0508105  11733.61925646  7894.28542048
  7589.04843869  4110.25575838  2832.27354469 -1335.615916
  4477.82858898  8784.65463849  8950.94789203  6489.21875073
  6778.81334891 11040.94879693  9223.32368769 10331.56198355
  7394.91741797  8365.29899986]

The result for the 14th execution is
Time
23.720113277435303
Query Result
[6076. 6309. 6088. 6105. 6209. 6157. 6328. 6140. 6203. 6193. 6048. 6057.
 6135. 6333. 6392. 6462. 6103. 6332. 6090. 6236. 6412. 6281. 6212. 6279.
 6228. 6256. 6059. 6049. 6154. 6036. 6074. 6104. 6200. 6202. 6247. 6345.
 6149. 5895. 6142. 6237. 6349. 6522. 6071. 6112. 6105. 6133. 6227. 6255.
 6445. 6218.]
Noised Result
[10784.33065955 16383.18821439 -4900.2779577   5357.72299183
 10835.3168813  12194.00934274  9056.88998493  7267.24778151
  1657.95537497  4628.5889328  12827.36469791  9777.48549093
 13195.63254851  9893.75643211  3330.87558733 -4633.41656507
 13293.74573962 -1250.47455386 10097.79849431 17736.55384609
 12795.19148912 13292.72011224 18713.56984214  9879.66649148
  -609.30410825 14194.29245727  1857.27647275 -7604.22635961
 13201.03847907  1372.95997939 -1001.59859143 15987.7377046
 -2557.49105471  2565.21645531  1461.89682163   392.99467382
 13655.19128678 -3561.53776632 12975.78820196   667.17051063
 24358.13221606 13693.76339351 11627.3918096  -1714.80180475
 12433.3422667  -4376.50151752  5630.05731649  7232.81130339
   466.88069028 -4524.31276875]

The result for the 15th execution is
Time
26.42633605003357
Query Result
[6076. 6309. 6088. 6105. 6209. 6157. 6328. 6140. 6203. 6193. 6048. 6057.
 6135. 6333. 6392. 6462. 6103. 6332. 6090. 6236. 6412. 6281. 6212. 6279.
 6228. 6256. 6059. 6049. 6154. 6036. 6074. 6104. 6200. 6202. 6247. 6345.
 6149. 5895. 6142. 6237. 6349. 6522. 6071. 6112. 6105. 6133. 6227. 6255.
 6445. 6218.]
Noised Result
[  7920.0080555   -9489.51697947  -3533.03520725  -4803.61371755
   5245.7563746    4481.23092772   4409.27235937   8803.22523027
   4374.16647285    583.87761244  11963.74081286  -3228.27525505
  15541.43749905  24355.42344847   1732.01826856  -6663.67679786
   9778.70359674  13613.85440535  -4257.51123513  -1009.27701549
  18193.48489747  16938.3222114  -10811.48643646   7418.80235707
   5510.08783139  -5873.02812432   5198.50960157  15195.92677115
 -10685.86423656  13098.86550981   3058.44416446   1602.61516502
   2010.47300752  -7562.39546851   9808.20875256  14269.33056327
  13865.04645892  12044.01208105  15979.58956183   8449.38106247
  -7030.65897042   6869.5036056   -1301.02070239  -1645.26943783
  11203.06792959  -7059.66638965  10408.04971232   3364.11030293
   8642.57627323  21157.39141255]

The result for the 16th execution is
Time
49.64760136604309
Query Result
[6076. 6309. 6088. 6105. 6209. 6157. 6328. 6140. 6203. 6193. 6048. 6057.
 6135. 6333. 6392. 6462. 6103. 6332. 6090. 6236. 6412. 6281. 6212. 6279.
 6228. 6256. 6059. 6049. 6154. 6036. 6074. 6104. 6200. 6202. 6247. 6345.
 6149. 5895. 6142. 6237. 6349. 6522. 6071. 6112. 6105. 6133. 6227. 6255.
 6445. 6218.]
Noised Result
[10181.45497966  2935.33526691  3275.80226422  2882.34093126
 13354.93696142  5402.66507625  1983.07640755  5904.26240707
 12932.13551396  2508.65823668  6990.31252131  5317.4846095
  4376.66623719  4201.06405205  8030.6035807   2171.31983061
  7910.52816695  4963.40200427 -1697.39315899  5582.31841907
 13856.08343124  5632.88072512  8409.79051536 11853.05693051
  5793.227579    6398.48668295  7536.64315484  8262.96910436
 10559.21732068  7502.65515522   -76.96514098  1387.23427092
  5718.60553679  1928.11781484  8732.4657573  11153.36731717
  2047.34539531  5304.75540244 -2733.6001735  14332.03374604
  2298.39536504  7306.86281078  9212.28133803  4042.66416133
  8247.1782987  13541.68726656  2755.24124188  4725.80395968
  3363.42347131 13409.38413359]

The result for the 17th execution is
Time
25.333126544952393
Query Result
[6076. 6309. 6088. 6105. 6209. 6157. 6328. 6140. 6203. 6193. 6048. 6057.
 6135. 6333. 6392. 6462. 6103. 6332. 6090. 6236. 6412. 6281. 6212. 6279.
 6228. 6256. 6059. 6049. 6154. 6036. 6074. 6104. 6200. 6202. 6247. 6345.
 6149. 5895. 6142. 6237. 6349. 6522. 6071. 6112. 6105. 6133. 6227. 6255.
 6445. 6218.]
Noised Result
[ -684.75852111  3027.85145329  5338.05048956  9168.0631536
  5318.69864901  3427.82028225  2027.82260791  6999.72676871
  9841.49491462  8781.96158571  2984.47921508  4250.20551708
   774.40449893  5199.8590554   5083.76532143  5710.64915073
  -186.98381956 11072.83993909  8844.12759941 10792.76384293
 14138.80269451  7471.88546921  8069.77242111  3770.11178635
  4460.17920773 11472.82686943  4533.26613719  4198.21798038
 11232.64173546  8562.41066299  4760.94181098 -3264.18728369
  4803.00467306   777.51391718  8154.17194364  5360.5919508
  8426.57756504  8180.08228858  3446.92920509  4641.63923834
  3502.84105326   744.29519659 12090.73431563  1480.78426169
  5234.91583753  9085.82368331  5221.75342189 10518.19263451
  8140.758511    5899.07973633]

The result for the 18th execution is
Time
23.90657877922058
Query Result
[6076. 6309. 6088. 6105. 6209. 6157. 6328. 6140. 6203. 6193. 6048. 6057.
 6135. 6333. 6392. 6462. 6103. 6332. 6090. 6236. 6412. 6281. 6212. 6279.
 6228. 6256. 6059. 6049. 6154. 6036. 6074. 6104. 6200. 6202. 6247. 6345.
 6149. 5895. 6142. 6237. 6349. 6522. 6071. 6112. 6105. 6133. 6227. 6255.
 6445. 6218.]
Noised Result
[ 5514.99347348  8946.86181873  4737.12515323  4136.02455925
  6063.78095709  4263.36400654  6806.1016996   7238.1567786
 -2508.22360224  7136.75834352  2621.07570334  5170.31957012
  6086.4648064   3884.9905105   6765.01795809  1926.82118828
  7299.97102875  4130.70090735  3979.58927085  7501.45426394
   287.5215389  10527.8644373   8513.35038071  3709.18544088
  7170.42244184 11059.08243855  9188.31210565  4712.29315482
   329.73813991  5367.09389685  4820.37033209  5328.55782038
  6861.12062296  7583.64849616   941.18256829  5534.2565598
  7960.39819756 13692.4400141   9320.95394195  6364.95865278
  1806.54718667 11861.42575626  6369.4434526   4707.84462993
 11746.45700032  9052.16294114  3727.17938091  6958.01866886
  5771.71895188  6233.12482103]

The result for the 19th execution is
Time
24.54473304748535
Query Result
[6076. 6309. 6088. 6105. 6209. 6157. 6328. 6140. 6203. 6193. 6048. 6057.
 6135. 6333. 6392. 6462. 6103. 6332. 6090. 6236. 6412. 6281. 6212. 6279.
 6228. 6256. 6059. 6049. 6154. 6036. 6074. 6104. 6200. 6202. 6247. 6345.
 6149. 5895. 6142. 6237. 6349. 6522. 6071. 6112. 6105. 6133. 6227. 6255.
 6445. 6218.]
Noised Result
[-5707.28475486  6622.28413786 23110.8101031  12294.86154781
  2450.4425373  -1064.61744894  6065.82348857  7368.91027251
 13599.03247695 11166.74405225  3111.60458666 16815.30321453
 11997.72438719 10517.11686175  9792.95743098 13412.81825059
  3823.05097045 14148.60865879  4738.02902936  9808.4007115
   -64.68916887  5686.1516444  18371.60899466  7662.40646783
  1942.52603655  1270.70331887  8646.19051175  5384.38218167
  1125.03388198  4949.21945317  -578.01233033  9321.91955576
  9300.0236253  14517.47265466  3722.71780654  7413.69207084
   469.45482322  -651.22944479  9946.16177867  3496.18017874
 11698.37265185  9250.9486455   3847.10452738  1979.096019
 -2048.99383075 12920.41791482  4540.28599634  2106.7582746
  5309.64050306  6033.46795554]

