The result for the 0th execution is
Time
2.856825828552246
Query Result
[757. 825. 771. 818. 783. 710. 828. 775. 812. 823. 762. 812. 813. 794.
 772. 769. 816. 712. 771. 794. 752. 814. 716. 762. 784. 756. 750. 726.
 706. 799. 741. 751. 728. 742. 812. 796. 757. 797. 755. 701. 775. 764.
 744. 784. 756. 771. 774. 734. 836. 759.]
Noised Result
[ 820.30633781  476.1721005   259.56102437 1145.31376111  816.53806805
  877.84505262  623.63257988  496.49458776 1130.85136767  646.76532124
  672.49257563  708.85705955  967.58132404  907.10455367  504.22175133
 1030.505052    729.19883077  194.26262332 1118.32507028  862.33915179
  586.51511812  812.71738387  181.4848933  1235.81116228  292.14827092
  573.67058593 1044.21175855  823.19122439  552.22475323  676.19277498
 1170.65756303  497.0970094   542.00695341 1326.88441628  681.22593874
 1132.90264638  691.91617398  902.20662834  496.56316491  375.03537342
 1004.2927536   819.82516977  129.28788929  977.56684808  497.58690292
  274.91550068  721.48722051  433.27199912  794.35312804  766.51552291]

The result for the 1th execution is
Time
2.880229949951172
Query Result
[757. 825. 771. 818. 783. 710. 828. 775. 812. 823. 762. 812. 813. 794.
 772. 769. 816. 712. 771. 794. 752. 814. 716. 762. 784. 756. 750. 726.
 706. 799. 741. 751. 728. 742. 812. 796. 757. 797. 755. 701. 775. 764.
 744. 784. 756. 771. 774. 734. 836. 759.]
Noised Result
[  77.28815802  925.30348882  751.31956776  760.54487529 1235.11289222
  524.68425569  736.86070387  722.29013031  963.81773793  903.53007477
  336.70061412  799.3822148   850.65326391  568.42611493 1062.46241391
  359.0063473    29.01889363  581.88578169 1282.72316343 1001.32470306
  723.01042674  263.98972955  866.82129908  404.16629415  724.82087277
  679.19856449  697.71230972 1143.39059898 1123.11172665  633.57238476
  687.48383623  179.99042836 1473.93619964  457.61406683  693.15416794
 1550.54848609  781.27075666  873.76204359 1085.39242675  964.08847676
 1138.69388201  403.3318297   363.32212638  623.493809    421.91858931
  653.76438614   34.81051944  774.89485731  660.59492552  889.24047457]

The result for the 2th execution is
Time
2.7505011558532715
Query Result
[757. 825. 771. 818. 783. 710. 828. 775. 812. 823. 762. 812. 813. 794.
 772. 769. 816. 712. 771. 794. 752. 814. 716. 762. 784. 756. 750. 726.
 706. 799. 741. 751. 728. 742. 812. 796. 757. 797. 755. 701. 775. 764.
 744. 784. 756. 771. 774. 734. 836. 759.]
Noised Result
[ 837.91801137 1265.6507138  1408.07851208 1002.28529881  711.80681631
  572.59646884  725.22771046 1212.04616675   44.89894219 1215.58918469
 1241.30564072  606.49311322 1044.25834246  680.97660622  257.38193719
 1088.63190792 1071.06781441 1040.76813031 1071.35314048  880.4409668
  410.67161743  326.45826576  689.86884178 1025.72170124  403.26038184
  366.59296091 1458.65043796  823.46584676 1342.23605412 1282.18183051
 1152.99890287  553.36028626 1418.13642421  654.39012672  689.92938972
  941.36670712  173.97719154  551.34356918  479.94325472  721.90700869
 1720.83111442  870.75291314 1175.95633987  758.36949305  657.96816058
  430.37421733 1220.65465849  486.20576426 1075.35806387  187.21638037]

The result for the 3th execution is
Time
4.963305234909058
Query Result
[757. 825. 771. 818. 783. 710. 828. 775. 812. 823. 762. 812. 813. 794.
 772. 769. 816. 712. 771. 794. 752. 814. 716. 762. 784. 756. 750. 726.
 706. 799. 741. 751. 728. 742. 812. 796. 757. 797. 755. 701. 775. 764.
 744. 784. 756. 771. 774. 734. 836. 759.]
Noised Result
[ 224.41814634 1091.33236545  665.57624805  662.51265566  675.95621757
  477.46851977  590.4368402   529.53693692  651.1251423   369.37805021
  617.91091542 1203.35140507 1100.97240942  746.59818102  813.7231771
  985.82279146  691.58318672  193.34276561  909.30997498 1032.56577611
  523.34853991  716.90313805  673.42266747  553.37897446  606.43933026
  649.48361188 1057.36268002  895.45001998  916.34990971  526.45639747
  572.38060438  967.42138805  447.12781126 -285.20267023  389.7438776
 1045.46915711  629.67158483 1213.1250022   942.54953704  924.55149155
  510.37714828  957.2625583   791.2594175  1100.08981827  742.15222631
  303.05961565 1055.33754498  862.96032672  918.22815907  719.68344126]

The result for the 4th execution is
Time
2.682300329208374
Query Result
[757. 825. 771. 818. 783. 710. 828. 775. 812. 823. 762. 812. 813. 794.
 772. 769. 816. 712. 771. 794. 752. 814. 716. 762. 784. 756. 750. 726.
 706. 799. 741. 751. 728. 742. 812. 796. 757. 797. 755. 701. 775. 764.
 744. 784. 756. 771. 774. 734. 836. 759.]
Noised Result
[1041.15211192 1595.95461267  629.73359436  336.95626219  902.62965
 1077.78363398  517.64893909 1188.88280322  979.6178157   743.65095844
 1546.14172755  941.41697343 1052.60692828 1338.95584383  615.74027659
  486.97530971  916.59799433 1090.65935059  830.98087802 1061.36000698
  286.42319584  492.48689177 1313.27170708  633.13124339  431.05711169
  841.14967249  777.62111447  850.60588036 1053.45337428  664.57775205
  840.73981821  159.5029506   714.21262567  782.92887448  832.21300189
  778.62334942  879.39980675  988.05755544  494.60793703  510.26748198
 1040.64797061  185.60261593  766.08897334  270.73623486 1489.63632815
 1056.3619154   817.88447245 1255.44747003  524.61164993  741.75159606]

The result for the 5th execution is
Time
5.621649265289307
Query Result
[757. 825. 771. 818. 783. 710. 828. 775. 812. 823. 762. 812. 813. 794.
 772. 769. 816. 712. 771. 794. 752. 814. 716. 762. 784. 756. 750. 726.
 706. 799. 741. 751. 728. 742. 812. 796. 757. 797. 755. 701. 775. 764.
 744. 784. 756. 771. 774. 734. 836. 759.]
Noised Result
[ 240.49795251  406.84941892  454.07522446 1034.99703796 1333.24146264
  285.38131196  995.62427201  649.03963401  902.7295903   183.03918069
  552.88374829  915.49521279  955.1399137   693.4351789  1399.96594845
 1152.4044032   986.79082299 1097.2754947   122.97401489   45.34329471
  410.59596104 1220.05103823  490.13037198  499.0358636   814.11980414
  642.67641041  737.78349612  786.82029132  787.0368433   664.77004053
  880.56371616 1216.51335731 1078.18089722  382.97904085  849.82237138
 -333.06545743  165.29674636  909.20710199  863.15507954  535.92186258
 1434.75840589  414.68430602  600.67672     488.39284689  643.86162004
  633.92076433  534.99733078  789.72827872 1240.90990808  557.68729726]

The result for the 6th execution is
Time
5.730662107467651
Query Result
[757. 825. 771. 818. 783. 710. 828. 775. 812. 823. 762. 812. 813. 794.
 772. 769. 816. 712. 771. 794. 752. 814. 716. 762. 784. 756. 750. 726.
 706. 799. 741. 751. 728. 742. 812. 796. 757. 797. 755. 701. 775. 764.
 744. 784. 756. 771. 774. 734. 836. 759.]
Noised Result
[ 822.72171763  511.90701174  642.95500873 1327.64152792  917.14691937
  372.90126909  842.98168107  715.55184168  784.94547226 1437.36536393
  747.18902925  688.30550978  539.51749554  758.42619447 1500.28787531
 1143.91252263 1129.57169967 1219.11432818  822.74656959  830.5805698
  900.2175677   573.47674047  362.25668116 1069.31707333 1522.51416709
 1258.62946802  791.39020232 1008.11310066  550.06410648  778.05478507
  879.51899206 1676.1463184   428.58859451 1255.17631005  629.81781614
  715.68686593  576.83738178 1153.45660588 1801.93975745  484.06755684
  773.21838592 1543.57947905 1341.73549604  266.11649943  845.89554761
  416.17854539 1048.2991555   224.94379188  835.72817583 1052.66389961]

The result for the 7th execution is
Time
5.64987325668335
Query Result
[757. 825. 771. 818. 783. 710. 828. 775. 812. 823. 762. 812. 813. 794.
 772. 769. 816. 712. 771. 794. 752. 814. 716. 762. 784. 756. 750. 726.
 706. 799. 741. 751. 728. 742. 812. 796. 757. 797. 755. 701. 775. 764.
 744. 784. 756. 771. 774. 734. 836. 759.]
Noised Result
[ 399.97235804  597.37128565  763.90471074  463.81556684 1314.03412313
 1221.81705019 1233.6784466   912.67993356  867.73791703  275.33753975
  564.740324   1545.49941547  944.28976329  703.36508179 1069.43213077
  589.96014399  987.0521668  1185.42655342  488.28096802  464.00391504
  552.0313846   968.10455076  933.21633045  616.35449929  732.22173582
 1047.65276574 1125.48904633  718.40913842  887.68663039 1205.74522172
  647.47094275  648.1142013   676.56253178  785.99458905  438.11925807
  239.21125369 1122.97769976  533.77689906  486.41251017  695.29945717
  674.43596666 1183.58647666  793.32263234 1111.29900551 1133.12446614
  538.48651062  561.82640988  191.4113926   499.46039798  796.6251407 ]

The result for the 8th execution is
Time
5.294916152954102
Query Result
[757. 825. 771. 818. 783. 710. 828. 775. 812. 823. 762. 812. 813. 794.
 772. 769. 816. 712. 771. 794. 752. 814. 716. 762. 784. 756. 750. 726.
 706. 799. 741. 751. 728. 742. 812. 796. 757. 797. 755. 701. 775. 764.
 744. 784. 756. 771. 774. 734. 836. 759.]
Noised Result
[1152.86048498 1192.5178965   331.08884749 1206.06569097 1521.76939772
 1025.72739548 1107.37703232  573.93929262  690.32551138 1029.69060835
   10.88234986  385.97632335 1466.72148708  594.28271915  362.48255084
  746.09111103  410.54119655  412.95143535  551.01400011  507.03751275
  240.67598103 1115.87976674  506.47664879  900.16040604  937.03143278
  419.4012112   943.32342196  731.3751741   464.51152634  831.65228601
  639.86377294  728.48510315 1404.86465398  897.04305377  774.57223527
 1091.42283683  740.0151872  1048.18178323 1364.71421152  773.96459831
  912.86286589  526.51517435  939.58903236  247.40188686  939.23065964
  660.12883234  880.45296564  617.1474959   867.5376428  1099.90139182]

The result for the 9th execution is
Time
2.8159735202789307
Query Result
[757. 825. 771. 818. 783. 710. 828. 775. 812. 823. 762. 812. 813. 794.
 772. 769. 816. 712. 771. 794. 752. 814. 716. 762. 784. 756. 750. 726.
 706. 799. 741. 751. 728. 742. 812. 796. 757. 797. 755. 701. 775. 764.
 744. 784. 756. 771. 774. 734. 836. 759.]
Noised Result
[ 717.4058728   514.06561961  779.64322275  739.84819937  893.59000079
  376.70126848  974.8241592   836.26626607  245.87054928  425.30205194
  713.73036415  779.40166627  879.15178923  714.94204546  642.47291046
  989.5112367  1448.14313044  508.13880847  207.81862321 1529.59850143
 1062.97105466  376.81123601  700.32212428  736.77250373 1068.43867984
  558.07857579  823.56461996  318.88456116  451.62273188  453.86286163
  629.76106544  340.03736216  465.57616864 1425.08511149  556.82291992
  962.43120113 1179.72236541  164.52326825 1377.42163413  863.09451381
 1139.00272932 1403.31575053  845.56860773 1416.88168747 1039.56079756
 1014.83693327 1420.77239544  734.9624243   813.65672121  752.96707736]

The result for the 10th execution is
Time
5.626379728317261
Query Result
[757. 825. 771. 818. 783. 710. 828. 775. 812. 823. 762. 812. 813. 794.
 772. 769. 816. 712. 771. 794. 752. 814. 716. 762. 784. 756. 750. 726.
 706. 799. 741. 751. 728. 742. 812. 796. 757. 797. 755. 701. 775. 764.
 744. 784. 756. 771. 774. 734. 836. 759.]
Noised Result
[ 471.55092377 1213.10342539  466.74266098  580.63794403  -73.52732245
  757.76466252 1469.11869686  838.64426827 1235.52249917  841.74533894
  821.78747046  206.85650449 1262.88387983   82.21147734  667.05502553
  652.49266362 1282.54038189  949.40583829  539.61848739  884.64543479
  -48.96229623 1120.38168004 1320.08615063  536.68642828 1232.70120627
  290.18513981  168.98204877  353.33182682  296.28029469  406.52460516
  507.24000225  510.14641423  243.7505647  1443.95952089  917.07819802
  453.43290221  385.22159578  520.58614496  677.23871031  285.53636849
  635.90422042  733.66532192  413.48623151  543.12834831  586.71804045
 1256.87863085  798.89065517  841.7981111   366.47642568  939.74854023]

The result for the 11th execution is
Time
5.156513929367065
Query Result
[757. 825. 771. 818. 783. 710. 828. 775. 812. 823. 762. 812. 813. 794.
 772. 769. 816. 712. 771. 794. 752. 814. 716. 762. 784. 756. 750. 726.
 706. 799. 741. 751. 728. 742. 812. 796. 757. 797. 755. 701. 775. 764.
 744. 784. 756. 771. 774. 734. 836. 759.]
Noised Result
[ 283.91047468 1594.40749533  625.34690354  802.24413185  768.35774875
  299.9680052   700.72830225   77.07601209  667.42263963  728.22764478
  869.45297055  482.87866623  786.43147117 1320.43929369 1376.4941077
  539.75293029  758.28537464 1269.6332408   672.07264382  594.87810849
  749.24918963  945.35645625 1116.49402145  520.49372087  864.39819544
  876.25353168  385.16683923 1107.49734901  417.74479854  182.35798252
  436.74129626  640.12385961 1131.34051013  924.90181189 1099.48047869
  780.69006809  723.23734895  674.37369639  587.50673105  238.53646657
  452.76929522  827.61103975  371.04031628  693.21233482  700.09222686
  598.421       724.25411186  798.30253152  642.81711051 1174.59390595]

The result for the 12th execution is
Time
5.734130382537842
Query Result
[757. 825. 771. 818. 783. 710. 828. 775. 812. 823. 762. 812. 813. 794.
 772. 769. 816. 712. 771. 794. 752. 814. 716. 762. 784. 756. 750. 726.
 706. 799. 741. 751. 728. 742. 812. 796. 757. 797. 755. 701. 775. 764.
 744. 784. 756. 771. 774. 734. 836. 759.]
Noised Result
[ 900.07971477  638.42614609 1191.30135433 1239.25954351 1007.01056844
  515.21038403  955.09203778  611.19347625  806.43160824  579.18459171
  984.33863079  693.79664292  813.40325228  754.09778391 1184.56470754
  866.41972657  663.13237595  775.63430952 1145.90524218  436.77200932
  582.34596637  501.65199689 1059.54026922 1367.0584712   809.49687856
  167.97931048  741.28707941   55.70103987  800.72565926   -7.59247288
  216.19299008 1078.82322226  705.09584753  984.44300796 1020.07861348
  939.62963925  391.38783869  359.91552664  597.0001379   945.07153326
 1104.28393158  690.26237431  783.91705379  915.32179617  716.44243185
  927.55154212  204.56921777  638.88036754  699.88542339 1233.69102889]

The result for the 13th execution is
Time
2.7911767959594727
Query Result
[757. 825. 771. 818. 783. 710. 828. 775. 812. 823. 762. 812. 813. 794.
 772. 769. 816. 712. 771. 794. 752. 814. 716. 762. 784. 756. 750. 726.
 706. 799. 741. 751. 728. 742. 812. 796. 757. 797. 755. 701. 775. 764.
 744. 784. 756. 771. 774. 734. 836. 759.]
Noised Result
[ -469.42158913   521.44526701  1481.42505983   343.63551234
  1680.62468991  -395.36068111   591.37319212   953.23268524
   618.95911946  1553.82856532  1193.89063152  2377.69088898
   981.36889043  2240.03952079  2534.78259132   556.966771
  1506.96290492  2093.45383685   746.08023568   274.34509643
   493.6525143    312.11664034   565.87379315  -381.67283474
  1394.89186073  -378.19891431   718.83625555   933.98397247
  1591.44460504   567.54684234 -1374.44512516   512.66912791
   615.04146233  1709.50369517  1174.46432505   978.83731787
   623.88804396   539.94329102  1250.72609737   905.90919989
   976.01278974  1560.80527013  2631.79653552  1042.60506974
  2064.4926911    815.02615031 -1340.30660525   -24.21415261
   554.80923146   168.60404735]

The result for the 14th execution is
Time
5.1346354484558105
Query Result
[757. 825. 771. 818. 783. 710. 828. 775. 812. 823. 762. 812. 813. 794.
 772. 769. 816. 712. 771. 794. 752. 814. 716. 762. 784. 756. 750. 726.
 706. 799. 741. 751. 728. 742. 812. 796. 757. 797. 755. 701. 775. 764.
 744. 784. 756. 771. 774. 734. 836. 759.]
Noised Result
[1295.61608358 1091.67084937  594.67117924  997.25091033  793.72986498
  783.52800856 1057.79804697  731.34344916  599.2259118   440.2303312
  741.64928529 1443.97497507  812.3739093   706.96907461 1098.8522876
  593.57865949  611.40076239  917.00728572  909.1974135   590.77906263
  760.46569209  541.22291474  725.77736398 1045.1339762   238.37200202
  812.6901915   763.75915771  793.93664522  689.20103602  749.19619282
  347.7111463   536.91904544  530.80368878  559.48484545 1090.68329978
  351.40259997  638.99426416  952.41990525  885.51210089  367.05263076
  560.17095961  435.46314307  458.77848132  812.17337334  334.72198624
  529.43667272  332.67441562  849.36536895  646.38054195  329.52365746]

The result for the 15th execution is
Time
5.1221396923065186
Query Result
[757. 825. 771. 818. 783. 710. 828. 775. 812. 823. 762. 812. 813. 794.
 772. 769. 816. 712. 771. 794. 752. 814. 716. 762. 784. 756. 750. 726.
 706. 799. 741. 751. 728. 742. 812. 796. 757. 797. 755. 701. 775. 764.
 744. 784. 756. 771. 774. 734. 836. 759.]
Noised Result
[ 237.06973599  778.7403267   623.29503384  841.75726214  762.25636736
  878.63099496 1404.73128822  560.54886165 1441.9636314   657.02663065
  412.20969643  369.19554294  672.40008895  842.36555256  622.13528861
 1024.28299775  700.87930395  463.20237307 1033.91298366 1046.53391458
  807.6042884   726.625814    430.32818953  441.11912198  460.21130486
 1025.21673659  844.41956679  673.5762283  1001.50814454  956.96366726
  567.82404773  482.09951139 1053.29606635  764.66160579  162.29255189
  587.30330483 1313.64842359  773.51832746 1462.39650592 1107.63604008
 1212.20504007  127.28586604  818.21744814  403.00138203 1009.13669742
  664.72936079  228.32870631  759.85711619  643.70940117  794.16160008]

The result for the 16th execution is
Time
2.8016693592071533
Query Result
[757. 825. 771. 818. 783. 710. 828. 775. 812. 823. 762. 812. 813. 794.
 772. 769. 816. 712. 771. 794. 752. 814. 716. 762. 784. 756. 750. 726.
 706. 799. 741. 751. 728. 742. 812. 796. 757. 797. 755. 701. 775. 764.
 744. 784. 756. 771. 774. 734. 836. 759.]
Noised Result
[1048.88754366  492.38371253 1294.94732707  325.75634509  660.50074481
  859.19101413 1137.80047394  347.27046854  724.47081021  864.70197436
 1333.77094153 1068.04056411  590.0276259   376.4203285   903.99398422
 1467.85878666  512.16895589  864.42066093  182.39835355  698.11262376
  460.50193018  731.84024014  389.2930438   955.76320692  554.72835658
  438.93288557  773.46297019  954.22923496 1034.46891116 1211.26278459
  356.34847155 1288.74645294  701.53047819  324.51305549  502.63282262
 1206.20920613  493.7351549   769.6673907   144.93427327  913.95309774
  869.61517483  627.36034114  444.06342138  786.70618615   38.842054
  955.56454302  567.45453306  854.55409425  862.78086446  497.58749621]

The result for the 17th execution is
Time
2.9444499015808105
Query Result
[757. 825. 771. 818. 783. 710. 828. 775. 812. 823. 762. 812. 813. 794.
 772. 769. 816. 712. 771. 794. 752. 814. 716. 762. 784. 756. 750. 726.
 706. 799. 741. 751. 728. 742. 812. 796. 757. 797. 755. 701. 775. 764.
 744. 784. 756. 771. 774. 734. 836. 759.]
Noised Result
[ 977.16740276  959.12863249  852.63400928  914.04590183 1785.6002262
  586.72309995  893.68067246  639.71174918  997.24248721  363.0562742
  856.37919901 1340.10452374  854.38959255  449.78645657  349.95656318
  745.50845175  556.94439961  158.76650377  747.33272366 1001.75482443
  663.93875923 1028.93753663  922.95151098  923.40672764  704.88565516
  684.61481174  966.40550728  988.10865998   35.14868878  625.471048
  114.02254369 1295.01676247 1125.98514429 1187.98621331  446.10744422
  479.87607385  525.97274362 1352.29385012  737.67906431  433.58195919
  710.88285838  663.63742099  943.94222177  599.98586943  711.02389724
  769.9849901   245.69644305  377.79877942  732.86086988  893.93752487]

The result for the 18th execution is
Time
5.197786569595337
Query Result
[757. 825. 771. 818. 783. 710. 828. 775. 812. 823. 762. 812. 813. 794.
 772. 769. 816. 712. 771. 794. 752. 814. 716. 762. 784. 756. 750. 726.
 706. 799. 741. 751. 728. 742. 812. 796. 757. 797. 755. 701. 775. 764.
 744. 784. 756. 771. 774. 734. 836. 759.]
Noised Result
[1788.07616791 1150.54535459 1203.25474205  965.30634852 1047.37500359
  571.29468695  625.966293    574.22518998 1512.74510473 1030.15699959
 1158.1546843  1122.78550404  964.94870577  405.58801963  784.68072689
 1395.28178119  949.92173041 1068.87446633  712.79857084  976.63884065
  241.48493869 1033.74706374  505.98097523  833.16179661 1297.53133873
  618.50666277  791.92082189  681.81273012 1161.35732558  -31.18566334
  329.89679737  922.15709513   58.26221381 1028.66604601 1272.49751335
 1046.19723464 1241.6321269   441.1687841   184.76212659 1070.50889176
  510.73680082  777.68757116 1262.07437482   57.78387027  378.88341824
  987.67076847 1645.60517222  927.87562536  616.85756434  945.09936625]

The result for the 19th execution is
Time
5.131303071975708
Query Result
[757. 825. 771. 818. 783. 710. 828. 775. 812. 823. 762. 812. 813. 794.
 772. 769. 816. 712. 771. 794. 752. 814. 716. 762. 784. 756. 750. 726.
 706. 799. 741. 751. 728. 742. 812. 796. 757. 797. 755. 701. 775. 764.
 744. 784. 756. 771. 774. 734. 836. 759.]
Noised Result
[1089.45671139 1403.03009362 1112.84131958  946.64257678  617.48273253
  267.37435484  595.45560137  310.47592683  879.77715555  571.21019726
  805.83376255   59.93045402  940.20133869  903.90650369  859.79600947
  988.37921971  997.21611115  241.53357407  615.51578343  839.94668576
  876.82737198  739.09295682  305.58812748  678.64115815 1134.45922438
  813.76709226  669.64570193 1207.74902132  731.26894942 1026.11181373
  748.24316065  509.34208159  734.69031035  856.99973674  661.98581088
  217.09556718  361.1776107   819.61847431 1110.05257713  957.62873324
  632.79679666  611.25686203  602.42182373 1169.13212273  593.19523489
 1581.05567173  811.96892767  776.1787346  1088.3681989   867.75847292]

