The result for the 0th execution is
Time
23.717352390289307
Query Result
[3116. 3133. 3058. 3107. 3174. 3175. 3116. 3111. 2986. 3164. 3118. 3038.
 3209. 3155. 3259. 3239. 3117. 2979. 3003. 3192. 3209. 3208. 3036. 3062.
 3102. 2956. 3073. 3128. 3244. 3038. 3127. 3037. 3047. 3087. 3158. 3152.
 3036. 2994. 3101. 3226. 3025. 3152. 3089. 3001. 3036. 2980. 3028. 3210.
 3170. 3209.]
Noised Result
[-1147.77870152  3347.92541355  -752.78801657  5499.69570556
   -29.91733755  1672.52609937 -2483.79600919  6705.41048655
  3385.38955954  2766.06448505  3918.06299626  7726.89233257
  4320.57525764  4794.48411951 -5366.28541146  2772.37124355
  6465.71857091  4045.45739042  1801.8675011   -341.28521759
  3622.38302478  2809.35026648  1575.90245258  -738.73271417
  3659.93560291  7107.76190022  4674.8708522   8577.75790362
  8072.41250558  2099.96369581  -720.80005998  5194.92601001
 -2837.67653402  2788.45644755  4911.70914118 -1619.28586344
 -1199.87205689  4085.93855502 -4425.19976406 -1155.61040648
  3554.45865528 -4380.75517883 11446.2568057   3487.60100504
  1810.59012388  1679.50769935  5826.07318586  -308.9841647
  4931.19692126 -8622.33743396]

The result for the 1th execution is
Time
12.510989427566528
Query Result
[3116. 3133. 3058. 3107. 3174. 3175. 3116. 3111. 2986. 3164. 3118. 3038.
 3209. 3155. 3259. 3239. 3117. 2979. 3003. 3192. 3209. 3208. 3036. 3062.
 3102. 2956. 3073. 3128. 3244. 3038. 3127. 3037. 3047. 3087. 3158. 3152.
 3036. 2994. 3101. 3226. 3025. 3152. 3089. 3001. 3036. 2980. 3028. 3210.
 3170. 3209.]
Noised Result
[13975.39148421  3529.78564886  4340.24890617  -894.00426989
  2032.72125481  4078.08127193  3022.60735292  6349.77662708
  -787.95142476 -1708.01813623  8400.10712073  1922.64094868
  1554.82610109 -1543.14841762  -257.22587194  5027.46954727
   253.33684451  1947.15250739  7286.6133814  -1231.0601967
  7276.70119868  5940.47020272 -3486.27000922  2855.91615471
  6956.01854467  6322.47535675  -283.90847036  7965.71303425
  5435.50181998  5225.58456731  9733.72591614  3856.68716959
  1020.41746088  4012.58934086  -846.82700389 -1358.87417973
  2239.1160894   3132.80543245  5358.25213256  8802.61911221
 -3525.98683189  4523.52938518  8483.32360039  5473.453366
  7923.81116613   924.41177183  9818.45951855  2367.59061411
 -2574.12590633 -2109.40205324]

The result for the 2th execution is
Time
12.50019907951355
Query Result
[3116. 3133. 3058. 3107. 3174. 3175. 3116. 3111. 2986. 3164. 3118. 3038.
 3209. 3155. 3259. 3239. 3117. 2979. 3003. 3192. 3209. 3208. 3036. 3062.
 3102. 2956. 3073. 3128. 3244. 3038. 3127. 3037. 3047. 3087. 3158. 3152.
 3036. 2994. 3101. 3226. 3025. 3152. 3089. 3001. 3036. 2980. 3028. 3210.
 3170. 3209.]
Noised Result
[ 2273.63631741    92.09956387  -713.15297787  2773.84281819
  8763.36519139  5724.76939263  1433.72222805  2047.7582576
  -739.41466488  5954.80894734   770.94755587  -242.4272188
  5624.91991733  4581.26253065  8345.62608453  4786.0023091
   965.51034172  -971.8235227  -2286.81191139  -375.86316044
 -2946.72602049  -965.83217098  7707.74951871  7418.88314459
  7529.6688788   5582.02767632  5851.40346509 -2197.52806128
  3285.28269486 -2689.63587299 -5641.11155511  7524.27459961
  3950.62485267   971.43380812  5464.32301078  8262.148105
  5469.81118639 -1473.44148474  7024.67336132  8524.82030869
 -1104.22975789  7848.25782419  2463.34623369  1370.66136122
  3929.54488804 10057.17449907  9524.43196041  2128.18178451
  2575.61179784  4986.19660691]

The result for the 3th execution is
Time
24.95546293258667
Query Result
[3116. 3133. 3058. 3107. 3174. 3175. 3116. 3111. 2986. 3164. 3118. 3038.
 3209. 3155. 3259. 3239. 3117. 2979. 3003. 3192. 3209. 3208. 3036. 3062.
 3102. 2956. 3073. 3128. 3244. 3038. 3127. 3037. 3047. 3087. 3158. 3152.
 3036. 2994. 3101. 3226. 3025. 3152. 3089. 3001. 3036. 2980. 3028. 3210.
 3170. 3209.]
Noised Result
[ 2498.87093031  3688.76114923  6639.62291647  4043.98744847
  6114.84874708 10184.62295376   329.99818776  4175.70361116
  7891.22597524   603.66827898  7897.59538793 -1399.98091684
  3080.83755183  5165.57979807  3580.22366516  3521.02114772
  3519.73854747  4325.97114513  2564.93381288  6632.57028807
 -2331.65276447  6283.71731971  1072.34258967 -3011.9864588
  1998.99341943  1294.35306652  1172.25397369 -4867.62018264
  3659.4027981   4915.86490883  9642.22785427 -5355.66019491
 -2978.90945205 -1582.48440683 -3437.56599952  1211.89522369
  7501.53294598  4444.98751997  1021.53148756 -6110.95529758
 14103.55658359  6833.18728562  4628.2331345   8635.10584626
 -2742.82641459 -1056.31160712  8393.93824736   247.9022045
   215.16513029  9383.10821972]

The result for the 4th execution is
Time
12.390706539154053
Query Result
[3116. 3133. 3058. 3107. 3174. 3175. 3116. 3111. 2986. 3164. 3118. 3038.
 3209. 3155. 3259. 3239. 3117. 2979. 3003. 3192. 3209. 3208. 3036. 3062.
 3102. 2956. 3073. 3128. 3244. 3038. 3127. 3037. 3047. 3087. 3158. 3152.
 3036. 2994. 3101. 3226. 3025. 3152. 3089. 3001. 3036. 2980. 3028. 3210.
 3170. 3209.]
Noised Result
[ 3545.27177862  5364.55160978 -9200.1574225    879.54652492
  -481.91343257  5994.288518    7786.87833676  4181.56506169
 -5784.03715767  -329.5773689   3583.56818036  2678.20991282
  7310.84102859  7507.79393155  3642.967562    -329.42956567
  4284.33823785 -6456.61573417  1957.49424775  4385.00878068
  5154.7670761   2160.71959518  7270.40539031   867.34980069
  2969.04280908  1540.87426684 -2453.35133469  2055.69306043
 -3319.92415102  4611.14254061  -106.90918788 -1309.97697844
  3449.38666184 -3219.60251222  4955.94387655  7195.70756628
  2064.7948146  -3498.83035436  5226.16486071  3809.58665791
  -126.33278936  2239.10101757  2798.60894534 -2164.45612046
   542.97622728  -409.40968142  7410.8735043   5223.37931728
  4261.92089606  5119.76321328]

The result for the 5th execution is
Time
13.043114185333252
Query Result
[3116. 3133. 3058. 3107. 3174. 3175. 3116. 3111. 2986. 3164. 3118. 3038.
 3209. 3155. 3259. 3239. 3117. 2979. 3003. 3192. 3209. 3208. 3036. 3062.
 3102. 2956. 3073. 3128. 3244. 3038. 3127. 3037. 3047. 3087. 3158. 3152.
 3036. 2994. 3101. 3226. 3025. 3152. 3089. 3001. 3036. 2980. 3028. 3210.
 3170. 3209.]
Noised Result
[ 6437.36641921   893.74590988  2218.33342047  4779.2606712
  2573.90279077  3367.85170207 -1023.39081765 -2368.58166896
  2356.16564767 -4178.37970106  5639.96501716  -833.04757979
  5151.63217695   614.85404453 10434.36646476  4071.78456958
  4940.36513836   512.97949259   271.37549735  4631.65684285
  1125.52561183    56.34130074  6976.15670994  7323.81536568
  6334.22488725  2843.05596037  2867.10892634  2208.84850382
  4239.6357193    987.62219173   384.333495    5275.20599662
 -2601.28050075  2921.48979333  5970.84730857 11821.29793044
  4442.0864203   3975.53918505  5086.02005186  8421.309123
  4231.13038846  5909.00029002  2843.07271806  6904.46813922
   507.69344028  4274.11331573  9031.45359179   931.16836741
  2865.68188032  8265.02782186]

The result for the 6th execution is
Time
24.356590747833252
Query Result
[3116. 3133. 3058. 3107. 3174. 3175. 3116. 3111. 2986. 3164. 3118. 3038.
 3209. 3155. 3259. 3239. 3117. 2979. 3003. 3192. 3209. 3208. 3036. 3062.
 3102. 2956. 3073. 3128. 3244. 3038. 3127. 3037. 3047. 3087. 3158. 3152.
 3036. 2994. 3101. 3226. 3025. 3152. 3089. 3001. 3036. 2980. 3028. 3210.
 3170. 3209.]
Noised Result
[ 2937.62879059  6695.55713223  4133.4670791  -2763.51591499
  2156.52202756    47.9702746   2362.42140836 -1108.2048155
  2076.06627064  4109.12354866 -1790.00485912  -355.39370541
  3643.0371134  -2503.43867702  5339.75176587  4839.23896282
 -2400.48341959  -964.40186824 -8007.30113673  -195.73726918
  6144.55656652  1833.71070873  8366.29846567    43.16572316
 11803.52052107  -492.96506984    26.38648359  1615.75069665
 -1872.56182507 -2388.93534845  8312.08863382  7313.91281555
  4878.93836392  1625.17866278 -3912.3696386   8090.50173122
   100.96212447  6331.61228117  3472.13205876  -469.59856012
  3581.55011059  1020.07248014  1245.69509133 -3195.60702588
  2754.27015805  8406.32092964  7161.66724398  1341.58761253
  6395.43107763 -2933.93954639]

The result for the 7th execution is
Time
23.339727640151978
Query Result
[3116. 3133. 3058. 3107. 3174. 3175. 3116. 3111. 2986. 3164. 3118. 3038.
 3209. 3155. 3259. 3239. 3117. 2979. 3003. 3192. 3209. 3208. 3036. 3062.
 3102. 2956. 3073. 3128. 3244. 3038. 3127. 3037. 3047. 3087. 3158. 3152.
 3036. 2994. 3101. 3226. 3025. 3152. 3089. 3001. 3036. 2980. 3028. 3210.
 3170. 3209.]
Noised Result
[-1960.76761542  6872.24418457 -2630.17229083  7609.9178606
  2477.8837799   2048.11356035  3158.38190572  -454.42233109
  1548.79855888 -2970.32439936  4617.15037914    53.70433528
  6039.33192863  4379.53618236   272.73743753  7016.40574886
  6619.57908547 -2504.83937605  4194.77895153   437.558763
  5723.85187364 -2885.19065551  3292.00986163  3790.61841071
 -3396.2393919   2893.20056854 10539.89091991  2628.64961314
  -964.48890763  5236.21744675 10310.0254818   9315.90041367
  2334.02036832  1830.96268481 -3046.30604346  2518.54640261
  3386.32190492   -74.70118645  3260.5653328   -563.50968291
  1985.32402564  3550.93645355  2304.9183082   3983.55632225
  2401.02576958  5102.26556342 -2020.8642287   2527.23808001
  6908.01510694  -841.94536848]

The result for the 8th execution is
Time
23.578149557113647
Query Result
[3116. 3133. 3058. 3107. 3174. 3175. 3116. 3111. 2986. 3164. 3118. 3038.
 3209. 3155. 3259. 3239. 3117. 2979. 3003. 3192. 3209. 3208. 3036. 3062.
 3102. 2956. 3073. 3128. 3244. 3038. 3127. 3037. 3047. 3087. 3158. 3152.
 3036. 2994. 3101. 3226. 3025. 3152. 3089. 3001. 3036. 2980. 3028. 3210.
 3170. 3209.]
Noised Result
[ 5982.78110262  1065.62655333  1906.66338256 -2847.04211931
  9276.14254105   -41.03619944  9495.28533702  5170.10695844
 -2204.09872672  5944.51941235 10391.98571777   152.20718889
  6727.19494671  1027.32098467  7303.81603329  1035.18303207
  5545.73682553  7701.40843976  2344.17850663 -2725.63455942
  2142.02649453   355.79883713  2938.42077627  5457.00324434
  6993.51531023  2361.84995195 -9338.4375342   3423.19756109
  4244.06519916   -14.01707105  3246.93879281  -799.86875458
  3655.75818     2882.00938789   944.39422637  7875.43444184
  8944.27155275  6691.10170974  9194.07212934  4849.65227886
 -1381.0489421   5592.7512528  -1468.82456375  5702.94516478
  3401.7680898   3390.76117539 13342.58484005  1520.83146652
  1574.26859167  5793.36079352]

The result for the 9th execution is
Time
21.630227088928223
Query Result
[3116. 3133. 3058. 3107. 3174. 3175. 3116. 3111. 2986. 3164. 3118. 3038.
 3209. 3155. 3259. 3239. 3117. 2979. 3003. 3192. 3209. 3208. 3036. 3062.
 3102. 2956. 3073. 3128. 3244. 3038. 3127. 3037. 3047. 3087. 3158. 3152.
 3036. 2994. 3101. 3226. 3025. 3152. 3089. 3001. 3036. 2980. 3028. 3210.
 3170. 3209.]
Noised Result
[ 8.68492164e+02  3.90425458e+03  3.30337758e+03  2.35998284e+03
 -1.81180041e+03  9.61748027e+03  3.49210360e+03  1.03994888e+03
  8.20095055e+03  5.70419317e+03  5.53356959e+03  3.53806298e+03
  1.65475095e+03  2.90327013e+03  8.24785253e+03 -3.53544878e+02
  4.03910467e+03  7.98988867e+03 -2.24715155e+03 -1.52504355e+03
 -2.28203149e+03  5.82976670e+03  6.73173495e+03  6.09808514e+03
 -3.57457533e+03  3.77858466e+03  7.01189839e+03  4.13005248e+03
  7.83076446e+03 -1.91086066e+03  8.66683890e+03  5.93305734e+02
  4.30262016e+03  1.88027535e+03  4.15477810e+03  5.93901854e+03
  4.98793002e+03 -4.30658190e+03 -2.51296537e+00  3.17573246e+02
  6.91986022e+03  1.39620992e+03 -1.58802214e+03  1.26669403e+03
 -3.68511686e+03  6.59668586e+03  1.53026212e+02 -2.72950995e+03
  2.39303124e+03  1.23861793e+03]

The result for the 10th execution is
Time
11.974313259124756
Query Result
[3116. 3133. 3058. 3107. 3174. 3175. 3116. 3111. 2986. 3164. 3118. 3038.
 3209. 3155. 3259. 3239. 3117. 2979. 3003. 3192. 3209. 3208. 3036. 3062.
 3102. 2956. 3073. 3128. 3244. 3038. 3127. 3037. 3047. 3087. 3158. 3152.
 3036. 2994. 3101. 3226. 3025. 3152. 3089. 3001. 3036. 2980. 3028. 3210.
 3170. 3209.]
Noised Result
[ 8150.48831721 -3935.03119065  3318.78342907  2506.44824789
  4684.67010157  7362.2924297   1602.93782003  9116.27358399
  4549.88426843  3074.01395766  4912.58903096  3099.44675445
  5759.08698966  5687.0503138   -828.52604905  7153.05629675
  4051.81419467  2228.45201379  4884.06703062  3882.38458586
 -2307.84237405  1437.969134    4646.68616326  -318.57269375
  -778.47318729  7678.09223364  7042.78919325  -146.03027124
  7099.83621036  5646.84047754  3850.97208501  8029.97687536
  4462.47335404  8129.29312351  4672.53694798 14625.00711285
  7983.37321726  -423.04905451  1344.01093369 -4009.23935637
  3769.35848233 -2066.31853094  7259.49825709  5321.18857368
  3569.8022645   -865.18372503  1041.37878194  7097.3303595
  6298.65917009  5295.31536275]

The result for the 11th execution is
Time
21.507410526275635
Query Result
[3116. 3133. 3058. 3107. 3174. 3175. 3116. 3111. 2986. 3164. 3118. 3038.
 3209. 3155. 3259. 3239. 3117. 2979. 3003. 3192. 3209. 3208. 3036. 3062.
 3102. 2956. 3073. 3128. 3244. 3038. 3127. 3037. 3047. 3087. 3158. 3152.
 3036. 2994. 3101. 3226. 3025. 3152. 3089. 3001. 3036. 2980. 3028. 3210.
 3170. 3209.]
Noised Result
[ 3613.92337808    29.24350752  6799.53241585 -2897.21422938
  5028.67107401  -698.50860372  7897.9104556   1280.18469052
  1903.32113119  1620.21894333  1476.56554482  7036.05521416
  3467.31739719   121.44103627  1427.80966762  5259.62633363
 -6660.66504731 -1020.25739593  8157.35218357  1700.58640882
  1608.36826609 10042.77518618  4880.7286071   3476.26005409
  3873.20022087 10244.83324426 12337.09219071  4132.01152993
 -1768.27154345 -2077.57822041  -296.36540065  3468.20126743
  4051.4741871   7737.08626844  2350.59969812   247.92602487
  4936.55423071 -4314.57020287  5664.94470841 -1729.01943478
  6361.29771977  1194.34581793  5416.21474245  4827.75428762
  4951.03549793  5827.20649477  4660.11288791 -2268.43589785
  7616.0140852   -282.35839045]

The result for the 12th execution is
Time
13.169313192367554
Query Result
[3116. 3133. 3058. 3107. 3174. 3175. 3116. 3111. 2986. 3164. 3118. 3038.
 3209. 3155. 3259. 3239. 3117. 2979. 3003. 3192. 3209. 3208. 3036. 3062.
 3102. 2956. 3073. 3128. 3244. 3038. 3127. 3037. 3047. 3087. 3158. 3152.
 3036. 2994. 3101. 3226. 3025. 3152. 3089. 3001. 3036. 2980. 3028. 3210.
 3170. 3209.]
Noised Result
[ 3739.54075854  8322.56628993  3886.42813596  8793.79462084
  2782.20164258  4707.42237501 -1856.74027986 -2772.8210327
  3997.68159763  3872.06755197 -1442.57126762   -82.55111816
  6269.8913498   9112.18242718 -2092.22815063  1369.52693891
  4701.41611087  2206.12068345 10601.90924193  9165.39680482
  4114.72828499 -1256.2678481   5655.86128944   448.1570323
  5448.41254506  7431.89053418  3129.55014024  2878.88663263
  7112.42469118  1054.22041492 -6648.49015865 -3256.50497431
 12640.05825449  2522.90805017 -1996.69875126  6216.6359644
  4755.54940712  -211.03495021  -780.44550406  4276.47341129
  2015.79808183  -384.01406107   688.21542142 11389.38994505
   294.77443438 11547.80487887  6609.35486083 -5954.85675692
 10858.77670996  6281.42098112]

The result for the 13th execution is
Time
24.074028491973877
Query Result
[3116. 3133. 3058. 3107. 3174. 3175. 3116. 3111. 2986. 3164. 3118. 3038.
 3209. 3155. 3259. 3239. 3117. 2979. 3003. 3192. 3209. 3208. 3036. 3062.
 3102. 2956. 3073. 3128. 3244. 3038. 3127. 3037. 3047. 3087. 3158. 3152.
 3036. 2994. 3101. 3226. 3025. 3152. 3089. 3001. 3036. 2980. 3028. 3210.
 3170. 3209.]
Noised Result
[ 5952.30969573  2780.99820476  2531.15821865  3250.30763594
  7261.08976433 -2085.16832521  1339.5305124   2638.78929711
 -2698.2527689   2448.10720057   880.08237588  7981.25958438
  3477.4450108   -198.16121121 -4902.01734191  1600.89783125
  4053.16688075  3703.04147509  4137.71007443   -94.18319434
  4973.19359484 -5519.62297658  6930.3521175   3474.14346258
  3540.3510945  -7092.95386689  3576.19699634  5818.11455564
  4406.81338997   619.51363083  7993.50918549  6859.30631458
  2200.82529849   318.05275548 -7385.858928    1780.7899531
  5674.08828486   329.09844014  4684.19485398  -580.12002995
 -1048.61909202  4033.28258394 -3122.6405056   1182.75781459
  5033.89669384  1190.23736589  5526.70490372 -1506.28775955
 -5573.58228814   996.8982986 ]

The result for the 14th execution is
Time
22.144818544387817
Query Result
[3116. 3133. 3058. 3107. 3174. 3175. 3116. 3111. 2986. 3164. 3118. 3038.
 3209. 3155. 3259. 3239. 3117. 2979. 3003. 3192. 3209. 3208. 3036. 3062.
 3102. 2956. 3073. 3128. 3244. 3038. 3127. 3037. 3047. 3087. 3158. 3152.
 3036. 2994. 3101. 3226. 3025. 3152. 3089. 3001. 3036. 2980. 3028. 3210.
 3170. 3209.]
Noised Result
[ 8213.13603699 -5268.9818688    159.21128908  2217.49053645
  4444.56839023  7324.96122156  2801.65706042  2976.17676349
  -439.48671535  1644.79724245  6678.8792492  -3568.12609721
  5571.04448621  3041.64232439  4023.95906028  3353.83514678
 -2290.01475731  4215.1239166  -2134.38108756  2164.66492638
 -3424.38992495  1382.2811301    851.96294504  2320.38890442
   993.50378636 -1431.3851012  -1175.48769208   890.11391735
  6674.88612332  8769.95796373 -5974.29457732  2655.6558895
  9611.68928045 -4830.14024895   739.28038942  8331.77928597
  6747.11089119 -1991.6770237   4183.84349422  4677.4812876
 -2938.75522116  2754.24854796  6634.9586664     94.70787742
   434.35406212  2606.08567151  6030.80321524  5197.06992813
   926.56147303 12001.06284568]

The result for the 15th execution is
Time
22.47639513015747
Query Result
[3116. 3133. 3058. 3107. 3174. 3175. 3116. 3111. 2986. 3164. 3118. 3038.
 3209. 3155. 3259. 3239. 3117. 2979. 3003. 3192. 3209. 3208. 3036. 3062.
 3102. 2956. 3073. 3128. 3244. 3038. 3127. 3037. 3047. 3087. 3158. 3152.
 3036. 2994. 3101. 3226. 3025. 3152. 3089. 3001. 3036. 2980. 3028. 3210.
 3170. 3209.]
Noised Result
[-2.41996202e+03  6.79388120e+03 -1.52953391e+02 -4.01131179e+02
 -1.34916063e+03  3.65461516e+03  1.89844408e+03  6.82911290e+03
  5.30819678e+03  1.33483576e+03  5.74454558e+03 -1.23591272e+03
  9.30827416e+03  3.49639568e+03  2.70718955e+03  2.13191109e+03
 -7.29186082e+03  5.09422018e+03 -2.77939343e+02 -2.06254115e+03
  2.28490993e+03  2.57480489e+03  2.67062589e+03 -2.74605437e+02
  8.28008038e+03  8.31784982e+03  2.02058414e+03  3.26536693e+03
  3.71768100e+03 -2.00673776e+03  3.24248357e+03 -4.83129259e+03
 -2.34804284e+03  8.09255191e+03  4.01813220e+03  6.20222431e+03
  1.06255546e+03 -1.39755636e+03  1.58579611e+00  6.61380166e+03
  6.32979188e+03  5.78335268e+03 -7.75387102e+02 -2.48230097e+03
  5.35824830e+03 -1.32259597e+03  4.01496495e+03  2.98678053e+03
 -4.07307567e+03  9.51858966e+03]

The result for the 16th execution is
Time
13.373618602752686
Query Result
[3116. 3133. 3058. 3107. 3174. 3175. 3116. 3111. 2986. 3164. 3118. 3038.
 3209. 3155. 3259. 3239. 3117. 2979. 3003. 3192. 3209. 3208. 3036. 3062.
 3102. 2956. 3073. 3128. 3244. 3038. 3127. 3037. 3047. 3087. 3158. 3152.
 3036. 2994. 3101. 3226. 3025. 3152. 3089. 3001. 3036. 2980. 3028. 3210.
 3170. 3209.]
Noised Result
[ 1589.14053358  8085.36103333 -5907.5849643   3180.99948331
 -3545.35951016  2390.14089212 12107.30565704  1091.70212384
 -3279.44886487  1984.19404941  2883.50741854  2214.47279795
  8527.02417339  3786.51169994   705.94915693 -2543.87748646
  3405.57678137  9284.7636851   2641.75406223 -6149.80541754
 -3827.63205691  9144.3559702    -58.64134871  7102.66883788
  -296.11959179  1315.4020356   9900.05468318  3578.85036664
 11859.75139639  1351.71243796 -2177.94828843  2427.39294809
   901.795689    4672.46656803  7935.18167918 10019.19900282
  2326.7449372   8069.29383559  4628.41559753  4392.61257697
   685.12676066  8616.1611742   2731.69485287 -1837.81902084
  2888.21387224  6546.90316562  9124.67740222 11623.40483793
  -201.54979523  3874.3081935 ]

The result for the 17th execution is
Time
23.66189670562744
Query Result
[3116. 3133. 3058. 3107. 3174. 3175. 3116. 3111. 2986. 3164. 3118. 3038.
 3209. 3155. 3259. 3239. 3117. 2979. 3003. 3192. 3209. 3208. 3036. 3062.
 3102. 2956. 3073. 3128. 3244. 3038. 3127. 3037. 3047. 3087. 3158. 3152.
 3036. 2994. 3101. 3226. 3025. 3152. 3089. 3001. 3036. 2980. 3028. 3210.
 3170. 3209.]
Noised Result
[ 8157.50314535  4148.68085879 11655.73795582  4278.74471237
  6694.90665788  7491.40596813 -2674.0313491    548.33605713
  1807.77086483  3768.55376571  1955.17818514  9313.08934132
  -541.68837801  4480.45155806  4902.87077278 -3174.16195504
  5036.62934464  2783.92634986  6855.21760408  4036.73312605
 10869.34913296 -1254.38445901 -2394.99747904 13076.28117727
  4839.11899663  1037.01860653  -953.86768758  -209.39349554
  8092.44935695 -6967.96928485  6078.27202438 -6025.8588029
   409.28614388   425.50218228  6948.91212206  8399.01865202
   597.96818034 -2255.7447075   8966.18198996 -3612.48597102
  5683.52809949  6912.12784983  -565.08343337  4978.38721561
 -6877.36314645  5667.6068218   3541.50149812  3292.92534998
  4339.49413807  -483.25366628]

The result for the 18th execution is
Time
11.976989507675171
Query Result
[3116. 3133. 3058. 3107. 3174. 3175. 3116. 3111. 2986. 3164. 3118. 3038.
 3209. 3155. 3259. 3239. 3117. 2979. 3003. 3192. 3209. 3208. 3036. 3062.
 3102. 2956. 3073. 3128. 3244. 3038. 3127. 3037. 3047. 3087. 3158. 3152.
 3036. 2994. 3101. 3226. 3025. 3152. 3089. 3001. 3036. 2980. 3028. 3210.
 3170. 3209.]
Noised Result
[ 2.35532515e+03  5.26068631e+03  1.06198766e+04  6.21218785e+03
  9.22665788e+03 -5.78916255e+00  8.30431884e+03  4.71355202e+03
  9.48610126e+02 -3.42501745e+03 -1.51670769e+03  1.42966456e+03
  6.56251406e+03  2.34353320e+03  4.44868105e+03  1.69097081e+03
  5.36530939e+03 -4.62222967e+02  6.07653660e+03  1.53470031e+03
  2.99707576e+03  7.43133236e+03  3.38137728e+03 -1.46275078e+03
  8.39230285e+03  6.69704500e+03  4.11585901e+03  8.56345042e+03
  8.35226882e+03  5.02388796e+03  2.65723225e+03  2.48765036e+03
  1.22107628e+04  5.56374408e+03  2.13440896e+03 -3.14574077e+03
  3.97759860e+03 -1.00860313e+03  3.45892370e+03 -9.48354314e+02
 -2.19683005e+03  6.39682665e+03  9.61260017e+00  5.60087320e+03
  8.01660505e+03 -1.30458253e+03  2.71901111e+03  2.58728043e+03
 -3.07533193e+02  2.97593693e+03]

The result for the 19th execution is
Time
23.953221797943115
Query Result
[3116. 3133. 3058. 3107. 3174. 3175. 3116. 3111. 2986. 3164. 3118. 3038.
 3209. 3155. 3259. 3239. 3117. 2979. 3003. 3192. 3209. 3208. 3036. 3062.
 3102. 2956. 3073. 3128. 3244. 3038. 3127. 3037. 3047. 3087. 3158. 3152.
 3036. 2994. 3101. 3226. 3025. 3152. 3089. 3001. 3036. 2980. 3028. 3210.
 3170. 3209.]
Noised Result
[-3279.28377185  1981.10761708  6027.93415323  6027.65783812
   510.71890472  2454.4991095    350.10773477 -2764.13426665
   819.12901842  2535.07740994 10262.14490217  6584.95003703
   362.08917336  1840.4557941   3918.72838732  4876.53454711
 -2832.42578978  2270.05075231   219.19418457 -1742.09616873
 -1349.28053198  4411.84290041  6713.26404619  8742.44264548
 10697.25804453  1240.9896016  -3165.91347614   277.2867163
  7631.64179701  3098.33449945  2379.1362339   6897.23224394
 -4744.1533575   2604.89972118  8750.61088804  6047.31644673
  4731.19817925  2712.5055098   8189.51771229  4826.56987404
  7931.64984628 -3521.11296954  6200.47173174   995.29339572
  1654.15296353  1305.44607078  2614.09863859 -1750.21512118
 10854.83118345 10149.59152343]

