The result for the 0th execution is
Time
14882.180702924728
Query Result
[2720019.41214722 2801530.80951601 2747741.29239458 2870253.59753331
 2756300.28883111 2752934.9905174  2748918.5063033  2776952.6599567
 2749537.12797138 2766627.94958737 2764061.99799709 2835894.282625
 2840495.18703757 2772855.94358149 2817262.23303979 2844715.11976689
 2809049.5733608  2760699.7566586  2865417.53020779 2787411.81159769
 2785106.69988714 2801806.69325102 2744348.37362811 2780514.42907723
 2855014.53672631]
Noised Result
[2595347.33114741 2621108.71305195 3041795.5105584  2793694.64255753
 2735626.00561864 2670734.04458828 2653354.47337866 2672531.71621073
 2668812.71017157 2784032.91488835 2722260.8523521  2829869.95001136
 2809940.01549651 2801654.74964963 2850441.95289213 2807920.04194687
 2555359.99679693 2713718.42837825 3077776.82005176 2893270.38617827
 3071280.25111896 2642725.67232042 2659741.08405367 2993844.47177568
 2802706.84349029]

The result for the 1th execution is
Time
8050.93322134018
Query Result
[2720019.41214722 2801530.80951601 2747741.29239458 2870253.59753331
 2756300.28883111 2752934.9905174  2748918.5063033  2776952.6599567
 2749537.12797138 2766627.94958737 2764061.99799709 2835894.282625
 2840495.18703757 2772855.94358149 2817262.23303979 2844715.11976689
 2809049.5733608  2760699.7566586  2865417.53020779 2787411.81159769
 2785106.69988714 2801806.69325102 2744348.37362811 2780514.42907723
 2855014.53672631]
Noised Result
[2722432.32250558 2667118.80583699 2725528.5932265  3024680.4981982
 2874069.05982425 2809808.72275443 2619335.15610323 2741724.47691482
 2850762.26878455 2680333.12972827 2838837.2415253  2745208.07068103
 2888832.85925027 2768928.32742902 2977857.13130684 3020020.63640198
 2655417.94391209 2411404.09929177 2879815.44046375 2680812.53133032
 2830150.3064054  2589386.85275912 2690458.23403903 2782858.35919389
 2905583.25242621]

The result for the 2th execution is
Time
7650.752384662628
Query Result
[2720019.41214722 2801530.80951601 2747741.29239458 2870253.59753331
 2756300.28883111 2752934.9905174  2748918.5063033  2776952.6599567
 2749537.12797138 2766627.94958737 2764061.99799709 2835894.282625
 2840495.18703757 2772855.94358149 2817262.23303979 2844715.11976689
 2809049.5733608  2760699.7566586  2865417.53020779 2787411.81159769
 2785106.69988714 2801806.69325102 2744348.37362811 2780514.42907723
 2855014.53672631]
Noised Result
[2738076.43381718 2844820.86284905 2799353.28142837 2931787.37566862
 2845123.59531378 2769248.09649656 2949658.30874812 2877712.83443114
 2692626.94663798 2578208.77962421 2924950.85964137 2555156.24481643
 2908184.04377192 2683304.85505251 2633847.09526569 2883388.62283063
 2683497.5876819  3077198.90022618 3064135.38187231 2751032.72951155
 2604018.22148152 2729439.03410965 3108515.1291945  2795352.32437081
 2964335.87631969]

The result for the 3th execution is
Time
15015.375874519348
Query Result
[2720019.41214722 2801530.80951601 2747741.29239458 2870253.59753331
 2756300.28883111 2752934.9905174  2748918.5063033  2776952.6599567
 2749537.12797138 2766627.94958737 2764061.99799709 2835894.282625
 2840495.18703757 2772855.94358149 2817262.23303979 2844715.11976689
 2809049.5733608  2760699.7566586  2865417.53020779 2787411.81159769
 2785106.69988714 2801806.69325102 2744348.37362811 2780514.42907723
 2855014.53672631]
Noised Result
[2667613.53552172 2632906.11984183 2881460.99951328 2701848.8552057
 2773488.62168558 2885145.4656355  2885670.65432172 2366136.7462666
 2673754.65539191 2722682.44539107 2889878.00957857 2984122.15048213
 2545113.02405545 2764173.86818537 2972177.90978368 2915704.12180394
 2952913.46602648 2526642.36795081 2719767.05042613 2818267.75674329
 3036051.51700486 2644836.21505643 2654460.41862257 2686174.62993467
 2843951.83041253]

The result for the 4th execution is
Time
14937.052001476288
Query Result
[2720019.41214722 2801530.80951601 2747741.29239458 2870253.59753331
 2756300.28883111 2752934.9905174  2748918.5063033  2776952.6599567
 2749537.12797138 2766627.94958737 2764061.99799709 2835894.282625
 2840495.18703757 2772855.94358149 2817262.23303979 2844715.11976689
 2809049.5733608  2760699.7566586  2865417.53020779 2787411.81159769
 2785106.69988714 2801806.69325102 2744348.37362811 2780514.42907723
 2855014.53672631]
Noised Result
[2746910.80525509 2866056.71883569 2983085.3742315  3140427.1314404
 3038063.98182127 2517760.36105058 2615003.82442067 2956341.40554476
 2378491.47947814 3010369.88746474 2766678.69533312 3062165.42826367
 2857865.22270165 2731813.10947107 2661160.85388653 2885474.8804376
 2952943.88724686 2966733.6688006  2889796.92458964 2936841.19300828
 2788699.04071686 2556544.80011886 2885639.99302621 2726947.51921733
 2845025.25159245]

The result for the 5th execution is
Time
14897.401261091232
Query Result
[2720019.41214722 2801530.80951601 2747741.29239458 2870253.59753331
 2756300.28883111 2752934.9905174  2748918.5063033  2776952.6599567
 2749537.12797138 2766627.94958737 2764061.99799709 2835894.282625
 2840495.18703757 2772855.94358149 2817262.23303979 2844715.11976689
 2809049.5733608  2760699.7566586  2865417.53020779 2787411.81159769
 2785106.69988714 2801806.69325102 2744348.37362811 2780514.42907723
 2855014.53672631]
Noised Result
[3492674.43121603 2421713.45634121 2138694.37506801 3125908.19591115
 3443047.26230327 1768043.92609038 3354339.4199132  2383058.89790766
 2515064.26494719 1874821.1422957  2557646.26626584 3749442.94034203
 2687135.09301563 3725486.93985797 3609564.74076569 3279582.7078296
 3375132.68732648 1722523.3435831  3464434.15251864 1623692.03506385
 3369838.62079772 2676395.55295607 2322961.86380358 2496799.32128755
 2770479.72240849]

The result for the 6th execution is
Time
14909.102244138718
Query Result
[2720019.41214722 2801530.80951601 2747741.29239458 2870253.59753331
 2756300.28883111 2752934.9905174  2748918.5063033  2776952.6599567
 2749537.12797138 2766627.94958737 2764061.99799709 2835894.282625
 2840495.18703757 2772855.94358149 2817262.23303979 2844715.11976689
 2809049.5733608  2760699.7566586  2865417.53020779 2787411.81159769
 2785106.69988714 2801806.69325102 2744348.37362811 2780514.42907723
 2855014.53672631]
Noised Result
[2682737.74559915 2736500.49766841 2578683.70738683 2977056.49045171
 2847117.27199751 3048314.51438391 2771376.3229381  3012105.43002589
 2604962.2039583  2822748.1086474  2789424.36989493 2833584.45608977
 3036293.31132492 2722907.00418819 2691949.6805476  2957585.06640115
 2866246.5705439  3004982.30044179 2942426.40745295 3012794.84188595
 2739439.00797457 2719512.25753712 2451740.83150266 2665983.65926023
 2944244.41372505]

The result for the 7th execution is
Time
14945.443750143051
Query Result
[2720019.41214722 2801530.80951601 2747741.29239458 2870253.59753331
 2756300.28883111 2752934.9905174  2748918.5063033  2776952.6599567
 2749537.12797138 2766627.94958737 2764061.99799709 2835894.282625
 2840495.18703757 2772855.94358149 2817262.23303979 2844715.11976689
 2809049.5733608  2760699.7566586  2865417.53020779 2787411.81159769
 2785106.69988714 2801806.69325102 2744348.37362811 2780514.42907723
 2855014.53672631]
Noised Result
[2411160.22672802 2601648.27245601 2413213.42142619 2806619.45005266
 2734275.25726135 2530818.6113735  2632216.7926155  3022802.39359263
 2648919.44144098 2706677.5784745  2637311.4255278  2857180.65895615
 2812758.2478441  3016796.26524744 2834647.54946019 2356249.36582724
 2660234.50402879 2822027.29046215 2881768.21541062 2928631.1353565
 2749935.03191275 2630665.04066615 2635094.21920136 2769882.98833613
 2831575.67775315]

The result for the 8th execution is
DS is 2304.1222991000004
Time
13864.741624355316
Query Result
[2720019.41214722 2801530.80951601 2747741.29239458 2870253.59753331
 2756300.28883111 2752934.9905174  2748918.5063033  2776952.6599567
 2749537.12797138 2766627.94958737 2764061.99799709 2835894.282625
 2840495.18703757 2772855.94358149 2817262.23303979 2844715.11976689
 2809049.5733608  2760699.7566586  2865417.53020779 2787411.81159769
 2785106.69988714 2801806.69325102 2744348.37362811 2780514.42907723
 2855014.53672631]
Noised Result
[3282669.37727086 2871293.40761341 2360313.4319565  2925330.95246799
 2255572.10477742 2499783.8408237  2849062.84157791 3079647.98166512
 2667600.98200519 2655813.87026045 2569363.33610049 2741314.74535181
 2639505.07995956 2969089.28569307 3337627.84872849 3059510.41588466
 2730244.88944068 2766783.4923629  3413477.40608193 2776184.02635494
 2808250.76020544 3433888.11862533 2388299.00668927 2672323.02818452
 2413898.25417565]

The result for the 9th execution is
Time
14877.34812426567
Query Result
[2720019.41214722 2801530.80951601 2747741.29239458 2870253.59753331
 2756300.28883111 2752934.9905174  2748918.5063033  2776952.6599567
 2749537.12797138 2766627.94958737 2764061.99799709 2835894.282625
 2840495.18703757 2772855.94358149 2817262.23303979 2844715.11976689
 2809049.5733608  2760699.7566586  2865417.53020779 2787411.81159769
 2785106.69988714 2801806.69325102 2744348.37362811 2780514.42907723
 2855014.53672631]
Noised Result
[2532887.09022164 2837751.77378263 2706223.37033073 2979256.60548281
 2843201.45731448 2883848.61825256 2820816.19870877 2692755.32442458
 2844455.56640786 2789269.92183388 2899837.64913665 3033478.47152725
 2937736.6061123  2785322.79462601 2767844.74713239 2667046.90938896
 2680687.46641538 2606296.28345479 2994298.71587401 2754415.87983684
 2655610.00409915 2792404.82652287 2683269.89551858 2679257.8962539
 2286522.44659974]