The result for the 0th execution is
Time
99.20252227783203
Query Result
[365541.3146448 364872.0045593 334897.3674182 377721.186895
 316781.7920493 322217.5306328 311377.1336412 321449.4538239
 371200.0205162 362094.3465017 351387.0598025 354595.0123765
 366826.4801417 353692.8776735 341125.0441157 343207.3316317
 350126.3749764 355266.4130546 367146.959121  350285.6125326
 358930.7472158 335115.5118889 350842.7559774 341934.1614589
 360109.822937 ]
Noised Result
[ 173926.87450786  -31006.39090117  370546.60700157 -977923.5801098
 -365251.88996261  241965.93803967  915206.23520265 1560685.53787037
  549950.54522266  352294.56128399  -48734.6654408     6183.54993929
  828630.85742974  360945.71425    -761404.50590036 -158134.68490602
   75621.38944457  323466.86581694  -28400.15537327  480751.74485051
  179205.98980768  180396.78885966  252695.62620312  -32894.14245714
  107180.83092801]

The result for the 1th execution is
Time
98.58178281784058
Query Result
[365541.3146448 364872.0045593 334897.3674182 377721.186895
 316781.7920493 322217.5306328 311377.1336412 321449.4538239
 371200.0205162 362094.3465017 351387.0598025 354595.0123765
 366826.4801417 353692.8776735 341125.0441157 343207.3316317
 350126.3749764 355266.4130546 367146.959121  350285.6125326
 358930.7472158 335115.5118889 350842.7559774 341934.1614589
 360109.822937 ]
Noised Result
[1335692.40367302  907955.15464756  740442.73954988 -441732.88481996
  354577.31363518 -268797.38601021  591547.5102183  -330547.57181201
  423822.61913714  706578.65669047   80975.84189447 -592117.95979799
  544800.5522603  -482815.28392597  -61318.06889429 -244780.80107738
 -708753.50836265  627329.73767961  585418.95728707 1379255.48756269
 -283066.01234396  374969.7081614  -234432.98617029 -207992.41320312
  274008.28186773]

The result for the 2th execution is
Time
101.2483172416687
Query Result
[365541.3146448 364872.0045593 334897.3674182 377721.186895
 316781.7920493 322217.5306328 311377.1336412 321449.4538239
 371200.0205162 362094.3465017 351387.0598025 354595.0123765
 366826.4801417 353692.8776735 341125.0441157 343207.3316317
 350126.3749764 355266.4130546 367146.959121  350285.6125326
 358930.7472158 335115.5118889 350842.7559774 341934.1614589
 360109.822937 ]
Noised Result
[  114558.80371549   335943.19507588   824083.05922968   566693.42319684
   729838.27942121  -621170.25823209  -458757.89298545    90270.40535269
   498828.71392675   576140.96050079   818519.12403249   473204.35468283
   701630.23793472 -1028264.16364524   473051.53712214    22817.8470787
  -437923.84084502  1738815.6561857   -111608.45336775   267573.99014355
  -829836.89044018   286677.89688508   398030.50217399  1495238.80113302
   367100.23803367]

The result for the 3th execution is
Time
98.03986597061157
Query Result
[365541.3146448 364872.0045593 334897.3674182 377721.186895
 316781.7920493 322217.5306328 311377.1336412 321449.4538239
 371200.0205162 362094.3465017 351387.0598025 354595.0123765
 366826.4801417 353692.8776735 341125.0441157 343207.3316317
 350126.3749764 355266.4130546 367146.959121  350285.6125326
 358930.7472158 335115.5118889 350842.7559774 341934.1614589
 360109.822937 ]
Noised Result
[1516555.22385208   49058.00405303 -112352.7712933   118846.41435808
  479688.98510176  206159.36173625  696130.20141425   72962.93158214
  801106.74383199  448152.91311958 -730916.23626948  424145.71914687
 -148503.02244337  141223.708674     72160.30177113 -125752.95225163
  847032.68726991   84590.04549345   38355.52558911   18152.00825245
  167920.15318668  391775.4552739   473168.19908329  586258.11177152
 1140669.61166787]

The result for the 4th execution is
Time
98.32746148109436
Query Result
[365541.3146448 364872.0045593 334897.3674182 377721.186895
 316781.7920493 322217.5306328 311377.1336412 321449.4538239
 371200.0205162 362094.3465017 351387.0598025 354595.0123765
 366826.4801417 353692.8776735 341125.0441157 343207.3316317
 350126.3749764 355266.4130546 367146.959121  350285.6125326
 358930.7472158 335115.5118889 350842.7559774 341934.1614589
 360109.822937 ]
Noised Result
[  250576.0881749    599736.3679706   1099822.46990626  -597636.56439984
   283600.12765347 -1199390.6359614   -263148.03927836    71801.66200454
  -497422.3315068    426835.89783988   435023.43902256   950479.11171005
   949928.19367564   714292.24217269  -640168.18273309  -390896.39468859
  -140346.35663113  -178247.9675074    314107.94385331   217663.32264912
   599178.37602942   449070.91987782   551744.43960859   210871.46934369
   901912.03776335]

The result for the 5th execution is
Time
98.72246170043945
Query Result
[365541.3146448 364872.0045593 334897.3674182 377721.186895
 316781.7920493 322217.5306328 311377.1336412 321449.4538239
 371200.0205162 362094.3465017 351387.0598025 354595.0123765
 366826.4801417 353692.8776735 341125.0441157 343207.3316317
 350126.3749764 355266.4130546 367146.959121  350285.6125326
 358930.7472158 335115.5118889 350842.7559774 341934.1614589
 360109.822937 ]
Noised Result
[-274275.60875987 -195580.53615351 -656640.75626527  283892.95883521
  178821.54601162  357149.56947081  479888.64565558 -370580.20973298
  356561.06017775  145746.86994046 -682560.85171662 1047551.1703554
   16474.52277226  597385.33982254  438673.599457    933501.13534475
 1220400.0950178   273884.72823777  206708.57215818 -532386.64334595
   32676.66402392 -368812.72818392  370409.56153181 1019813.45989562
  416947.41700869]

The result for the 6th execution is
Time
98.13641047477722
Query Result
[365541.3146448 364872.0045593 334897.3674182 377721.186895
 316781.7920493 322217.5306328 311377.1336412 321449.4538239
 371200.0205162 362094.3465017 351387.0598025 354595.0123765
 366826.4801417 353692.8776735 341125.0441157 343207.3316317
 350126.3749764 355266.4130546 367146.959121  350285.6125326
 358930.7472158 335115.5118889 350842.7559774 341934.1614589
 360109.822937 ]
Noised Result
[ 923680.14047493 -412305.10756804  353241.32473394 1272262.02650606
 -104509.99455178  453880.46118934  483695.36301731  331691.42884571
   14492.44748128 -165357.55198748 1170255.89438814  139271.07596579
  313704.09449946  637602.13544268   71885.71066277 -425514.56712161
 -621348.0534616   -83908.93724429 1155114.02265001  272504.59640748
 -748533.78361275 -296656.51215291  332583.18207845  525752.0566638
  869831.42245738]

The result for the 7th execution is
Time
98.73463177680969
Query Result
[365541.3146448 364872.0045593 334897.3674182 377721.186895
 316781.7920493 322217.5306328 311377.1336412 321449.4538239
 371200.0205162 362094.3465017 351387.0598025 354595.0123765
 366826.4801417 353692.8776735 341125.0441157 343207.3316317
 350126.3749764 355266.4130546 367146.959121  350285.6125326
 358930.7472158 335115.5118889 350842.7559774 341934.1614589
 360109.822937 ]
Noised Result
[1549370.03793473 -189043.74162952  838403.2381107   733567.65112666
  217192.97933054  139322.73932762  970251.65818289  130897.2636162
  526089.79964145 -100341.02130772  107760.32879005  433784.28844063
  417492.2280919  1258960.18212714  601945.9542788   429896.6591416
  219064.47900428 1136667.10500654  703145.95932069  375634.30538144
 -405949.35537894  217216.60308082  671690.88214418   26107.6508745
 -256386.33742428]

The result for the 8th execution is
Time
99.65624809265137
Query Result
[365541.3146448 364872.0045593 334897.3674182 377721.186895
 316781.7920493 322217.5306328 311377.1336412 321449.4538239
 371200.0205162 362094.3465017 351387.0598025 354595.0123765
 366826.4801417 353692.8776735 341125.0441157 343207.3316317
 350126.3749764 355266.4130546 367146.959121  350285.6125326
 358930.7472158 335115.5118889 350842.7559774 341934.1614589
 360109.822937 ]
Noised Result
[ 527002.82634819  236516.34939395 -176914.37661489 1606291.87268499
  476643.95898536 1247306.98365546  423568.82756854  597819.2222087
  392340.45675605 1248168.6828357   501848.21133982 1048771.52762467
   59512.16671892  432791.70717758  484974.94314374  580242.75755244
  463840.51366069  514622.42570517  783887.94726996  364194.69708413
  873600.62000768  340534.42065007 1285861.1314916   175335.54434719
 1157884.83685489]

The result for the 9th execution is
Time
98.94741320610046
Query Result
[365541.3146448 364872.0045593 334897.3674182 377721.186895
 316781.7920493 322217.5306328 311377.1336412 321449.4538239
 371200.0205162 362094.3465017 351387.0598025 354595.0123765
 366826.4801417 353692.8776735 341125.0441157 343207.3316317
 350126.3749764 355266.4130546 367146.959121  350285.6125326
 358930.7472158 335115.5118889 350842.7559774 341934.1614589
 360109.822937 ]
Noised Result
[-172598.00698006  550522.84611139  391019.7399037    64338.41373914
 -482328.94946301 -214746.81302783  743428.91459327 1332993.26254414
 -111500.17583649  186646.85066982  483342.33271312  309345.4812642
  861112.00356993  -59591.45675709  841839.3901438   421240.58292084
 -229491.8100198    15763.51927949 -159283.32061798 -157619.48789572
 -241187.62628154  -51561.55792142  930649.77042566  341021.25720003
 -563404.87244604]

The result for the 10th execution is
Time
98.28790974617004
Query Result
[365541.3146448 364872.0045593 334897.3674182 377721.186895
 316781.7920493 322217.5306328 311377.1336412 321449.4538239
 371200.0205162 362094.3465017 351387.0598025 354595.0123765
 366826.4801417 353692.8776735 341125.0441157 343207.3316317
 350126.3749764 355266.4130546 367146.959121  350285.6125326
 358930.7472158 335115.5118889 350842.7559774 341934.1614589
 360109.822937 ]
Noised Result
[ -160463.65212406   881454.47057189  1000892.00936292   329414.40244064
 -1136036.46878802   136616.70529932   472127.06956597   589144.98857107
    99921.85496109   774675.23038879   267453.83244689   985073.65804428
   845446.04424775   416087.2094622    524595.23045575  -389695.19600115
   559665.28683075  1029091.78521563   168871.07256662   910596.98187165
   840766.67415202   473020.43348148   274913.60077706   -62480.07068392
   728090.54776613]

The result for the 11th execution is
Time
97.95703887939453
Query Result
[365541.3146448 364872.0045593 334897.3674182 377721.186895
 316781.7920493 322217.5306328 311377.1336412 321449.4538239
 371200.0205162 362094.3465017 351387.0598025 354595.0123765
 366826.4801417 353692.8776735 341125.0441157 343207.3316317
 350126.3749764 355266.4130546 367146.959121  350285.6125326
 358930.7472158 335115.5118889 350842.7559774 341934.1614589
 360109.822937 ]
Noised Result
[ 1746081.97528037  1356145.25689834  1544656.5920289   -245706.2909939
    89740.94235759   -88521.81101239   302089.00874504 -1153839.94485798
 -1109601.89428681 -1242057.13323872 -1173408.33909219   438306.53894993
   -35793.79101754 -2039818.61485769 -2029668.91249607  -601373.04838911
  -338536.80264762 -1844880.31430732   909402.35849895  1031149.73674786
 -1089136.97194555   367706.71627086  -919126.13714358    -2063.19773154
  -451110.63345161]

The result for the 12th execution is
Time
78.66225624084473
Query Result
[365541.3146448 364872.0045593 334897.3674182 377721.186895
 316781.7920493 322217.5306328 311377.1336412 321449.4538239
 371200.0205162 362094.3465017 351387.0598025 354595.0123765
 366826.4801417 353692.8776735 341125.0441157 343207.3316317
 350126.3749764 355266.4130546 367146.959121  350285.6125326
 358930.7472158 335115.5118889 350842.7559774 341934.1614589
 360109.822937 ]
Noised Result
[  122576.22647376  -454308.10842504   859865.41671114   -14366.56308159
   920653.4943325    211064.45629194  1107894.27731828   397190.44506967
    97704.70342092   243499.81844042   142311.75583444   306457.75565705
   122772.31444708 -1180870.22072051   291796.94033193   955632.62058404
   612449.3674767    178783.13715305   -60219.78969693   274878.94617817
  -510386.35723064   565623.69928558  -325011.69487111   885623.3251947
  -202382.13645093]

The result for the 13th execution is
Time
98.90431475639343
Query Result
[365541.3146448 364872.0045593 334897.3674182 377721.186895
 316781.7920493 322217.5306328 311377.1336412 321449.4538239
 371200.0205162 362094.3465017 351387.0598025 354595.0123765
 366826.4801417 353692.8776735 341125.0441157 343207.3316317
 350126.3749764 355266.4130546 367146.959121  350285.6125326
 358930.7472158 335115.5118889 350842.7559774 341934.1614589
 360109.822937 ]
Noised Result
[1248363.03928217  665595.54736094  931987.64025072  -28289.07208322
  -23131.00433165  441536.19046904 1194224.27261409  592076.97443956
 -186542.45009757  453883.09485769  744298.71647874  863316.41720225
 1093909.92058808 1291819.20125812 1213647.9649327   213657.38413046
  739966.76098853 1652533.64780031  347913.09139406  901694.01532143
  783818.22169692  424350.11786846 -401309.84586775 -240115.50650929
 -160912.79398685]

The result for the 14th execution is
Time
78.36344170570374
Query Result
[365541.3146448 364872.0045593 334897.3674182 377721.186895
 316781.7920493 322217.5306328 311377.1336412 321449.4538239
 371200.0205162 362094.3465017 351387.0598025 354595.0123765
 366826.4801417 353692.8776735 341125.0441157 343207.3316317
 350126.3749764 355266.4130546 367146.959121  350285.6125326
 358930.7472158 335115.5118889 350842.7559774 341934.1614589
 360109.822937 ]
Noised Result
[1184223.97371028  -84229.88473591 1182534.40571265 -367273.34286894
  311093.90187538  -74620.17656657  -10987.29517051   98829.0281134
  190796.33604098  581274.03699664  -84489.10970238  171718.88766616
  110068.02410563  447751.07745518   65480.8203932  -451185.16596761
  314667.4395846    34772.62477989 1214350.77067182 -233843.71026107
 1241917.49530277  512019.48172972  198167.3460081   662741.44984944
 -101923.98356857]

The result for the 15th execution is
Time
56.91597390174866
Query Result
[365541.3146448 364872.0045593 334897.3674182 377721.186895
 316781.7920493 322217.5306328 311377.1336412 321449.4538239
 371200.0205162 362094.3465017 351387.0598025 354595.0123765
 366826.4801417 353692.8776735 341125.0441157 343207.3316317
 350126.3749764 355266.4130546 367146.959121  350285.6125326
 358930.7472158 335115.5118889 350842.7559774 341934.1614589
 360109.822937 ]
Noised Result
[-1339722.91139769  2733310.37864781   -97223.56228614   711480.09031118
   151390.03650428   850616.4556194   2484457.51928514 -2078421.84317263
  2118737.94032197   825386.20523959  3161681.74277426  -218406.63310527
   599243.1000273    463309.98454442 -2146802.63178463  -154515.14208747
  2704674.8762723   -490817.36654834   248158.61105677   724320.17342793
  4316568.74374302  1401067.25441486  2600511.76260004  -737652.89920118
  7530243.96235571]

The result for the 16th execution is
Time
98.8043704032898
Query Result
[365541.3146448 364872.0045593 334897.3674182 377721.186895
 316781.7920493 322217.5306328 311377.1336412 321449.4538239
 371200.0205162 362094.3465017 351387.0598025 354595.0123765
 366826.4801417 353692.8776735 341125.0441157 343207.3316317
 350126.3749764 355266.4130546 367146.959121  350285.6125326
 358930.7472158 335115.5118889 350842.7559774 341934.1614589
 360109.822937 ]
Noised Result
[ -976627.94877189   126477.53900713   541992.78299082  1029258.26691049
   733159.92145362   362416.23991791    14193.69005654 -1286160.62550049
   737855.74970789   336968.69063873   191623.41500273   233601.28121667
  1065509.69131663   -12694.2237937    250091.01061978   117896.08020512
   631498.23024321   879811.57064548  -482245.97215042  -349964.34764311
   579411.57763035    55077.53770077   394948.96437138  -589862.65808269
  -244925.64594827]

The result for the 17th execution is
Time
99.26503396034241
Query Result
[365541.3146448 364872.0045593 334897.3674182 377721.186895
 316781.7920493 322217.5306328 311377.1336412 321449.4538239
 371200.0205162 362094.3465017 351387.0598025 354595.0123765
 366826.4801417 353692.8776735 341125.0441157 343207.3316317
 350126.3749764 355266.4130546 367146.959121  350285.6125326
 358930.7472158 335115.5118889 350842.7559774 341934.1614589
 360109.822937 ]
Noised Result
[-1.88451340e+05  9.71733101e+05  2.51556169e+04  9.31178857e+04
 -5.62614640e+05  2.00488426e+06  1.17056393e+06  7.92657350e+05
  1.30978341e+03  6.88211198e+05  5.68825791e+05  5.91223993e+05
  5.03557320e+05  1.77707558e+04  1.06098301e+06  5.89506714e+05
 -1.70379422e+05  3.27055836e+03  3.62300602e+05  8.87338415e+04
  8.76271924e+05  5.63563076e+05 -5.47321680e+02  3.40093368e+05
  1.15975663e+06]

The result for the 18th execution is
Time
99.73381185531616
Query Result
[365541.3146448 364872.0045593 334897.3674182 377721.186895
 316781.7920493 322217.5306328 311377.1336412 321449.4538239
 371200.0205162 362094.3465017 351387.0598025 354595.0123765
 366826.4801417 353692.8776735 341125.0441157 343207.3316317
 350126.3749764 355266.4130546 367146.959121  350285.6125326
 358930.7472158 335115.5118889 350842.7559774 341934.1614589
 360109.822937 ]
Noised Result
[-119396.51870281  162221.22695302  283320.69873302 1147959.47736078
 -537914.39522338  346928.04632741  517599.19707043  786131.08392477
  348644.05132959 -677663.64510584  -45310.47594745  232013.16630323
  406214.25920806 -476364.52469267 -346324.05211869  537210.09508922
  476841.38430116  237791.19903705  890207.26388238  360482.227916
  356193.45023568  183971.46076571  444687.73620455 1076777.91787337
  460707.15816657]

The result for the 19th execution is
Time
97.67856860160828
Query Result
[365541.3146448 364872.0045593 334897.3674182 377721.186895
 316781.7920493 322217.5306328 311377.1336412 321449.4538239
 371200.0205162 362094.3465017 351387.0598025 354595.0123765
 366826.4801417 353692.8776735 341125.0441157 343207.3316317
 350126.3749764 355266.4130546 367146.959121  350285.6125326
 358930.7472158 335115.5118889 350842.7559774 341934.1614589
 360109.822937 ]
Noised Result
[1131666.97974285 -433510.21046894 1129109.23516748  -72559.07921213
  170146.16254736  601203.72467608  167205.43464835 -172368.28066027
  400950.36768623 -138779.49420045  850070.3395188   804081.90363001
 1521546.02865989 -197055.42717888   30726.34811711   10744.29996272
 -167241.61116845 -455689.0313454  -282821.99464627 -327046.85787534
  562772.9759423   402879.5776047   -16690.42248735  737965.75003633
   70538.16571163]

