The result for the 0th execution is
Time
26.190788984298706
Query Result
[6076. 6048. 6057. 6135. 6333. 6392. 6462. 6103. 6332. 6090. 6236. 6309.
 6412. 6281. 6212. 6279. 6228. 6256. 6059. 6049. 6154. 6036. 6088. 6074.
 6104. 6200. 6202. 6247. 6345. 6149. 5895. 6142. 6237. 6105. 6349. 6522.
 6071. 6112. 6105. 6133. 6227. 6255. 6445. 6218. 6209. 6157. 6328. 6140.
 6203. 6193.]
Noised Result
[5067.71112714 5454.15201926 7052.16018553 5305.36384734 5254.69167509
 5744.21903753 6416.11162626 5483.76168981 6308.13689843 5383.56036599
 5075.22699353 6449.75998986 5771.29333002 6135.9462222  4129.77258475
 5727.97479032 6710.9141928  6393.63435617 7121.22706182 7487.7679518
 6163.19174514 5766.40211448 7112.09479911 7561.31103621 7269.60057633
 6218.4125978  6599.78680412 6310.89575662 7162.17961162 6029.80694583
 4214.27989367 7243.0390067  4536.22038349 6391.52484204 7177.2593082
 8263.97907282 7034.95828919 5030.14883015 7364.30659127 7049.19091331
 3853.72549389 6836.43087432 5404.71037611 6392.21201958 4952.17583593
 6329.38231006 6637.55984315 6618.50468025 6375.33118003 5511.49909065]

The result for the 1th execution is
Time
24.200984477996826
Query Result
[6076. 6048. 6057. 6135. 6333. 6392. 6462. 6103. 6332. 6090. 6236. 6309.
 6412. 6281. 6212. 6279. 6228. 6256. 6059. 6049. 6154. 6036. 6088. 6074.
 6104. 6200. 6202. 6247. 6345. 6149. 5895. 6142. 6237. 6105. 6349. 6522.
 6071. 6112. 6105. 6133. 6227. 6255. 6445. 6218. 6209. 6157. 6328. 6140.
 6203. 6193.]
Noised Result
[6255.28443909 6050.35163355 5676.53425172 7021.58794396 6551.86380277
 5550.03239079 6709.43411019 5232.12824455 5464.45192062 7341.4104986
 6866.0672868  7826.89570108 5016.07012979 7508.25374259 6858.58728748
 6428.49922746 5008.54723481 7088.8467948  4791.33977394 4923.38065225
 5322.90174059 8874.94667517 6443.54589876 7443.77621842 7160.39205497
 7838.73108495 4659.64562747 6070.14836125 5874.80701617 7964.75232731
 5497.68854245 6851.30588142 4939.22821005 5978.45326297 7189.26203094
 6735.15199201 5792.04566565 7356.68085102 8138.4831662  4620.4579848
 5744.62003268 5692.90832263 8750.01165247 4346.74086799 6746.77829764
 4730.45713993 5660.06441828 6165.56495052 5751.98870734 7006.36219812]

The result for the 2th execution is
Time
25.20767092704773
Query Result
[6076. 6048. 6057. 6135. 6333. 6392. 6462. 6103. 6332. 6090. 6236. 6309.
 6412. 6281. 6212. 6279. 6228. 6256. 6059. 6049. 6154. 6036. 6088. 6074.
 6104. 6200. 6202. 6247. 6345. 6149. 5895. 6142. 6237. 6105. 6349. 6522.
 6071. 6112. 6105. 6133. 6227. 6255. 6445. 6218. 6209. 6157. 6328. 6140.
 6203. 6193.]
Noised Result
[10758.55067958  4840.19690654  9021.54227103 12505.79525716
  6217.88980096  6563.96146673  1651.8010432   -355.70172606
  7859.0077747   -729.80762034  2349.6298914   4450.50800342
  9062.73018182  7760.97452187  5691.58333051  6636.21913964
  6780.36773283  9240.5000324   6902.19113396 14197.19646507
 17684.34881694 11435.51931988  1508.06781437 10917.86986858
  3421.31052542  1348.4104154   9260.23193926 10290.00264651
 10853.78288064  1295.55581187 12477.59332188  9844.26978056
  5476.94376467   153.33419924  5229.99170181 11936.37980057
  1351.86692588 18928.30411134  5936.03930121 -1068.18103766
 16813.79026273  2707.99765218 12620.93318938 14947.69358427
  9222.61242991  5782.76914889 12044.34129934  4105.10657653
 12029.15650005   881.22268318]

The result for the 3th execution is
Time
44.07305383682251
Query Result
[6076. 6048. 6057. 6135. 6333. 6392. 6462. 6103. 6332. 6090. 6236. 6309.
 6412. 6281. 6212. 6279. 6228. 6256. 6059. 6049. 6154. 6036. 6088. 6074.
 6104. 6200. 6202. 6247. 6345. 6149. 5895. 6142. 6237. 6105. 6349. 6522.
 6071. 6112. 6105. 6133. 6227. 6255. 6445. 6218. 6209. 6157. 6328. 6140.
 6203. 6193.]
Noised Result
[8776.22297904 5173.5108632  5545.19787705 6389.70846129 5523.50762924
 4293.86408586 6921.2142299  4718.59708126 6641.44352822 6403.86717322
 6067.32863067 5873.75605548 4239.51872321 7202.70631291 7797.470408
 3041.65265983 4916.81535841 4960.48133412 6802.92374033 6192.77733983
 6481.76515312 4977.47564857 5377.77756125 5247.27322977 5661.89979495
 5988.18727533 3354.76682923 5475.30450504 6177.07181102 7669.89419352
 6749.84179774 6870.06653495 4843.14856112 5212.27539973 7251.86940599
 5986.85430347 5984.35947275 6586.94944991 5914.98765835 6897.34453114
 7245.85990967 5645.81402041 3735.3746474  7039.72310467 5769.62489548
 7400.88755227 6657.80295629 7032.00777946 6864.58703936 6332.58884852]

The result for the 4th execution is
Time
26.189985752105713
Query Result
[6076. 6048. 6057. 6135. 6333. 6392. 6462. 6103. 6332. 6090. 6236. 6309.
 6412. 6281. 6212. 6279. 6228. 6256. 6059. 6049. 6154. 6036. 6088. 6074.
 6104. 6200. 6202. 6247. 6345. 6149. 5895. 6142. 6237. 6105. 6349. 6522.
 6071. 6112. 6105. 6133. 6227. 6255. 6445. 6218. 6209. 6157. 6328. 6140.
 6203. 6193.]
Noised Result
[5265.02563928 6423.68222816 4105.24492145 4814.65999281 5630.2165108
 7120.85525863 7422.27709562 4289.47137942 8083.21145385 9137.22751595
 5711.65399209 6423.01618495 4639.82730054 6058.38984454 4098.66948872
 3593.46183083 5581.85545357 8152.22602865 6148.12407479 5140.15928004
 6218.32923286 5378.9074662  5407.47105072 6042.37988966 5750.51038751
 8178.8312786  4513.5004903  5696.55522573 6898.31536499 6868.15483913
 6661.80953003 7762.93122666 4838.35484266 8913.7996463  5960.78381041
 5221.82266685 8858.86596332 5660.11689485 4592.62791693 5286.70536539
 8977.87646306 6008.97604411 6796.22067782 6677.59391052 4753.54821792
 5063.8704484  5638.42098185 5916.8988297  3791.03879535 7710.62391644]

The result for the 5th execution is
Time
25.908801317214966
Query Result
[6076. 6048. 6057. 6135. 6333. 6392. 6462. 6103. 6332. 6090. 6236. 6309.
 6412. 6281. 6212. 6279. 6228. 6256. 6059. 6049. 6154. 6036. 6088. 6074.
 6104. 6200. 6202. 6247. 6345. 6149. 5895. 6142. 6237. 6105. 6349. 6522.
 6071. 6112. 6105. 6133. 6227. 6255. 6445. 6218. 6209. 6157. 6328. 6140.
 6203. 6193.]
Noised Result
[4780.77077457 7544.65180225 7915.06813621 6722.84718289 6091.94200837
 5353.54888382 4474.75360972 6304.22226127 6497.28599278 4701.2792956
 5375.90243481 4657.3134471  9044.08874007 5789.71592277 5733.41374099
 5285.42456078 7975.98149405 6984.97086732 6745.6258076  6504.77172979
 4924.10964426 7559.39102644 6079.13683182 7292.85949302 6790.4816792
 6473.25914882 5926.11140285 7154.94928364 7065.65646723 5888.71196501
 7172.7676552  6817.49551737 8418.12204861 6401.99632662 4771.17533709
 5614.22497891 5984.07199737 4471.71667177 7021.03916889 7181.38775388
 6689.42379556 6621.52732633 7043.33797323 6804.88083558 6652.16804699
 5768.90129238 6100.33894575 6690.82066104 4583.85136331 5564.66413947]

The result for the 6th execution is
Time
24.079246282577515
Query Result
[6076. 6048. 6057. 6135. 6333. 6392. 6462. 6103. 6332. 6090. 6236. 6309.
 6412. 6281. 6212. 6279. 6228. 6256. 6059. 6049. 6154. 6036. 6088. 6074.
 6104. 6200. 6202. 6247. 6345. 6149. 5895. 6142. 6237. 6105. 6349. 6522.
 6071. 6112. 6105. 6133. 6227. 6255. 6445. 6218. 6209. 6157. 6328. 6140.
 6203. 6193.]
Noised Result
[6173.71764823 5534.56640461 3764.28264416 8675.35738466 6429.98819751
 5008.65337534 5425.51773699 6653.54978258 5479.534396   5095.42448725
 6214.62285207 8245.75608272 3839.62572172 4789.16672825 7564.44857463
 8860.87146134 3770.21669312 4079.93156694 7812.19214345 6205.84289454
 9121.52009047 4766.17128415 4240.58277337 6481.22038152 5322.44020647
 5300.67731501 5101.94598399 6788.59088134 5863.20059588 7719.0829476
 6065.48539895 5291.78357876 4224.44534443 4534.36611627 5789.96732837
 6786.15713032 5758.77566861 6050.38097985 4755.64347377 5128.35401682
 7731.52834661 5230.36679945 7182.13022412 5692.34500336 5400.22263683
 5652.05160786 5728.12388926 5831.91191009 5289.67909932 6656.01924141]

The result for the 7th execution is
Time
23.86767601966858
Query Result
[6076. 6048. 6057. 6135. 6333. 6392. 6462. 6103. 6332. 6090. 6236. 6309.
 6412. 6281. 6212. 6279. 6228. 6256. 6059. 6049. 6154. 6036. 6088. 6074.
 6104. 6200. 6202. 6247. 6345. 6149. 5895. 6142. 6237. 6105. 6349. 6522.
 6071. 6112. 6105. 6133. 6227. 6255. 6445. 6218. 6209. 6157. 6328. 6140.
 6203. 6193.]
Noised Result
[ 5333.68189452  6660.48670514  4319.23653578  4901.23829862
  4795.32027135  6864.31834001  7400.81999136  7060.83648203
  3780.08068064  4478.7292274   4603.32838257  5523.86309024
  6991.1546909   4540.53463183  5031.05544177  5835.68821373
  6041.92065797  7196.85137256  4596.47648202  3732.95764771
  4705.98405771  8094.00529969  6172.05654382  6033.73952941
  7502.85399348  5252.71362257  8286.44292426  5846.78351259
  5864.84302978  6188.0172783   5133.17259534  6742.81977626
  6928.67322589  5717.9506171   5572.97057424  8961.42871053
  5559.19821357  7185.53639349  6617.99249819  8208.39214258
 10263.26450305  5989.2999977   6528.17663332  5148.26507708
  5083.70573002  5702.23843234  5979.75580613  6982.76774237
  8280.50693497  4378.90184711]

The result for the 8th execution is
Time
25.526992321014404
Query Result
[6076. 6048. 6057. 6135. 6333. 6392. 6462. 6103. 6332. 6090. 6236. 6309.
 6412. 6281. 6212. 6279. 6228. 6256. 6059. 6049. 6154. 6036. 6088. 6074.
 6104. 6200. 6202. 6247. 6345. 6149. 5895. 6142. 6237. 6105. 6349. 6522.
 6071. 6112. 6105. 6133. 6227. 6255. 6445. 6218. 6209. 6157. 6328. 6140.
 6203. 6193.]
Noised Result
[5826.18899985 5463.11725823 6226.12317981 5328.48599547 5667.96321732
 8958.1308099  6229.45078997 5983.87279244 5156.66980905 4548.35962736
 6519.57639117 7099.88699888 5576.95942807 4815.95614535 5313.52135836
 6521.3778897  5333.19361771 7815.37415582 6101.02988639 7222.30314053
 5087.74548922 6958.70227586 4682.60409055 6132.27643727 6546.38721628
 7490.79411538 5325.53428334 7046.9357744  7538.70639074 7013.25776105
 3340.68039592 9151.65128093 4236.57918618 5942.38246161 7708.86888879
 8139.17011756 5803.48751136 6662.61958492 6326.82438685 6523.8933903
 6246.47764386 7422.67439847 5454.29743496 4228.45443361 6349.870062
 6349.68445663 7420.86481639 7102.38495026 4418.72938337 6639.28769548]

The result for the 9th execution is
Time
23.89401125907898
Query Result
[6076. 6048. 6057. 6135. 6333. 6392. 6462. 6103. 6332. 6090. 6236. 6309.
 6412. 6281. 6212. 6279. 6228. 6256. 6059. 6049. 6154. 6036. 6088. 6074.
 6104. 6200. 6202. 6247. 6345. 6149. 5895. 6142. 6237. 6105. 6349. 6522.
 6071. 6112. 6105. 6133. 6227. 6255. 6445. 6218. 6209. 6157. 6328. 6140.
 6203. 6193.]
Noised Result
[ 7056.40220911  5796.90907319  3914.0452943   6511.48678454
  4580.80444379  6257.01339197  7579.98966261  5480.4710445
  6723.6069029   5869.78822339  6451.45362836  7691.68339995
  6026.92773471  2723.15062475  4432.63279851  3994.8311152
  4416.0496161  11389.21165356  6107.78895728  7689.89112866
  5875.18317863  3734.43731649  8134.34873943  2741.68074143
  6753.79022271  6682.04062832 10123.38563942  4490.30195068
  8392.87454032  5703.08098997  1387.20570463  6537.97878164
  1124.66137222  8267.82341443  6492.86164217  2739.13213992
  6190.88845394  2721.31299827  4742.28168384  6238.58839168
  9353.75662522  4906.14583993  6678.53515776  5726.3199074
  7097.10131296  5077.75274553  9130.24236384  7324.42043881
  6149.60524576  4470.76049647]

The result for the 10th execution is
Time
23.460015773773193
Query Result
[6076. 6048. 6057. 6135. 6333. 6392. 6462. 6103. 6332. 6090. 6236. 6309.
 6412. 6281. 6212. 6279. 6228. 6256. 6059. 6049. 6154. 6036. 6088. 6074.
 6104. 6200. 6202. 6247. 6345. 6149. 5895. 6142. 6237. 6105. 6349. 6522.
 6071. 6112. 6105. 6133. 6227. 6255. 6445. 6218. 6209. 6157. 6328. 6140.
 6203. 6193.]
Noised Result
[ 6969.52522278 11105.97232354  5696.20769514  2034.0044978
  5894.17272292  8238.64971592  3571.43858518  7201.97096039
  7482.75635925 10725.69049568  8947.66799393  7558.04068167
  8800.64604096  8529.47524831  2819.09106683  6243.44025131
  9871.2596278  10222.95125865  5071.79487439  -464.4756674
  8920.71174562  5427.70504927  4388.56366278  1046.40169578
  2918.94690762  1727.56178142  3907.68928457  9283.75754379
  3439.2848685  10273.03304977  5345.63780471  6107.21549894
  4196.7660843   4520.58182255  1017.87834805  2135.84487671
  3099.8231735   9623.52315666  7726.78981041  9939.63450928
  3948.63514893  5303.41640568  7550.11708131  6346.06718158
  8984.14536356  4035.20709511  4290.26939435  6163.50406265
  2202.18817678  5557.39333583]

The result for the 11th execution is
Time
24.197595357894897
Query Result
[6076. 6048. 6057. 6135. 6333. 6392. 6462. 6103. 6332. 6090. 6236. 6309.
 6412. 6281. 6212. 6279. 6228. 6256. 6059. 6049. 6154. 6036. 6088. 6074.
 6104. 6200. 6202. 6247. 6345. 6149. 5895. 6142. 6237. 6105. 6349. 6522.
 6071. 6112. 6105. 6133. 6227. 6255. 6445. 6218. 6209. 6157. 6328. 6140.
 6203. 6193.]
Noised Result
[5490.28428491 4755.51930527 6047.56354196 6132.52773686 6100.90155758
 5881.38282219 5566.01067856 5768.89852058 6457.09843144 5458.11970293
 5471.85478937 6281.64186218 5172.73040363 3401.65849854 6358.85516282
 5182.93947221 9375.81811017 8062.30585977 5375.76567707 8219.01120411
 4226.81835737 5662.38970605 5808.79738361 7560.3085644  2974.88037324
 7238.44682898 6170.66498505 7650.15314197 7085.49947166 7276.13668496
 5616.5720221  6379.50016262 6140.71012016 7792.47369001 5751.21868183
 5536.68635204 4357.1922991  6590.25055142 5515.19185914 6635.90304743
 5503.08141096 5232.89773825 6167.57916381 5694.02123305 5183.35719389
 5314.24261752 6204.98570122 6610.73954303 8501.51731655 3952.47949321]

The result for the 12th execution is
Time
24.41963839530945
Query Result
[6076. 6048. 6057. 6135. 6333. 6392. 6462. 6103. 6332. 6090. 6236. 6309.
 6412. 6281. 6212. 6279. 6228. 6256. 6059. 6049. 6154. 6036. 6088. 6074.
 6104. 6200. 6202. 6247. 6345. 6149. 5895. 6142. 6237. 6105. 6349. 6522.
 6071. 6112. 6105. 6133. 6227. 6255. 6445. 6218. 6209. 6157. 6328. 6140.
 6203. 6193.]
Noised Result
[5047.75987462 5699.72579462 7255.27379733 5509.22928059 9446.70428772
 4813.73627985 3943.86589102 5346.51735469 9615.29115074 6982.12310183
 7930.68184323 3444.41858737 6223.30578611 5285.66625649 7907.20442201
 5715.28145823 8954.96904764 7351.54028569 4575.72706056 6880.48993981
 8862.38032355 6599.70279572 6797.65680119 6630.33814808 5337.2940795
 6002.9368246  4373.35000211 6471.24533135 4047.95369012 8212.74249036
 6687.73235144 1291.51866599 8094.76404217 6515.15367615 8089.99014606
 3599.39091403 8471.53927594 4337.27745181 9943.82726808 7447.94727968
 2594.91967582 7091.72874119 7433.20665163 5315.72957787 4105.26089087
 8462.26282179 7715.01547144 6405.36015235 5088.33991114 6579.57478969]

The result for the 13th execution is
Time
2.8816120624542236
Query Result
[6076. 6048. 6057. 6135. 6333. 6392. 6462. 6103. 6332. 6090. 6236. 6309.
 6412. 6281. 6212. 6279. 6228. 6256. 6059. 6049. 6154. 6036. 6088. 6074.
 6104. 6200. 6202. 6247. 6345. 6149. 5895. 6142. 6237. 6105. 6349. 6522.
 6071. 6112. 6105. 6133. 6227. 6255. 6445. 6218. 6209. 6157. 6328. 6140.
 6203. 6193.]
Noised Result
[6278.28176892 3964.04949958 8109.85118822 5944.00749047 5462.49313246
 7010.95777027 6417.31948113 4568.89109133 6587.3334837  5951.83226736
 6951.55778466 5252.18131839 7589.32848507 5919.5533372  5828.35594721
 8119.76804724 6953.25774692 5769.95817408 7245.79237763 5687.21922939
 4738.12156022 4609.45276947 5245.3946082  6096.81121869 4913.10832973
 5425.81499087 5069.2963403  6053.31024329 5306.57659782 7247.62757077
 6589.0832548  5500.85591171 7108.25947496 5864.64867042 5727.21456534
 6841.19722739 5469.77418859 5185.36558589 3915.65459809 7629.27335069
 4689.86861269 6654.62587952 3591.75910053 6125.62303704 5899.13750107
 7208.78295546 5744.19765352 5999.86000023 6098.04362914 6555.88124306]

The result for the 14th execution is
Time
25.28173851966858
Query Result
[6076. 6048. 6057. 6135. 6333. 6392. 6462. 6103. 6332. 6090. 6236. 6309.
 6412. 6281. 6212. 6279. 6228. 6256. 6059. 6049. 6154. 6036. 6088. 6074.
 6104. 6200. 6202. 6247. 6345. 6149. 5895. 6142. 6237. 6105. 6349. 6522.
 6071. 6112. 6105. 6133. 6227. 6255. 6445. 6218. 6209. 6157. 6328. 6140.
 6203. 6193.]
Noised Result
[ 9179.20557633  6625.36207064  4086.18585255  5437.14124714
  7802.06709553  7144.84588017  7931.98610162  3955.16563293
  6148.37663194  6085.12827039  6784.42658676  4577.88446289
  8948.8317588   5876.5668364   4936.04517261  4245.41612836
  7386.80081129  5926.00023715  5499.4132974   4779.24513516
  6385.72357044  5289.04185137  5447.93955161  4711.26682817
 12722.57012557  8029.88450669  1730.42821451  4606.20098062
  5232.67891739  9274.48942921  5921.98328262  6866.63249422
  7995.91608772  7204.11556066  7905.40004308  4968.04153774
  7110.79228724  5710.65949901  8435.01459946  5090.1992431
  7848.29645809  3396.94538631  4565.87885767  8731.25358368
  3769.87462774  9660.80676204  5695.31512653  3909.91175519
  7144.68440372  6725.84076945]

The result for the 15th execution is
Time
25.705138206481934
Query Result
[6076. 6048. 6057. 6135. 6333. 6392. 6462. 6103. 6332. 6090. 6236. 6309.
 6412. 6281. 6212. 6279. 6228. 6256. 6059. 6049. 6154. 6036. 6088. 6074.
 6104. 6200. 6202. 6247. 6345. 6149. 5895. 6142. 6237. 6105. 6349. 6522.
 6071. 6112. 6105. 6133. 6227. 6255. 6445. 6218. 6209. 6157. 6328. 6140.
 6203. 6193.]
Noised Result
[4821.09922848 5396.46256454 5719.42046131 7568.76379986 5917.68106042
 7493.42127552 7113.10446599 6297.36039123 4682.63375225 6429.66414639
 4926.25458287 7485.2175722  6442.54776486 5819.26487721 4821.29313221
 5373.73142047 6604.70221055 6476.80737845 7057.32080074 4883.24364879
 7663.4580932  6415.81665948 4670.78816236 6829.18947471 5147.48604936
 6198.91306014 5529.93876657 8346.85709013 5522.68087678 6910.5311685
 3984.53720208 5506.98361256 6358.16434589 4688.42257927 5794.13990751
 6580.02175622 5563.90341696 7741.77618522 6270.87747133 4314.05365933
 5101.55243832 6990.79725717 6325.25927168 5861.08782834 6449.37813255
 7777.7318213  7624.98095054 5349.5388046  5611.88123311 4950.26212681]

The result for the 16th execution is
Time
23.410838842391968
Query Result
[6076. 6048. 6057. 6135. 6333. 6392. 6462. 6103. 6332. 6090. 6236. 6309.
 6412. 6281. 6212. 6279. 6228. 6256. 6059. 6049. 6154. 6036. 6088. 6074.
 6104. 6200. 6202. 6247. 6345. 6149. 5895. 6142. 6237. 6105. 6349. 6522.
 6071. 6112. 6105. 6133. 6227. 6255. 6445. 6218. 6209. 6157. 6328. 6140.
 6203. 6193.]
Noised Result
[9011.38216334 5414.61490173 5200.05685569 4584.39306386 6743.97141916
 9478.70843451 8644.15580477 6198.69186064 6611.89671554 5873.63048477
 3653.21969291 2986.52495664 6538.04503131 6279.50874044 4988.3666577
 6824.36085339 5353.81439734 4878.73753411 7755.4738078  7515.88465912
 5416.65294137 6658.66343855 3260.11448156 5550.77784018 6245.21085044
 6566.29397484 6233.67840895 5629.76572893 6634.52455904 6280.08841924
 7275.48049786 5432.58742687 4530.1556482  6378.12499305 7578.2199103
 7327.24249576 4473.76063251 6861.50380879 4842.66518003 4912.80988573
 4093.35955851 5333.9411896  6315.90777305 4944.89889422 7764.18145382
 6589.1805413  7084.40228946 5723.25688621 4494.72260957 3837.02155713]

The result for the 17th execution is
Time
23.3339900970459
Query Result
[6076. 6048. 6057. 6135. 6333. 6392. 6462. 6103. 6332. 6090. 6236. 6309.
 6412. 6281. 6212. 6279. 6228. 6256. 6059. 6049. 6154. 6036. 6088. 6074.
 6104. 6200. 6202. 6247. 6345. 6149. 5895. 6142. 6237. 6105. 6349. 6522.
 6071. 6112. 6105. 6133. 6227. 6255. 6445. 6218. 6209. 6157. 6328. 6140.
 6203. 6193.]
Noised Result
[6589.1197488  4626.3805844  7583.80723699 5969.6932421  5683.3964462
 4969.03601344 6713.31626397 6450.84736909 7404.0640097  3146.24644708
 6758.27872089 5294.09534461 6162.83088225 5255.75823265 4547.92880056
 6618.04342613 7150.39071954 5540.51216573 6066.09157207 7572.96397774
 5835.42466093 6953.28474688 6372.61724421 3326.32135136 6983.9290086
 7098.99583532 5114.57770209 4668.6828478  7352.37393818 3817.82022547
 5591.5453563  7232.55677927 6308.25515993 6497.62770114 5329.90235939
 6617.23806845 6389.89426992 3654.57347509 6371.41946553 5958.39812692
 6170.11451524 4432.76042826 7909.68426726 8155.91188114 7171.87751266
 5788.35689652 6538.07467875 5644.25738872 5231.4515271  6343.2484687 ]

The result for the 18th execution is
Time
23.975443601608276
Query Result
[6076. 6048. 6057. 6135. 6333. 6392. 6462. 6103. 6332. 6090. 6236. 6309.
 6412. 6281. 6212. 6279. 6228. 6256. 6059. 6049. 6154. 6036. 6088. 6074.
 6104. 6200. 6202. 6247. 6345. 6149. 5895. 6142. 6237. 6105. 6349. 6522.
 6071. 6112. 6105. 6133. 6227. 6255. 6445. 6218. 6209. 6157. 6328. 6140.
 6203. 6193.]
Noised Result
[4394.25346334 4813.51327432 8632.78121233 6142.21359788 7882.11007233
 7428.67657768 6344.64241416 5733.06190586 8030.993797   5655.6296657
 4914.90863345 3696.68762813 6045.98978819 6140.80941857 6125.64167886
 6333.86952243 6795.4173427  7224.96977206 6015.72035502 7903.854853
 7585.17142961 5488.80865218 5749.25035671 4663.79475555 5283.55030267
 5155.14960063 7446.52152086 7247.70555504 4329.64258348 8552.84378245
 5525.98783994 7073.90344321 6078.82809249 7522.26567437 5392.50914625
 6487.0716805  6879.67089499 7549.63121917 5126.34765329 5359.31754012
 7415.84767589 4144.18671448 5864.46719178 6343.31296202 5260.06825654
 5422.8364204  5208.84175773 5885.41937149 5015.41905491 6075.82609215]

The result for the 19th execution is
Time
47.3809494972229
Query Result
[6076. 6048. 6057. 6135. 6333. 6392. 6462. 6103. 6332. 6090. 6236. 6309.
 6412. 6281. 6212. 6279. 6228. 6256. 6059. 6049. 6154. 6036. 6088. 6074.
 6104. 6200. 6202. 6247. 6345. 6149. 5895. 6142. 6237. 6105. 6349. 6522.
 6071. 6112. 6105. 6133. 6227. 6255. 6445. 6218. 6209. 6157. 6328. 6140.
 6203. 6193.]
Noised Result
[ 1927.73774046  6160.23723123  3807.75871684  9969.17343354
  3984.75248517  3276.68598244  5161.27641593  9324.73585175
 12883.44411102  2979.98479877  9112.70700503  6128.25159858
  9349.01124517 10814.84546785  7997.44300459  3619.99226826
   769.86799434  5609.72499576  8984.94846087  5065.75390154
  5014.12314629  5473.75722062  5956.25823315 10183.46980411
  9500.02925759  6497.06350247  9146.96590611  8657.87979676
  4352.97462375  2932.74084982  6334.45513731  4547.36618405
  3524.98664918  2864.1418664   5496.85056935  5651.1151757
 10168.56874988 11001.76672408  3612.420729    8315.15620087
  4898.73534871  6336.86025085  2410.61992134  3915.45355963
  9433.7763773  13060.34177146  6799.90087925  6071.71482767
  8807.02481595  7010.47630927]

