The result for the 0th execution is
Time
7.151138782501221
Query Result
[36031.7823176 49617.5850107 44785.2879396 52519.7666347 41404.5831722
 30252.7206278 34369.7690923 43846.3547746 35577.9657414 41439.1378526
 31918.0852531 41248.6390858 44089.3442638 50239.8534768 41942.3321398
 29264.2044976 37622.8053879 42551.344564  30693.5028567 58822.7147228
 43344.4691436 38256.7966358 37211.5953737 47077.8695891 40946.2602582]
Noised Result
[-27899.64882706  34752.60295585  36418.93403334 -16449.53258543
  44092.27414968  15995.66080556  45117.27261913  39118.61686606
 -10897.85792776 -34366.44091627  64286.74623473  66270.08594551
  63228.89825172  53138.42095484  -3778.57484158 161148.97014153
 140518.77468552   6912.0040313   27995.11516139   7228.39621761
  54731.68315685 -26150.28919844  22558.66539043  40487.39040051
  12776.83292614]

The result for the 1th execution is
Time
3.917842149734497
Query Result
[36031.7823176 49617.5850107 44785.2879396 52519.7666347 41404.5831722
 30252.7206278 34369.7690923 43846.3547746 35577.9657414 41439.1378526
 31918.0852531 41248.6390858 44089.3442638 50239.8534768 41942.3321398
 29264.2044976 37622.8053879 42551.344564  30693.5028567 58822.7147228
 43344.4691436 38256.7966358 37211.5953737 47077.8695891 40946.2602582]
Noised Result
[-27566.1709737  -44356.81397576  66886.66415845  18528.85216189
  75226.74498045  53727.85213514  94705.98851858 104004.76401349
  94253.27911553  26591.96944825  40336.23004551 -13766.62395482
 -14827.57379849  45747.08245439 107330.77052311  -2286.12571942
  43636.09521728  36963.47193514  -4377.96799634  28043.78377663
  55316.91220882  34156.70116554  74850.8700429   88978.28009068
 101291.02275503]

The result for the 2th execution is
Time
6.759122848510742
Query Result
[36031.7823176 49617.5850107 44785.2879396 52519.7666347 41404.5831722
 30252.7206278 34369.7690923 43846.3547746 35577.9657414 41439.1378526
 31918.0852531 41248.6390858 44089.3442638 50239.8534768 41942.3321398
 29264.2044976 37622.8053879 42551.344564  30693.5028567 58822.7147228
 43344.4691436 38256.7966358 37211.5953737 47077.8695891 40946.2602582]
Noised Result
[-57030.61083949  40605.24310478  90178.6500771   94925.12944913
  81049.78224788 -12516.90531705 131240.05565168  71828.66411427
  66243.49232845  72740.74040466  19318.32063809 -23785.28347634
  69090.38666205  97349.72249334  56480.53189032  35393.1451212
  13645.50356824  34626.9605337  -29105.56888648  42359.94668676
   6707.95321216 105633.55351426  46622.61740506  65324.51900171
 -84606.58809418]

The result for the 3th execution is
Time
6.855034589767456
Query Result
[36031.7823176 49617.5850107 44785.2879396 52519.7666347 41404.5831722
 30252.7206278 34369.7690923 43846.3547746 35577.9657414 41439.1378526
 31918.0852531 41248.6390858 44089.3442638 50239.8534768 41942.3321398
 29264.2044976 37622.8053879 42551.344564  30693.5028567 58822.7147228
 43344.4691436 38256.7966358 37211.5953737 47077.8695891 40946.2602582]
Noised Result
[ 22934.62645998  67738.1998601   28610.13948936  64656.55230355
 -46585.58682404  58385.56319593 -49033.12104597  19510.1176916
  21878.66012848  24857.47350291  59957.43978753 108325.43421311
  39923.29582997  56570.20432695  23805.18113824 -94124.09841961
  77883.99817048  91198.32492309   1985.1720148  131444.46453062
  77735.89791852 -67444.64130699  45457.59746049   5926.80390854
  96051.29043284]

The result for the 4th execution is
Time
3.9187817573547363
Query Result
[36031.7823176 49617.5850107 44785.2879396 52519.7666347 41404.5831722
 30252.7206278 34369.7690923 43846.3547746 35577.9657414 41439.1378526
 31918.0852531 41248.6390858 44089.3442638 50239.8534768 41942.3321398
 29264.2044976 37622.8053879 42551.344564  30693.5028567 58822.7147228
 43344.4691436 38256.7966358 37211.5953737 47077.8695891 40946.2602582]
Noised Result
[ 87725.57829748  22102.30056448  37504.20984983  76249.00765739
  27373.36668789  28418.37747441  -3184.43525693  21290.24863349
 104159.98356644  42561.84737868  57125.57506406  41530.22449349
  29754.89482044 133417.64778973 102425.42229686  81869.10301817
  -1925.72598465 106930.80908745  19531.1440225  168972.61084513
  84944.10256279  16326.58477082  76415.90909937  75791.79216829
  55699.55310489]

The result for the 5th execution is
Time
6.444737195968628
Query Result
[36031.7823176 49617.5850107 44785.2879396 52519.7666347 41404.5831722
 30252.7206278 34369.7690923 43846.3547746 35577.9657414 41439.1378526
 31918.0852531 41248.6390858 44089.3442638 50239.8534768 41942.3321398
 29264.2044976 37622.8053879 42551.344564  30693.5028567 58822.7147228
 43344.4691436 38256.7966358 37211.5953737 47077.8695891 40946.2602582]
Noised Result
[ 41733.75421717  30340.09533823  50688.47172104  67465.50753002
  40925.66301697  -1265.28648503  39897.93698908 105592.33065567
 -80503.48035171  83156.69833899 120758.50024828  31527.34442271
  46487.63909478  71983.53420139  66356.28520036  31050.0396649
  -9118.60072263   6869.36367954 -55751.04692246 112192.48999195
  38337.6332547  -14274.89422257 137111.61510152  35083.66657991
 -34420.75886329]

The result for the 6th execution is
Time
6.403579473495483
Query Result
[36031.7823176 49617.5850107 44785.2879396 52519.7666347 41404.5831722
 30252.7206278 34369.7690923 43846.3547746 35577.9657414 41439.1378526
 31918.0852531 41248.6390858 44089.3442638 50239.8534768 41942.3321398
 29264.2044976 37622.8053879 42551.344564  30693.5028567 58822.7147228
 43344.4691436 38256.7966358 37211.5953737 47077.8695891 40946.2602582]
Noised Result
[108436.32094268 -40741.60722034 -27095.08967638 -11975.42328719
 159384.03834912   4866.220665    22248.09610203  57373.155723
  -3665.57283702  15290.41720523  60657.3359975  101570.58390199
 -50492.87798119  41292.77950098  71450.9663834   47695.31209722
  12619.85626952  56498.82779674  31201.30258875  77582.4870635
  61329.41452256  74711.88891121  53358.41868406 -38231.40677964
  86740.27477917]

The result for the 7th execution is
Time
3.8745996952056885
Query Result
[36031.7823176 49617.5850107 44785.2879396 52519.7666347 41404.5831722
 30252.7206278 34369.7690923 43846.3547746 35577.9657414 41439.1378526
 31918.0852531 41248.6390858 44089.3442638 50239.8534768 41942.3321398
 29264.2044976 37622.8053879 42551.344564  30693.5028567 58822.7147228
 43344.4691436 38256.7966358 37211.5953737 47077.8695891 40946.2602582]
Noised Result
[ 20581.47301173  50483.70278501  55074.79415296  58282.37277545
  18450.0590826  172533.80510022  46158.43193846  32387.61697636
 -46650.06762348  -6834.98457478  48566.28058795  37673.29942898
   1847.47380673  81163.38169509 100312.22787057 -31494.38098626
  38618.42550141  89736.55448562 -45383.52480366  54515.27030078
  58802.44144359  76062.49744569   -394.17730665  31256.21866669
  36504.0014773 ]

The result for the 8th execution is
Time
3.8023622035980225
Query Result
[36031.7823176 49617.5850107 44785.2879396 52519.7666347 41404.5831722
 30252.7206278 34369.7690923 43846.3547746 35577.9657414 41439.1378526
 31918.0852531 41248.6390858 44089.3442638 50239.8534768 41942.3321398
 29264.2044976 37622.8053879 42551.344564  30693.5028567 58822.7147228
 43344.4691436 38256.7966358 37211.5953737 47077.8695891 40946.2602582]
Noised Result
[ -33383.20755163    7075.62234445  109474.75648874   54672.93763225
  188455.74780015   67194.87432299  -13966.12941317   49602.90155136
 -132687.42165419   14929.05135507   50972.91470557  -29444.93776222
   52532.24597409   60835.65989788   88156.80016281  101205.01735835
   80115.82611214   73709.85960117   13639.44287949   -5742.73044563
   29058.75300457   83846.36001399   95853.105609      7770.25636678
   57931.94514555]

The result for the 9th execution is
Time
3.9011521339416504
Query Result
[36031.7823176 49617.5850107 44785.2879396 52519.7666347 41404.5831722
 30252.7206278 34369.7690923 43846.3547746 35577.9657414 41439.1378526
 31918.0852531 41248.6390858 44089.3442638 50239.8534768 41942.3321398
 29264.2044976 37622.8053879 42551.344564  30693.5028567 58822.7147228
 43344.4691436 38256.7966358 37211.5953737 47077.8695891 40946.2602582]
Noised Result
[ 68971.94967847 102480.82173854  79966.78116474 112279.73643925
  46913.57058819  60438.74924223  59802.17303568  34413.76713451
  31998.34275918  40664.74037774 129477.00631316  22460.78196032
  64706.83970671  53442.81200828  99409.9011897  -39380.77240141
 -12103.578104    68075.82342089   1307.79723146  88025.213356
  -6271.06205611 -10473.19715986  74348.47012644 109880.33967095
  41661.35760394]

The result for the 10th execution is
Time
3.814352512359619
Query Result
[36031.7823176 49617.5850107 44785.2879396 52519.7666347 41404.5831722
 30252.7206278 34369.7690923 43846.3547746 35577.9657414 41439.1378526
 31918.0852531 41248.6390858 44089.3442638 50239.8534768 41942.3321398
 29264.2044976 37622.8053879 42551.344564  30693.5028567 58822.7147228
 43344.4691436 38256.7966358 37211.5953737 47077.8695891 40946.2602582]
Noised Result
[ 35542.25389229  66705.53497838  52096.22038413  -8559.98099036
  74159.47799388 -19437.481436     1178.30715184 -28184.27001916
  28314.64073715  75416.9456819   75694.65495879  46584.65342047
  55188.81842625  73932.85987594  46882.16846989  39581.45716105
  21488.89152495  59824.20764054  63562.37395473  44651.01362017
 134865.51520095  45538.52603736  42446.93290529   2029.22169273
 -12089.4155498 ]

The result for the 11th execution is
Time
3.563178539276123
Query Result
[36031.7823176 49617.5850107 44785.2879396 52519.7666347 41404.5831722
 30252.7206278 34369.7690923 43846.3547746 35577.9657414 41439.1378526
 31918.0852531 41248.6390858 44089.3442638 50239.8534768 41942.3321398
 29264.2044976 37622.8053879 42551.344564  30693.5028567 58822.7147228
 43344.4691436 38256.7966358 37211.5953737 47077.8695891 40946.2602582]
Noised Result
[149576.63770481  74528.32921603 -19914.87230632 145152.77870936
  20882.07088961  82851.18891388 104796.44060988 -42186.81657777
  97071.78849368  94103.91099138 -36101.43844153  81571.92115231
 133799.06444481  98153.28928711 119789.47778351   5784.42220693
 -13861.39088279  -7792.42201193  59183.01896541  47986.67261127
  64919.98456234  83156.00046056  69054.77119333  24112.28074415
  17567.18440125]

The result for the 12th execution is
Time
2.959660768508911
Query Result
[36031.7823176 49617.5850107 44785.2879396 52519.7666347 41404.5831722
 30252.7206278 34369.7690923 43846.3547746 35577.9657414 41439.1378526
 31918.0852531 41248.6390858 44089.3442638 50239.8534768 41942.3321398
 29264.2044976 37622.8053879 42551.344564  30693.5028567 58822.7147228
 43344.4691436 38256.7966358 37211.5953737 47077.8695891 40946.2602582]
Noised Result
[ -3435.14699839 109305.66189518 -13859.13999399  29259.21928332
 -19670.8572031   65714.78392076  77406.75620955  45456.72593778
 107374.10644369 -22722.29894424  40325.79965533 -55069.13676837
 -43115.90223707  16750.46634101 -47218.9265202  -30355.20845007
  64794.28071283  43077.80565909  74732.55135998  48578.27326106
   9666.58457063  90270.14805366 -28076.12379064  14629.71064058
  95787.38037646]

The result for the 13th execution is
Time
3.9990005493164062
Query Result
[36031.7823176 49617.5850107 44785.2879396 52519.7666347 41404.5831722
 30252.7206278 34369.7690923 43846.3547746 35577.9657414 41439.1378526
 31918.0852531 41248.6390858 44089.3442638 50239.8534768 41942.3321398
 29264.2044976 37622.8053879 42551.344564  30693.5028567 58822.7147228
 43344.4691436 38256.7966358 37211.5953737 47077.8695891 40946.2602582]
Noised Result
[-17537.25445244 -21408.19930009  53475.41503611  28701.48412507
  73328.07292151 154704.13934908   5579.10166062 -29216.94109384
 115738.0869195   39115.65725301   9189.67766338  38375.67066452
  69457.78979279  47098.42926533  38731.92809036  27769.24377853
  64308.97741167  37299.83732431  18348.34073506  36867.60355293
 -19864.95057899  47440.92292239 -27844.12754938  36032.66005151
  53698.29641393]

The result for the 14th execution is
Time
6.5994713306427
Query Result
[36031.7823176 49617.5850107 44785.2879396 52519.7666347 41404.5831722
 30252.7206278 34369.7690923 43846.3547746 35577.9657414 41439.1378526
 31918.0852531 41248.6390858 44089.3442638 50239.8534768 41942.3321398
 29264.2044976 37622.8053879 42551.344564  30693.5028567 58822.7147228
 43344.4691436 38256.7966358 37211.5953737 47077.8695891 40946.2602582]
Noised Result
[  -2622.28740004  172539.38056658  116968.11774193  228232.88458406
   46075.78640671 -177198.29967591   -3581.80929389   51207.25653641
  -16294.71528574  217915.73677147   99539.54238807 -126632.58248662
 -161350.55707914  -43305.91102633   43133.79648794   32426.20474219
  -29163.6342716   -32660.3187674    82903.69629868   90128.14507778
 -106311.53051883   17031.04216943   90219.05548182  181242.65833172
   35906.72970494]

The result for the 15th execution is
Time
3.548734188079834
Query Result
[36031.7823176 49617.5850107 44785.2879396 52519.7666347 41404.5831722
 30252.7206278 34369.7690923 43846.3547746 35577.9657414 41439.1378526
 31918.0852531 41248.6390858 44089.3442638 50239.8534768 41942.3321398
 29264.2044976 37622.8053879 42551.344564  30693.5028567 58822.7147228
 43344.4691436 38256.7966358 37211.5953737 47077.8695891 40946.2602582]
Noised Result
[-391508.05582585 -175233.201457     51499.15249866   69899.8773088
 -153292.43357395 -124136.4798974   121581.94898758   16435.25928193
  181819.0970023   232715.85239641 -180495.34381226    8294.18400485
 -221113.78901382 -290321.16949698  -44212.15375618 -241612.75739389
  237183.52370509   72398.68282004  -37183.19230653 -236240.39274542
 -239732.55048416  163612.03876088  -65712.06375221  129815.46884028
 -180397.16200321]

The result for the 16th execution is
Time
6.633605480194092
Query Result
[36031.7823176 49617.5850107 44785.2879396 52519.7666347 41404.5831722
 30252.7206278 34369.7690923 43846.3547746 35577.9657414 41439.1378526
 31918.0852531 41248.6390858 44089.3442638 50239.8534768 41942.3321398
 29264.2044976 37622.8053879 42551.344564  30693.5028567 58822.7147228
 43344.4691436 38256.7966358 37211.5953737 47077.8695891 40946.2602582]
Noised Result
[ 72627.69334075  72945.01562297  68441.12070792  29888.27970485
 -22988.80483848  58333.48932547  -3191.20057262  40632.62975154
  47322.68362807  11862.82382631  57000.98689075  35828.8093322
 -17211.92647856  64341.15746685 -36746.89646044 -33089.962231
  52859.52001635 -41063.73030835  23499.36473232 134435.47855254
  43441.22165184  84201.05415827  58044.55750859  59663.5085823
 105658.80992704]

The result for the 17th execution is
Time
3.864743947982788
Query Result
[36031.7823176 49617.5850107 44785.2879396 52519.7666347 41404.5831722
 30252.7206278 34369.7690923 43846.3547746 35577.9657414 41439.1378526
 31918.0852531 41248.6390858 44089.3442638 50239.8534768 41942.3321398
 29264.2044976 37622.8053879 42551.344564  30693.5028567 58822.7147228
 43344.4691436 38256.7966358 37211.5953737 47077.8695891 40946.2602582]
Noised Result
[ 97237.40941437  -2836.7996309    9709.50853063  33315.35983296
  55974.16740558  88316.90963176  80807.77551969  46907.58078971
 -44485.06467884  31881.24301546 -46925.68235837  51012.25323886
  84313.5725405   56152.31154845  64406.82699107  58482.24227322
 -11697.25464396  50653.06271615  29991.56199397  40839.08035956
 -52336.1849069  -24638.68681957  25665.2956189   53857.6139754
 -16362.67147023]

The result for the 18th execution is
Time
3.8154826164245605
Query Result
[36031.7823176 49617.5850107 44785.2879396 52519.7666347 41404.5831722
 30252.7206278 34369.7690923 43846.3547746 35577.9657414 41439.1378526
 31918.0852531 41248.6390858 44089.3442638 50239.8534768 41942.3321398
 29264.2044976 37622.8053879 42551.344564  30693.5028567 58822.7147228
 43344.4691436 38256.7966358 37211.5953737 47077.8695891 40946.2602582]
Noised Result
[ 78412.42824534  84085.9451216   16233.3166914   15367.13045758
   -210.07761181  16761.15199888  30190.85016456  38820.23703371
   4808.38659235 -21895.69472623  52635.89581031 -40486.68114645
  48882.40255713 127489.81788334  54017.48413018  23588.83223125
  60888.63716187  67851.35318614  16378.89561505 139461.37302954
 -14768.95149975  28024.85685149  27229.93347864  46648.973473
  19884.06753268]

The result for the 19th execution is
Time
3.6330597400665283
Query Result
[36031.7823176 49617.5850107 44785.2879396 52519.7666347 41404.5831722
 30252.7206278 34369.7690923 43846.3547746 35577.9657414 41439.1378526
 31918.0852531 41248.6390858 44089.3442638 50239.8534768 41942.3321398
 29264.2044976 37622.8053879 42551.344564  30693.5028567 58822.7147228
 43344.4691436 38256.7966358 37211.5953737 47077.8695891 40946.2602582]
Noised Result
[-31964.06351893  19312.87577188   2443.18573395 110976.84319236
   9544.32277537  16533.42398275  -5623.27261772  61261.60064033
   3408.53326168 155662.82987304  90750.43691825  68052.87981622
 -66182.34478652  20469.25221352  52529.80334125  40820.34509035
  69189.70383983 122469.40612104  44583.34021961  64406.36215415
   6894.38143273  -2215.72615505  85287.06542478  -8105.11524401
  94665.87529803]

