The result for the 0th execution is
Time
4632.056667089462
Query Result
[1358439.0847184  1448378.25634029 1366916.5869667  1460640.22772451
 1391769.73571319 1360592.42087958 1343881.5992106  1388212.5081979
 1387556.1243629  1385024.00452818 1380678.63543309 1407556.99567011
 1420412.8906205  1410634.54040201 1413103.5836759  1401726.7055904
 1357956.85388559 1383169.94894629 1409753.83393691 1370998.5062496
 1407166.14149452 1377230.892193   1416075.48341331 1403969.33567851
 1429646.34169779]
Noised Result
[1257615.64432837 1420824.09338019 1398998.93939728 1447888.24524537
 1400556.45761463 1580817.43371974 1386594.33807086 1714586.89900436
 1358584.93740346 1620586.22857003 1596972.99408095 1523857.08749597
 1332073.62789933 1127563.51409508 1152400.52597711 1477967.23043009
 1210798.00217686 1396460.12388267 1519495.43753325 1311508.52573908
 1268291.42403468 1314742.4924331  1274725.33686229 1469170.01164769
 1562493.52144506]

The result for the 1th execution is
Time
2134.921877384186
Query Result
[1358439.0847184  1448378.25634029 1366916.5869667  1460640.22772451
 1391769.73571319 1360592.42087958 1343881.5992106  1388212.5081979
 1387556.1243629  1385024.00452818 1380678.63543309 1407556.99567011
 1420412.8906205  1410634.54040201 1413103.5836759  1401726.7055904
 1357956.85388559 1383169.94894629 1409753.83393691 1370998.5062496
 1407166.14149452 1377230.892193   1416075.48341331 1403969.33567851
 1429646.34169779]
Noised Result
[1429792.80079181 1827366.78764047 1547585.73040325 1441168.46765234
 1392963.35303294 2283852.09403113 1207908.55689094  841405.62285474
 1562148.89726639 1408088.41524417 1143343.84581958 1333779.13466194
 1199578.62731051 1409672.5629944  1583746.06665018 1329319.88448369
 1080668.49520274 1814931.15048453 1289029.01852371 1409220.56469111
 1193227.81126536 1568270.65692501 1223032.2989256  1581606.02172839
 1410706.68158287]

The result for the 2th execution is
Time
4909.078910589218
Query Result
[1358439.0847184  1448378.25634029 1366916.5869667  1460640.22772451
 1391769.73571319 1360592.42087958 1343881.5992106  1388212.5081979
 1387556.1243629  1385024.00452818 1380678.63543309 1407556.99567011
 1420412.8906205  1410634.54040201 1413103.5836759  1401726.7055904
 1357956.85388559 1383169.94894629 1409753.83393691 1370998.5062496
 1407166.14149452 1377230.892193   1416075.48341331 1403969.33567851
 1429646.34169779]
Noised Result
[1166918.11648405 1614588.03701783 1109214.1434533  1475525.1709745
 1416679.53766835 1232230.45612592 1383777.51642988 1293760.10736677
 1250970.3375218  1364940.01545534 1458936.44240386 1631610.20654972
 1495939.93859186 1397518.79160084 1681176.22007895 1612565.64905836
 1261103.45845236 1072433.76865827 1753894.71769826 1168060.65903196
 1312057.58508948 1236406.6302155  1405341.08196568  939107.38910126
 1564420.02900098]

The result for the 3th execution is
Time
4426.098150253296
Query Result
[1358439.0847184  1448378.25634029 1366916.5869667  1460640.22772451
 1391769.73571319 1360592.42087958 1343881.5992106  1388212.5081979
 1387556.1243629  1385024.00452818 1380678.63543309 1407556.99567011
 1420412.8906205  1410634.54040201 1413103.5836759  1401726.7055904
 1357956.85388559 1383169.94894629 1409753.83393691 1370998.5062496
 1407166.14149452 1377230.892193   1416075.48341331 1403969.33567851
 1429646.34169779]
Noised Result
[1171129.85748428 1406763.13435978 1447953.86055432 1481655.14250192
 1233625.21464329 1605466.0849558  1488525.85896148 1227808.53171422
 1471024.82511798 1206185.09092035 1282909.29931028 1403721.29601399
 1396254.59029265 1383888.03206783 1353711.35163114 1259245.34561003
 1478338.30302012 1114912.80094048 1470890.09736458 1847536.66152758
 1427343.60106892 1377439.14476806 1406940.46428326 1353669.56642691
 1368843.00751901]

The result for the 4th execution is
Time
4929.253183841705
Query Result
[1358439.0847184  1448378.25634029 1366916.5869667  1460640.22772451
 1391769.73571319 1360592.42087958 1343881.5992106  1388212.5081979
 1387556.1243629  1385024.00452818 1380678.63543309 1407556.99567011
 1420412.8906205  1410634.54040201 1413103.5836759  1401726.7055904
 1357956.85388559 1383169.94894629 1409753.83393691 1370998.5062496
 1407166.14149452 1377230.892193   1416075.48341331 1403969.33567851
 1429646.34169779]
Noised Result
[1196384.16598148 1458294.43954827 1302198.17095635 1918194.4056638
 1457011.39984525 1215300.17552946 1269152.31267259 1493361.53140216
 1701887.23982693 1624191.98104078 1359387.34649346 1236256.2041062
 1343458.15767634 1309784.66059927 1317042.71422321 1621076.10507123
 1396639.91300856 1591528.73196403 1307306.16773036 1336629.39427208
 1404022.8228939  1346254.60578508 1536964.683658   1321899.38548291
 1671801.70663423]

The result for the 5th execution is
Time
4690.9234001636505
Query Result
[1358439.0847184  1448378.25634029 1366916.5869667  1460640.22772451
 1391769.73571319 1360592.42087958 1343881.5992106  1388212.5081979
 1387556.1243629  1385024.00452818 1380678.63543309 1407556.99567011
 1420412.8906205  1410634.54040201 1413103.5836759  1401726.7055904
 1357956.85388559 1383169.94894629 1409753.83393691 1370998.5062496
 1407166.14149452 1377230.892193   1416075.48341331 1403969.33567851
 1429646.34169779]
Noised Result
[1449639.99211527 1382928.24136362 1391224.168048   1517130.16786343
 1296018.02742899 1386916.59328371 1492828.65950226 1752262.29060416
 1408198.13230286 1304031.23600926 1448467.63557495 1365925.66908827
 1566929.48316997 1649315.19201197 1516084.58519847 1572238.55186153
 1367051.48664055 1301012.31217197 1540928.88637464 1462615.27643706
 1379013.4774508  1255847.9548977  1547093.68523794 1542099.20643499
 1534248.98376077]

The result for the 6th execution is
Time
4971.1277549266815
Query Result
[1358439.0847184  1448378.25634029 1366916.5869667  1460640.22772451
 1391769.73571319 1360592.42087958 1343881.5992106  1388212.5081979
 1387556.1243629  1385024.00452818 1380678.63543309 1407556.99567011
 1420412.8906205  1410634.54040201 1413103.5836759  1401726.7055904
 1357956.85388559 1383169.94894629 1409753.83393691 1370998.5062496
 1407166.14149452 1377230.892193   1416075.48341331 1403969.33567851
 1429646.34169779]
Noised Result
[1230195.18002552 1450190.53535873 1277143.71958562 1410628.46837543
 1327425.79209039 1295330.04096395 1204615.81415297 1393915.31281423
 1479662.69135877 1481567.36557591 1301004.3133433  1384365.24631482
 1571422.13289463 1367553.54939608 1415531.76976373 1401166.67236098
 1200342.31951436 1282438.74321437 1434292.83625406 1635061.9530982
 1544583.93365556 1304269.71700279 1630087.03155764 1192102.6739183
 1412642.2192487 ]

The result for the 7th execution is
Time
4892.200204372406
Query Result
[1358439.0847184  1448378.25634029 1366916.5869667  1460640.22772451
 1391769.73571319 1360592.42087958 1343881.5992106  1388212.5081979
 1387556.1243629  1385024.00452818 1380678.63543309 1407556.99567011
 1420412.8906205  1410634.54040201 1413103.5836759  1401726.7055904
 1357956.85388559 1383169.94894629 1409753.83393691 1370998.5062496
 1407166.14149452 1377230.892193   1416075.48341331 1403969.33567851
 1429646.34169779]
Noised Result
[1170063.37516164 1545362.15993711 1205695.4935281  1453799.42056907
 1427443.52431562 1540974.21544616 1078017.3032932  1170837.3509437
 1115410.84853322 1609975.23308751 1329668.70599605 1602288.56166694
 1383030.9486851  1414883.05221045 1637601.9760899  1630129.24302645
 1385274.74369101 1114147.68666135 1803690.00837981 1330470.97771232
 1447206.2048717  1269031.55527372 1435304.19540479 1356968.39782583
 1539810.40631073]

The result for the 8th execution is
Time
4792.761787891388
Query Result
[1358439.0847184  1448378.25634029 1366916.5869667  1460640.22772451
 1391769.73571319 1360592.42087958 1343881.5992106  1388212.5081979
 1387556.1243629  1385024.00452818 1380678.63543309 1407556.99567011
 1420412.8906205  1410634.54040201 1413103.5836759  1401726.7055904
 1357956.85388559 1383169.94894629 1409753.83393691 1370998.5062496
 1407166.14149452 1377230.892193   1416075.48341331 1403969.33567851
 1429646.34169779]
Noised Result
[1491719.23281528 1618195.43101554 1493713.30106168 1468574.04573855
 1391856.07623824 1423941.28377638 1182891.29806761 1442239.07312137
 1397083.81425796 1302084.3289804  1260560.13229301 1465419.83260191
 1292948.7403751  1244420.29515698 1462361.34333077 1537227.10664251
 1497021.47754935 1213732.92774071 1430560.66328636 1426740.3930832
 1337358.7061928  1644504.07202188 1159144.09630693 1321173.39878855
 1299469.71440304]

The result for the 9th execution is
Time
4722.437061548233
Query Result
[1358439.0847184  1448378.25634029 1366916.5869667  1460640.22772451
 1391769.73571319 1360592.42087958 1343881.5992106  1388212.5081979
 1387556.1243629  1385024.00452818 1380678.63543309 1407556.99567011
 1420412.8906205  1410634.54040201 1413103.5836759  1401726.7055904
 1357956.85388559 1383169.94894629 1409753.83393691 1370998.5062496
 1407166.14149452 1377230.892193   1416075.48341331 1403969.33567851
 1429646.34169779]
Noised Result
[1301979.58757502 1477913.26605831 1484547.87772321 1290108.72990253
 1265777.38055003 1131176.94290019 1157464.29063638 1436097.51043958
 1315834.76687451 1431131.2873656  1116843.57546241 1453742.73818051
 1496508.16447797 1413946.32887212 1402474.55856035 1211322.58392572
 1518143.012344   1300470.61766077 1554821.9707995  1435370.43302996
 1447745.46778658 1408047.84058765 1332466.40744959 1557314.14233438
 1478317.1530502 ]

The result for the 10th execution is
Time
4215.507788896561
Query Result
[1358439.0847184  1448378.25634029 1366916.5869667  1460640.22772451
 1391769.73571319 1360592.42087958 1343881.5992106  1388212.5081979
 1387556.1243629  1385024.00452818 1380678.63543309 1407556.99567011
 1420412.8906205  1410634.54040201 1413103.5836759  1401726.7055904
 1357956.85388559 1383169.94894629 1409753.83393691 1370998.5062496
 1407166.14149452 1377230.892193   1416075.48341331 1403969.33567851
 1429646.34169779]
Noised Result
[1563577.35868901 1567514.64888969 1426055.18722575 1531158.26209061
 1313908.03363538 1278973.19920342 1341190.02916588 1478105.76101212
 1579987.32018195 1127420.66918973 1337579.46954086 1365482.61628471
 1492536.4752432  1285203.7367987  1516505.10010407 1482497.70472519
 1638846.63306927 1245158.39293366 1268706.34316615 1333066.39580355
 1472800.69416156 1585766.82038066 1715814.03498076 1443871.33350991
 1374667.53290668]

The result for the 11th execution is
Time
5032.346470117569
Query Result
[1358439.0847184  1448378.25634029 1366916.5869667  1460640.22772451
 1391769.73571319 1360592.42087958 1343881.5992106  1388212.5081979
 1387556.1243629  1385024.00452818 1380678.63543309 1407556.99567011
 1420412.8906205  1410634.54040201 1413103.5836759  1401726.7055904
 1357956.85388559 1383169.94894629 1409753.83393691 1370998.5062496
 1407166.14149452 1377230.892193   1416075.48341331 1403969.33567851
 1429646.34169779]
Noised Result
[1397118.68761821 1351941.21179862 1505292.27357899 1479429.20254397
 1088704.67941008 1147556.28547961 1264499.86247451 1381581.73986617
 1541813.79681294 1558861.78075248 1355925.94976675 1574131.98134699
 1362393.33148052 1281600.45120007 1415756.0634399  1438795.98926237
 1285689.11927805 1294468.0855232  1207707.29716938 1386202.10877324
 1583968.10144046 1407757.422525   1227026.82094212 1229279.50092958
 1290366.71842091]

The result for the 12th execution is
Time
4941.709046125412
Query Result
[1358439.0847184  1448378.25634029 1366916.5869667  1460640.22772451
 1391769.73571319 1360592.42087958 1343881.5992106  1388212.5081979
 1387556.1243629  1385024.00452818 1380678.63543309 1407556.99567011
 1420412.8906205  1410634.54040201 1413103.5836759  1401726.7055904
 1357956.85388559 1383169.94894629 1409753.83393691 1370998.5062496
 1407166.14149452 1377230.892193   1416075.48341331 1403969.33567851
 1429646.34169779]
Noised Result
[1281553.83064885 1519517.65330698 1417179.78942069 1607886.98986579
 1326461.85274804 1709764.65881751 1341005.39490763 1180030.10796795
 1302281.46345172 1485697.1369034  1235666.18819412 1411675.82149734
 1621836.03257091 1588566.99194365 1184712.70446369 1608084.91487955
 1477222.43839456 1671714.4141899  1445575.17697049 1337658.34822106
 1620048.26787059 1188911.50900323 1283461.10591763 1272880.61801616
 1505475.25480679]

The result for the 13th execution is
Time
4933.938472032547
Query Result
[1358439.0847184  1448378.25634029 1366916.5869667  1460640.22772451
 1391769.73571319 1360592.42087958 1343881.5992106  1388212.5081979
 1387556.1243629  1385024.00452818 1380678.63543309 1407556.99567011
 1420412.8906205  1410634.54040201 1413103.5836759  1401726.7055904
 1357956.85388559 1383169.94894629 1409753.83393691 1370998.5062496
 1407166.14149452 1377230.892193   1416075.48341331 1403969.33567851
 1429646.34169779]
Noised Result
[1486265.99867515 1380809.42145943 1283519.90340818 1219772.29385033
 1463748.78956721 1462402.34011991 1050771.33529625 1290792.4514564
 1436836.45910747 1325189.34243631 1177315.51448974 1467695.37650316
 1063073.68414626 1405794.642035   1413055.33208764 1647063.29071885
 1458045.23862446 1202512.4932084  1381367.73601805 1450179.66261804
 1178956.86239554 1418436.43261702 1121753.29388631 1404707.61684057
 1428530.14159357]

The result for the 14th execution is
Time
4948.155678987503
Query Result
[1358439.0847184  1448378.25634029 1366916.5869667  1460640.22772451
 1391769.73571319 1360592.42087958 1343881.5992106  1388212.5081979
 1387556.1243629  1385024.00452818 1380678.63543309 1407556.99567011
 1420412.8906205  1410634.54040201 1413103.5836759  1401726.7055904
 1357956.85388559 1383169.94894629 1409753.83393691 1370998.5062496
 1407166.14149452 1377230.892193   1416075.48341331 1403969.33567851
 1429646.34169779]
Noised Result
[1254829.34412048 1293638.23850982 1524165.91619258 1392275.07566035
 1338871.27356163 1417332.68090123 1029219.93578663 1406768.40984176
 1204856.40930191 1470537.44614961 1297127.11313568 1383707.75222408
 1267050.2326528  1583830.09866508 1551923.85147003 1500729.22416268
 1699077.77818253 1340290.38553319 1530771.92036019 1300990.43865754
 1645760.11118904 1576074.68727659 1372879.28757095 1472350.53381541
 1384872.61540528]

The result for the 15th execution is
Time
4938.071278333664
Query Result
[1358439.0847184  1448378.25634029 1366916.5869667  1460640.22772451
 1391769.73571319 1360592.42087958 1343881.5992106  1388212.5081979
 1387556.1243629  1385024.00452818 1380678.63543309 1407556.99567011
 1420412.8906205  1410634.54040201 1413103.5836759  1401726.7055904
 1357956.85388559 1383169.94894629 1409753.83393691 1370998.5062496
 1407166.14149452 1377230.892193   1416075.48341331 1403969.33567851
 1429646.34169779]
Noised Result
[1540713.02409852 1549302.18826095 1287818.6114031  1613036.31393833
 1279058.5978396  1248638.55471573 1286998.17863639 1460065.51102044
 1363615.47361683 1240516.42653113 1214200.26339704 1644350.85905213
 1566388.84625947 1255436.18389775 1443289.63334728 1258320.59069726
 1261319.76045615 1198449.7775636  1410686.68517084 1216688.39733035
 1377022.51339928 1663897.71853737 1354032.99970956 1234024.69793215
 1365437.74230678]

The result for the 16th execution is
Time
5.801681041717529
Query Result
[1358439.0847184  1448378.25634029 1366916.5869667  1460640.22772451
 1391769.73571319 1360592.42087958 1343881.5992106  1388212.5081979
 1387556.1243629  1385024.00452818 1380678.63543309 1407556.99567011
 1420412.8906205  1410634.54040201 1413103.5836759  1401726.7055904
 1357956.85388559 1383169.94894629 1409753.83393691 1370998.5062496
 1407166.14149452 1377230.892193   1416075.48341331 1403969.33567851
 1429646.34169779]
Noised Result
[ 3.90974112e+10 -1.41973744e+10  3.56468826e+09 -1.62806855e+10
  2.54214237e+10  1.22509008e+09  2.20523179e+10 -3.03396456e+10
 -1.03244134e+10  1.51746695e+10  1.54282150e+10 -7.35971389e+09
  4.31563380e+10  4.23345424e+10  1.56853332e+10 -2.60438851e+09
  7.17438420e+09  1.26272806e+10 -2.20804991e+10  3.11192146e+10
  5.76982687e+09  9.20672316e+08 -2.39734046e+10 -1.73263499e+10
  9.08726079e+09]

The result for the 17th execution is
Time
4942.124420166016
Query Result
[1358439.0847184  1448378.25634029 1366916.5869667  1460640.22772451
 1391769.73571319 1360592.42087958 1343881.5992106  1388212.5081979
 1387556.1243629  1385024.00452818 1380678.63543309 1407556.99567011
 1420412.8906205  1410634.54040201 1413103.5836759  1401726.7055904
 1357956.85388559 1383169.94894629 1409753.83393691 1370998.5062496
 1407166.14149452 1377230.892193   1416075.48341331 1403969.33567851
 1429646.34169779]
Noised Result
[1231895.73087771 1730183.72529155 1198143.03425797 1413172.57231196
 1206255.52884073 1243894.02262637 1429883.99264771 1113516.98672701
 1343811.4813679  1556668.96113098 1426449.43341878 1472807.09893327
 1247556.21356752 1566103.8517123  1508266.9145431  1360018.74195882
 1083941.57464765 1335334.47681336 1444527.32191419 1350837.66946248
 1308612.22438889 1056466.59203994 1558436.88920586 1322192.28404246
 1491006.56820483]

The result for the 18th execution is
Time
4901.46178650856
Query Result
[1358439.0847184  1448378.25634029 1366916.5869667  1460640.22772451
 1391769.73571319 1360592.42087958 1343881.5992106  1388212.5081979
 1387556.1243629  1385024.00452818 1380678.63543309 1407556.99567011
 1420412.8906205  1410634.54040201 1413103.5836759  1401726.7055904
 1357956.85388559 1383169.94894629 1409753.83393691 1370998.5062496
 1407166.14149452 1377230.892193   1416075.48341331 1403969.33567851
 1429646.34169779]
Noised Result
[1373602.3954502  1386587.01843726 1480886.17771243 1310529.86140199
 1640213.82680659 1351243.93255904 1470583.466125   1227254.84962602
 1477452.76541741 1385845.25166596 1410741.93212993 1421264.55621955
 1368024.36620001 1446717.99849127 1261725.74874053 1196847.34953248
 1319679.31975103 1439775.91262196 1482897.00205945 1435532.39817498
 1445349.00600922 1185607.50447948 1526352.90870083 1564570.35825578
 1275370.13594466]

The result for the 19th execution is
Time
2106.780636548996
Query Result
[1358439.0847184  1448378.25634029 1366916.5869667  1460640.22772451
 1391769.73571319 1360592.42087958 1343881.5992106  1388212.5081979
 1387556.1243629  1385024.00452818 1380678.63543309 1407556.99567011
 1420412.8906205  1410634.54040201 1413103.5836759  1401726.7055904
 1357956.85388559 1383169.94894629 1409753.83393691 1370998.5062496
 1407166.14149452 1377230.892193   1416075.48341331 1403969.33567851
 1429646.34169779]
Noised Result
[  858256.32485253   531738.99640034  1447601.81564176  2378846.64181379
  3385379.8041231    896706.96099183  1057137.49348683  2089827.91458107
  2301947.65159847  1706914.64458782  1245307.31944902  1775185.10553132
   180347.84354402   602936.88943728  1269962.22264907  2679577.29604269
  2729000.15970864    78179.12297249  -101361.59055956   514852.04084833
  1867407.70302988  3704834.42312298 -1701155.68593683   354822.76557459
  1600292.81975171]

