The result for the 0th execution is
Time
23.907055616378784
Query Result
[6076. 6309. 6088. 6105. 6209. 6157. 6328. 6140. 6203. 6193. 6048. 6057.
 6135. 6333. 6392. 6462. 6103. 6332. 6090. 6236. 6412. 6281. 6212. 6279.
 6228. 6256. 6059. 6049. 6154. 6036. 6074. 6104. 6200. 6202. 6247. 6345.
 6149. 5895. 6142. 6237. 6349. 6522. 6071. 6112. 6105. 6133. 6227. 6255.
 6445. 6218.]
Noised Result
[6900.41946339 5417.70612553 5999.17317318 6512.43576739 5711.92241233
 6760.66754647 5621.10068119 6285.49616719 5494.30722326 6528.21309154
 6025.997898   5661.31980759 6084.86655302 7014.72774537 7606.53324595
 6984.02731023 6915.66902758 5912.78977111 5917.29583969 6039.67570529
 7158.89793548 4780.49431135 6705.77389351 6395.20996952 6488.59859734
 5658.04392588 5710.10520626 5408.9684997  5136.45275317 6497.90680852
 7275.3848182  5411.49223724 5705.24093345 7203.11307569 6502.13042131
 6245.07523893 5835.59111305 6030.01354874 5924.24658076 5231.33713957
 6420.61396952 6505.51208584 6804.65867941 6535.00718581 5966.05202914
 6243.4602261  6625.09246666 5986.67543699 6119.37456414 6510.91177325]

The result for the 1th execution is
Time
24.350560665130615
Query Result
[6076. 6309. 6088. 6105. 6209. 6157. 6328. 6140. 6203. 6193. 6048. 6057.
 6135. 6333. 6392. 6462. 6103. 6332. 6090. 6236. 6412. 6281. 6212. 6279.
 6228. 6256. 6059. 6049. 6154. 6036. 6074. 6104. 6200. 6202. 6247. 6345.
 6149. 5895. 6142. 6237. 6349. 6522. 6071. 6112. 6105. 6133. 6227. 6255.
 6445. 6218.]
Noised Result
[6059.62984432 6614.24095541 6303.07314221 6001.95287392 6712.56626411
 6522.83022556 6411.755013   6566.70532576 6264.43622083 6403.41591144
 6322.21264373 5871.45599777 6366.29172932 5878.06539396 6268.41785
 6047.32495211 5931.49144311 6594.64587557 6048.24110911 5679.51818065
 5827.37529752 6262.79703883 6206.60452045 6148.10738042 5729.05473221
 6385.44581299 5580.46148533 6230.6358626  6834.12259847 5935.61968277
 6323.11664732 6109.94489833 6334.30989882 6023.98815334 6057.95827973
 5874.5966309  5724.45851721 6744.60285881 5893.33199638 6663.59524347
 6518.73090512 6638.16559081 6020.57618913 5608.78935626 5727.88933592
 6369.15320172 6697.36400813 6157.3332437  6378.49939822 6263.12956355]

The result for the 2th execution is
Time
24.69875979423523
Query Result
[6076. 6309. 6088. 6105. 6209. 6157. 6328. 6140. 6203. 6193. 6048. 6057.
 6135. 6333. 6392. 6462. 6103. 6332. 6090. 6236. 6412. 6281. 6212. 6279.
 6228. 6256. 6059. 6049. 6154. 6036. 6074. 6104. 6200. 6202. 6247. 6345.
 6149. 5895. 6142. 6237. 6349. 6522. 6071. 6112. 6105. 6133. 6227. 6255.
 6445. 6218.]
Noised Result
[6272.41985623 6161.21301529 6598.78373429 5967.00380323 6320.65306861
 6407.45779091 6945.56912252 5823.37434147 6336.32036129 6143.65286827
 6543.04288766 5599.57033447 6429.59016458 7020.48532637 6141.41939455
 5931.20942839 6041.77506364 6398.04058712 5857.94382093 6681.19154509
 5875.70857992 6270.4193502  6559.65411062 6445.26407073 6178.89100904
 6340.99669978 5297.10583656 5403.89878173 6146.35763844 5546.4056601
 6351.01829045 5761.05543217 6393.01000146 6629.0467173  5987.09491444
 6577.52842736 6206.47749291 6279.82253132 5769.45926562 6131.99364671
 6466.76922109 6158.59962325 5774.62767417 5981.67406017 5705.20206347
 6705.66798938 6831.13287247 6538.06354529 6378.17858842 6469.64796434]

The result for the 3th execution is
Time
25.039303064346313
Query Result
[6076. 6309. 6088. 6105. 6209. 6157. 6328. 6140. 6203. 6193. 6048. 6057.
 6135. 6333. 6392. 6462. 6103. 6332. 6090. 6236. 6412. 6281. 6212. 6279.
 6228. 6256. 6059. 6049. 6154. 6036. 6074. 6104. 6200. 6202. 6247. 6345.
 6149. 5895. 6142. 6237. 6349. 6522. 6071. 6112. 6105. 6133. 6227. 6255.
 6445. 6218.]
Noised Result
[5929.04448349 5994.07538266 5601.07457793 5878.32967438 6075.19919472
 6733.8255962  6123.45914263 6041.20910775 6260.20529074 6320.06220932
 6022.40490812 5860.96719795 5756.86830837 6740.4700609  5714.17598074
 7025.04405235 5808.95820025 6105.84612968 6402.1948542  6102.32737825
 6736.42441737 6933.36304308 6612.15186697 7078.09566728 5988.43647906
 6554.90437868 6167.53980589 5779.71512885 5997.32090836 5679.86772737
 6280.08333601 5901.09598887 6477.58025188 6374.74975096 6106.5502086
 6301.92307757 5657.39749601 6207.1130976  6110.13195812 5685.76917693
 6602.32685389 5814.10709857 6545.80088674 6500.87906548 6454.30433144
 6253.01401278 6272.27376316 6750.42902253 6167.11543707 6183.54046421]

The result for the 4th execution is
Time
25.36438012123108
Query Result
[6076. 6309. 6088. 6105. 6209. 6157. 6328. 6140. 6203. 6193. 6048. 6057.
 6135. 6333. 6392. 6462. 6103. 6332. 6090. 6236. 6412. 6281. 6212. 6279.
 6228. 6256. 6059. 6049. 6154. 6036. 6074. 6104. 6200. 6202. 6247. 6345.
 6149. 5895. 6142. 6237. 6349. 6522. 6071. 6112. 6105. 6133. 6227. 6255.
 6445. 6218.]
Noised Result
[5979.2484882  6369.57973273 5909.05866068 6444.83027741 6138.36768423
 5904.33585912 6170.97126032 6142.58420734 5965.59283798 5503.98190904
 5751.14884847 5815.42413227 5424.07925181 5871.12320498 6053.06614651
 7056.21972699 5725.60378814 5839.39823844 6316.16025148 6796.00587612
 5814.18760533 5884.6107905  6631.72708148 6062.2561632  6137.92878245
 6379.5860957  5572.64844781 5891.60956452 6146.86840726 6075.74534729
 6075.18265089 6155.56231379 6188.89562555 5911.99174849 6746.30642686
 5756.18868941 6358.29425273 6380.37887976 6429.84263926 6202.31317722
 6560.58461374 6300.55348084 5931.83313945 5279.36998481 6120.2401242
 6173.7332451  5763.14903348 5962.74800536 5851.1515999  6157.7319657 ]

The result for the 5th execution is
Time
25.16741681098938
Query Result
[6076. 6309. 6088. 6105. 6209. 6157. 6328. 6140. 6203. 6193. 6048. 6057.
 6135. 6333. 6392. 6462. 6103. 6332. 6090. 6236. 6412. 6281. 6212. 6279.
 6228. 6256. 6059. 6049. 6154. 6036. 6074. 6104. 6200. 6202. 6247. 6345.
 6149. 5895. 6142. 6237. 6349. 6522. 6071. 6112. 6105. 6133. 6227. 6255.
 6445. 6218.]
Noised Result
[6276.00327192 6675.60224721 6336.31407629 6316.07217352 6049.13587609
 6287.95373588 6405.84152645 6335.68365945 6767.14015879 6206.66386043
 6577.85695524 5968.35163322 5907.60647803 6320.06164076 6616.08501247
 6567.97162423 5730.58942517 6724.29075437 6212.60113249 6331.41533477
 7047.15450648 6301.1550546  6207.36575391 5295.44491891 6313.88357269
 5601.43813274 5758.52497456 6276.72428886 6300.26421841 5877.66590255
 6143.5009549  6467.60975733 5573.99523308 6183.3196875  6204.71158665
 6624.45186222 6432.57214853 5141.2056485  6163.79090434 5812.21441483
 6423.58077007 6435.79309734 6342.14829717 6098.85954385 6409.01118921
 5799.60391473 6480.34074917 6186.53459729 5670.87373043 5682.7776728 ]

The result for the 6th execution is
Time
24.436397552490234
Query Result
[6076. 6309. 6088. 6105. 6209. 6157. 6328. 6140. 6203. 6193. 6048. 6057.
 6135. 6333. 6392. 6462. 6103. 6332. 6090. 6236. 6412. 6281. 6212. 6279.
 6228. 6256. 6059. 6049. 6154. 6036. 6074. 6104. 6200. 6202. 6247. 6345.
 6149. 5895. 6142. 6237. 6349. 6522. 6071. 6112. 6105. 6133. 6227. 6255.
 6445. 6218.]
Noised Result
[6248.84099405 6018.36015309 5434.93315735 5975.35183502 6101.35970202
 6089.94053136 6248.22384071 6332.59706441 5899.79099298 6159.62942879
 6466.72995631 6198.59146677 6284.1829085  6262.08625857 6625.91959953
 6612.02413577 6556.96478691 6775.81773086 5937.00260332 6221.62935162
 6529.72888511 6026.86444869 6144.82539149 6162.1771112  6513.94354192
 5785.92591287 5856.66986987 5947.37662178 6577.62213833 6250.06264659
 6035.02571809 6294.91179908 5885.9414364  6158.3083678  5293.00319517
 6156.15458686 6616.06892931 6497.00146675 6003.9761874  5598.96579326
 6161.65833626 6589.60704234 6126.53286498 5882.08166164 6337.79665828
 5706.5092421  6377.01261209 6224.1902195  6262.36096621 6140.54857105]

The result for the 7th execution is
Time
24.751790046691895
Query Result
[6076. 6309. 6088. 6105. 6209. 6157. 6328. 6140. 6203. 6193. 6048. 6057.
 6135. 6333. 6392. 6462. 6103. 6332. 6090. 6236. 6412. 6281. 6212. 6279.
 6228. 6256. 6059. 6049. 6154. 6036. 6074. 6104. 6200. 6202. 6247. 6345.
 6149. 5895. 6142. 6237. 6349. 6522. 6071. 6112. 6105. 6133. 6227. 6255.
 6445. 6218.]
Noised Result
[6105.13786702 6114.95485989 6215.06717311 6165.01276202 6243.99065441
 6434.46759489 6073.79870455 6243.94946138 6336.39008565 5952.94410592
 6891.1958343  5900.36547303 6266.1434872  6210.71789832 6105.86568761
 6501.95538718 5427.23352103 6142.10912178 5521.54823733 6568.54169791
 6552.97141975 6161.21266723 6570.38011357 5733.53236976 6266.10018502
 6392.45118973 6005.7912127  5665.20614587 6006.95925107 6247.12038375
 5692.86231067 5937.73853427 6199.13663763 6333.67983107 6547.80207294
 5942.36515459 6150.94667074 6125.67023397 6404.4066782  6202.15449414
 6348.20238166 6582.65260442 6017.46165304 5989.92293333 6139.76668991
 6157.06766469 5672.7837875  6792.88872638 7164.39933311 6131.80500445]

The result for the 8th execution is
Time
24.890901565551758
Query Result
[6076. 6309. 6088. 6105. 6209. 6157. 6328. 6140. 6203. 6193. 6048. 6057.
 6135. 6333. 6392. 6462. 6103. 6332. 6090. 6236. 6412. 6281. 6212. 6279.
 6228. 6256. 6059. 6049. 6154. 6036. 6074. 6104. 6200. 6202. 6247. 6345.
 6149. 5895. 6142. 6237. 6349. 6522. 6071. 6112. 6105. 6133. 6227. 6255.
 6445. 6218.]
Noised Result
[5999.53543922 6784.95358565 6230.11334613 6998.95301398 6787.94112658
 6405.81408265 6047.118458   6561.21500991 5734.14924086 6025.68227727
 6342.87726049 6602.72746489 6114.07011164 6773.9511832  6107.06869899
 6967.15371328 6171.6350568  6064.48979409 5655.99462146 6181.77951843
 6511.11661196 6201.39327247 6424.34470791 6114.83337018 6520.44033026
 6525.29009676 6466.42730548 6484.00416257 6419.73621523 6085.97671966
 6075.45401694 6303.38936652 6853.00560707 6231.4220041  6234.79904716
 6811.20249253 5907.8712411  5670.29327369 5964.15985291 6510.39363849
 6336.15073859 6766.45407182 5534.60460266 6547.65111193 5495.00134551
 5847.97779394 5988.81261331 5998.40361753 6608.16313356 6380.88768194]

The result for the 9th execution is
Time
26.149396657943726
Query Result
[6076. 6309. 6088. 6105. 6209. 6157. 6328. 6140. 6203. 6193. 6048. 6057.
 6135. 6333. 6392. 6462. 6103. 6332. 6090. 6236. 6412. 6281. 6212. 6279.
 6228. 6256. 6059. 6049. 6154. 6036. 6074. 6104. 6200. 6202. 6247. 6345.
 6149. 5895. 6142. 6237. 6349. 6522. 6071. 6112. 6105. 6133. 6227. 6255.
 6445. 6218.]
Noised Result
[5937.71379311 6453.58546311 5994.54085377 6239.03736129 5698.41787121
 6120.28582452 6351.95143504 5763.71601382 6154.99108158 6575.47056334
 5737.89596624 6224.51462969 6176.92236477 6820.02839613 6240.57288209
 6499.17571102 5895.65406271 6528.88883365 6515.99996641 5991.87973682
 6415.44397659 6458.80477736 6207.20351693 6341.10727437 5800.76156668
 6002.21338907 5884.66968522 6013.90339764 5894.703967   6862.29619435
 6468.79678804 6070.42796183 6168.22779257 6374.59504627 6027.43171871
 6132.84872325 6545.15896415 5553.5944155  5873.14880649 6218.63640031
 5331.73564539 6462.39361793 6069.92678643 6506.00702505 6126.78222182
 6071.93143566 5903.93365719 6152.89760264 6976.6079452  6432.94844258]

The result for the 10th execution is
Time
25.543838262557983
Query Result
[6076. 6309. 6088. 6105. 6209. 6157. 6328. 6140. 6203. 6193. 6048. 6057.
 6135. 6333. 6392. 6462. 6103. 6332. 6090. 6236. 6412. 6281. 6212. 6279.
 6228. 6256. 6059. 6049. 6154. 6036. 6074. 6104. 6200. 6202. 6247. 6345.
 6149. 5895. 6142. 6237. 6349. 6522. 6071. 6112. 6105. 6133. 6227. 6255.
 6445. 6218.]
Noised Result
[6280.24778127 5811.22749741 6401.34398157 6716.74296059 6146.26332793
 5692.49417155 6613.10747087 6199.63177655 6828.02789144 6116.06273481
 6053.22589716 6220.10761309 6015.37540926 6200.32423608 6232.04137261
 6555.37782324 6058.97163045 6503.54653853 5875.72465839 6458.88626956
 6326.09804385 5988.73358469 6079.04711032 5892.3021797  6169.02167692
 6151.42722573 6152.45322851 5518.93959091 6060.78687519 5929.95860392
 6243.71837287 5803.32433219 6240.59235687 6057.20884386 5949.62834383
 6582.53346734 5704.55036995 5990.69862494 6073.27158727 5876.02967224
 6482.6805046  6379.10990784 6051.067125   6091.41056903 6203.89483627
 5755.62408006 5956.67798384 5859.22707008 6420.00257252 5323.51598494]

The result for the 11th execution is
Time
25.57311201095581
Query Result
[6076. 6309. 6088. 6105. 6209. 6157. 6328. 6140. 6203. 6193. 6048. 6057.
 6135. 6333. 6392. 6462. 6103. 6332. 6090. 6236. 6412. 6281. 6212. 6279.
 6228. 6256. 6059. 6049. 6154. 6036. 6074. 6104. 6200. 6202. 6247. 6345.
 6149. 5895. 6142. 6237. 6349. 6522. 6071. 6112. 6105. 6133. 6227. 6255.
 6445. 6218.]
Noised Result
[5517.35879126 5715.71229241 5865.76614951 5818.66382346 6244.33712079
 6654.93955197 6293.58238563 6346.50355366 6661.29456258 6317.49258821
 6063.28230789 5914.95666337 6226.42911683 6283.37386713 6317.37577242
 6101.56405652 5337.16760496 6407.03151968 5669.9340221  6043.89082663
 6111.52461106 6070.264261   6016.26986066 6872.38664558 6491.58169303
 6500.72715057 5580.30460219 5942.33565502 5845.72878534 5691.83669891
 5736.1482988  5987.11189937 6526.56755982 6213.3020923  6348.48519218
 6871.67562316 5970.87452108 6348.65473635 6018.29383466 6687.74973926
 6706.99620956 6944.68202124 6533.73327507 5859.2819087  6145.16984149
 6085.58180612 6192.97453604 6143.25824218 6442.17757914 5750.80732279]

The result for the 12th execution is
Time
24.454155206680298
Query Result
[6076. 6309. 6088. 6105. 6209. 6157. 6328. 6140. 6203. 6193. 6048. 6057.
 6135. 6333. 6392. 6462. 6103. 6332. 6090. 6236. 6412. 6281. 6212. 6279.
 6228. 6256. 6059. 6049. 6154. 6036. 6074. 6104. 6200. 6202. 6247. 6345.
 6149. 5895. 6142. 6237. 6349. 6522. 6071. 6112. 6105. 6133. 6227. 6255.
 6445. 6218.]
Noised Result
[5957.43981061 6856.7677642  5815.71078941 5750.03921744 5860.70293922
 5912.38029134 6604.21814792 6345.55397971 6043.25343952 6274.7057183
 6196.15954293 6135.09936232 6225.35348518 6636.31751364 5996.67900996
 6962.77020723 6042.08428758 6195.82392473 6733.01092981 6681.1505131
 6144.29907712 6335.73917886 6399.03694604 6271.86426025 6004.18628659
 5720.86265558 6469.36673847 6677.79713589 6282.30466622 6143.31958424
 5769.54993204 6672.85495541 6516.56242451 6308.23486742 6548.05163073
 6650.44188977 5775.09311631 6399.20278096 5518.33943387 6396.93611317
 6021.66863336 6613.36774581 6897.75279935 6135.52509317 6536.73658997
 5913.51278818 6303.12648643 5860.94053271 6149.16448004 6312.47327863]

The result for the 13th execution is
Time
24.948325395584106
Query Result
[6076. 6309. 6088. 6105. 6209. 6157. 6328. 6140. 6203. 6193. 6048. 6057.
 6135. 6333. 6392. 6462. 6103. 6332. 6090. 6236. 6412. 6281. 6212. 6279.
 6228. 6256. 6059. 6049. 6154. 6036. 6074. 6104. 6200. 6202. 6247. 6345.
 6149. 5895. 6142. 6237. 6349. 6522. 6071. 6112. 6105. 6133. 6227. 6255.
 6445. 6218.]
Noised Result
[6320.10031342 6693.69278603 6197.36757953 5498.15039298 6145.31158651
 5994.90878666 6403.57549319 5970.84421512 6115.9833622  5611.74575219
 6303.36420247 5399.46328859 6438.84531747 5876.38438311 6882.22771982
 6377.81887544 5980.66097398 6127.15660529 5805.71322857 6102.37364289
 6222.97742076 6180.00523089 5887.24753162 6033.5095347  6359.54051536
 5663.82359708 5715.30238475 5526.76476358 6249.51308927 4841.0598126
 6006.82154662 5418.62972866 5948.87211956 5695.75557837 6526.45756923
 6350.92355821 6215.4439699  5671.23787349 5832.89176841 5753.08063689
 7204.74605103 6001.36036515 6424.63033329 6268.85952078 6038.26973581
 5697.51912651 6477.72280755 6282.85054617 5952.21210016 5923.40461717]

The result for the 14th execution is
Time
2.9045917987823486
Query Result
[6076. 6309. 6088. 6105. 6209. 6157. 6328. 6140. 6203. 6193. 6048. 6057.
 6135. 6333. 6392. 6462. 6103. 6332. 6090. 6236. 6412. 6281. 6212. 6279.
 6228. 6256. 6059. 6049. 6154. 6036. 6074. 6104. 6200. 6202. 6247. 6345.
 6149. 5895. 6142. 6237. 6349. 6522. 6071. 6112. 6105. 6133. 6227. 6255.
 6445. 6218.]
Noised Result
[5372.41089608 4373.98763548 7405.64546248 5768.13019849 6580.37489168
 6459.36671429 8063.45407287 5940.4174081  5647.74629859 5963.56281502
 5429.00744931 6611.73875832 7903.90824641 5330.0400108  5567.99119549
 5460.73272701 7351.93496683 7174.29426568 6290.58915829 5029.40674452
 5812.28954387 6370.65142803 5893.50875526 6513.2378814  5505.99558253
 5664.75988965 6860.95305176 5867.66832372 8134.25317567 7971.79776503
 6933.83137672 4926.14473384 4453.38879463 5162.94857035 4869.70914959
 6735.92841837 7225.57700997 9147.39578379 7080.31126159 7727.69808362
 6373.27825845 5683.56695067 5017.33598252 7158.03303608 7828.83991407
 5227.03931358 7136.48315178 4661.0651546  4093.41358464 6467.94861642]

The result for the 15th execution is
Time
25.6568706035614
Query Result
[6076. 6309. 6088. 6105. 6209. 6157. 6328. 6140. 6203. 6193. 6048. 6057.
 6135. 6333. 6392. 6462. 6103. 6332. 6090. 6236. 6412. 6281. 6212. 6279.
 6228. 6256. 6059. 6049. 6154. 6036. 6074. 6104. 6200. 6202. 6247. 6345.
 6149. 5895. 6142. 6237. 6349. 6522. 6071. 6112. 6105. 6133. 6227. 6255.
 6445. 6218.]
Noised Result
[  34961.68336419   79529.03569891  -59020.71091627  -24601.17690967
    7057.41283842   58543.10561336  -51812.58827966   44289.44879183
 -101425.46602537   44263.14660158  -44931.34224627  -14058.3211684
   32393.51052327  -31904.71724365  141088.46842007   10953.05255034
    3651.77331637    1746.52241605   37758.99624462   42009.53769571
    7913.72801091   -8510.2246953    48941.41270347  -19806.18271166
  -30271.01557071   74845.59006787  -30302.01195792  -25324.54886346
   -8787.09165057    1286.04441628  106117.64402947   22996.19293138
  -58282.91823455   74904.60382678   27835.7549507   -38008.94136167
    9700.44030951    -312.6410741      892.0639209    -7853.14824877
  -25875.75353396  -53656.94768447   21104.37247789  -28764.37891364
   15441.18553508   50917.60936918   45042.71934779  -13138.74822837
   15859.05652592  -49932.15776083]

The result for the 16th execution is
Time
25.630895376205444
Query Result
[6076. 6309. 6088. 6105. 6209. 6157. 6328. 6140. 6203. 6193. 6048. 6057.
 6135. 6333. 6392. 6462. 6103. 6332. 6090. 6236. 6412. 6281. 6212. 6279.
 6228. 6256. 6059. 6049. 6154. 6036. 6074. 6104. 6200. 6202. 6247. 6345.
 6149. 5895. 6142. 6237. 6349. 6522. 6071. 6112. 6105. 6133. 6227. 6255.
 6445. 6218.]
Noised Result
[5231.79353254 6616.28071722 5755.40037029 5758.93523454 6297.45398817
 6935.40390135 5490.11623267 6337.91871452 6345.5530751  5769.10967009
 4719.84210258 6308.15045595 4590.27467212 6139.38828332 5213.00291175
 7615.19363263 6644.06848443 6300.97618113 5701.31379323 6600.46001128
 7331.52450695 6778.52545251 6474.05736703 6997.83292953 7024.45488891
 5942.93586086 6989.458283   6160.05690893 5570.98226481 6232.79418935
 6072.69404576 5761.70415132 5512.87336934 5843.86903921 4199.40167857
 5591.39305425 5590.23849374 4776.80905685 6557.64562655 5639.3690827
 6845.11123982 6993.68223871 5139.72903873 5646.10619153 7227.80548315
 5528.97152963 6181.53543688 6816.6000158  8197.43565917 5862.27706688]

The result for the 17th execution is
Time
24.361504316329956
Query Result
[6076. 6309. 6088. 6105. 6209. 6157. 6328. 6140. 6203. 6193. 6048. 6057.
 6135. 6333. 6392. 6462. 6103. 6332. 6090. 6236. 6412. 6281. 6212. 6279.
 6228. 6256. 6059. 6049. 6154. 6036. 6074. 6104. 6200. 6202. 6247. 6345.
 6149. 5895. 6142. 6237. 6349. 6522. 6071. 6112. 6105. 6133. 6227. 6255.
 6445. 6218.]
Noised Result
[5960.05701506 6030.0763803  6608.68556795 5961.52585277 6714.61336384
 5632.57871299 6739.39757507 6035.24920451 5945.65214758 6474.00040053
 6146.01718999 6423.22106263 6001.40161845 6380.92184887 6412.4092182
 6115.71001037 6333.82012095 6021.58013172 6434.99799798 6336.52984603
 6257.43979131 6505.11928034 6628.36154253 6464.91197666 6347.81371504
 6245.25023708 5886.41652409 6262.42058537 6932.38999915 5756.97665279
 5994.29174524 6008.70129648 5695.41098033 5948.05020003 6031.93214687
 6232.64955357 6622.9907354  6191.57630441 6338.89334281 6111.55141091
 6728.53684644 6205.52772094 5947.23340089 5825.85665824 5575.27992356
 6005.70077381 5871.2530307  5939.57727041 6553.13751686 6212.51125994]

The result for the 18th execution is
Time
25.032384395599365
Query Result
[6076. 6309. 6088. 6105. 6209. 6157. 6328. 6140. 6203. 6193. 6048. 6057.
 6135. 6333. 6392. 6462. 6103. 6332. 6090. 6236. 6412. 6281. 6212. 6279.
 6228. 6256. 6059. 6049. 6154. 6036. 6074. 6104. 6200. 6202. 6247. 6345.
 6149. 5895. 6142. 6237. 6349. 6522. 6071. 6112. 6105. 6133. 6227. 6255.
 6445. 6218.]
Noised Result
[6660.54641708 5669.89651297 7939.87554183 5090.67516346 4839.10404871
 6741.95243784 5112.23224769 6705.48269842 6394.65095425 6440.92787101
 5234.81841358 5378.3632679  6437.41412341 6965.11911158 5198.85118771
 7520.95902568 5389.13174446 5365.86275364 6317.12756133 5513.22093282
 6428.62914471 5993.30030907 6818.45369272 6588.49414355 5091.05698035
 6172.03555526 5553.22595254 6254.96490261 5069.3888635  5252.76292121
 6541.49502163 6823.91890538 6433.6426117  5467.91704743 6938.52974708
 6755.87511241 6107.19994107 5880.13626907 6421.35550304 5864.81886074
 6665.96059178 6171.12946315 5148.41746044 6831.95423427 6936.66328458
 6162.34743153 5542.45245525 6780.87764048 6459.12891916 6646.64314108]

The result for the 19th execution is
Time
24.26891827583313
Query Result
[6076. 6309. 6088. 6105. 6209. 6157. 6328. 6140. 6203. 6193. 6048. 6057.
 6135. 6333. 6392. 6462. 6103. 6332. 6090. 6236. 6412. 6281. 6212. 6279.
 6228. 6256. 6059. 6049. 6154. 6036. 6074. 6104. 6200. 6202. 6247. 6345.
 6149. 5895. 6142. 6237. 6349. 6522. 6071. 6112. 6105. 6133. 6227. 6255.
 6445. 6218.]
Noised Result
[5958.42775668 6862.70034812 6006.97270673 5873.47451728 6360.28634145
 5759.57470527 5811.50630666 6829.41641978 6023.88793875 6755.34433759
 5745.77663079 5601.40024039 6738.797518   6312.86636572 6673.58061578
 6937.20109926 5672.50123845 6163.9791961  6530.08952564 6794.33025488
 6286.10668952 6810.5841405  6042.18712748 5764.94008939 5719.12035258
 6296.2546303  6532.73969564 6605.16489638 6237.42285184 6210.63957494
 6694.42110842 5242.68279051 5813.91521288 6003.92451258 6584.35034487
 5592.31157057 5759.23637387 6421.18575973 5714.09696552 6448.11483473
 6198.35161948 6616.6594664  6135.29928538 5747.55966632 6059.83088558
 6236.95748566 6795.88006561 6136.57623857 6475.03905387 6791.25424195]

