The result for the 0th execution is
Time
15875.17053627968
Query Result
[2720019.41214722 2801530.80951601 2747741.29239458 2870253.59753331
 2756300.28883111 2752934.9905174  2748918.5063033  2776952.6599567
 2749537.12797138 2766627.94958737 2764061.99799709 2835894.282625
 2840495.18703757 2772855.94358149 2817262.23303979 2844715.11976689
 2809049.5733608  2760699.7566586  2865417.53020779 2787411.81159769
 2785106.69988714 2801806.69325102 2744348.37362811 2780514.42907723
 2855014.53672631]
Noised Result
[2707261.45045594 2802669.29647273 2683781.05654119 2869357.27793121
 2824207.55498064 2791912.08415402 2676994.68827658 2803530.24916937
 2757629.1918085  2882632.99696623 2718929.61388037 2895839.96686995
 2836045.54680806 2721934.36276522 2781022.27334904 2875360.53924278
 2763827.37418611 2760281.04315809 2934309.52392781 2795304.36999538
 2824209.20082259 2782229.55343884 2718122.36865    2706001.38435845
 2862592.34214987]

The result for the 1th execution is
Time
7950.99035143852
Query Result
[2720019.41214722 2801530.80951601 2747741.29239458 2870253.59753331
 2756300.28883111 2752934.9905174  2748918.5063033  2776952.6599567
 2749537.12797138 2766627.94958737 2764061.99799709 2835894.282625
 2840495.18703757 2772855.94358149 2817262.23303979 2844715.11976689
 2809049.5733608  2760699.7566586  2865417.53020779 2787411.81159769
 2785106.69988714 2801806.69325102 2744348.37362811 2780514.42907723
 2855014.53672631]
Noised Result
[2699916.6797067  2763484.36755533 2706282.14002065 2777064.51319644
 2806824.99353844 2731279.29012047 2721454.92020157 2854193.3073333
 2745310.59511505 2808506.1105698  2774424.1086183  2883209.17185939
 2806552.54498077 2775956.37546029 2769056.34992743 2812767.85942287
 2915444.47404016 2854874.8421425  2911927.82689828 2814224.80999682
 2777167.4180815  2843340.8967501  2802898.17375701 2797924.55135097
 2868600.55351925]

The result for the 2th execution is
Time
8534.939712524414
Query Result
[2720019.41214722 2801530.80951601 2747741.29239458 2870253.59753331
 2756300.28883111 2752934.9905174  2748918.5063033  2776952.6599567
 2749537.12797138 2766627.94958737 2764061.99799709 2835894.282625
 2840495.18703757 2772855.94358149 2817262.23303979 2844715.11976689
 2809049.5733608  2760699.7566586  2865417.53020779 2787411.81159769
 2785106.69988714 2801806.69325102 2744348.37362811 2780514.42907723
 2855014.53672631]
Noised Result
[2620807.2415185  2791745.52635613 2835399.6259483  2874797.6227046
 2641449.06313387 2689660.4504524  2765356.89002859 2680761.752389
 2689738.58104539 2833531.22426484 2721902.55129172 2954879.07197481
 2711508.78664375 2754936.17364251 2593971.22607908 2830192.36128062
 2737939.19192656 2873201.01482391 2944597.51322849 2735983.06887341
 2911545.56784288 2914300.50159178 2778394.33153255 2914919.67755113
 2756836.8482811 ]

The result for the 3th execution is
Time
14585.51354575157
Query Result
[2720019.41214722 2801530.80951601 2747741.29239458 2870253.59753331
 2756300.28883111 2752934.9905174  2748918.5063033  2776952.6599567
 2749537.12797138 2766627.94958737 2764061.99799709 2835894.282625
 2840495.18703757 2772855.94358149 2817262.23303979 2844715.11976689
 2809049.5733608  2760699.7566586  2865417.53020779 2787411.81159769
 2785106.69988714 2801806.69325102 2744348.37362811 2780514.42907723
 2855014.53672631]
Noised Result
[2702527.81159669 2821016.77506873 2765726.45491321 2835555.20459101
 2803587.39581958 2852541.41208197 2807988.36509433 2818483.14087033
 2744042.39146009 2835538.74766696 2741486.74737649 2850715.56297061
 2814256.97648385 2778948.47063273 2748731.90121002 2768323.04759748
 2824350.60087173 2697999.84583335 2947695.15436154 2855961.92381182
 2753018.39752993 2768761.80652453 2746074.78993307 2889061.1702735
 2761954.18346427]

The result for the 4th execution is
Time
14411.961419820786
Query Result
[2720019.41214722 2801530.80951601 2747741.29239458 2870253.59753331
 2756300.28883111 2752934.9905174  2748918.5063033  2776952.6599567
 2749537.12797138 2766627.94958737 2764061.99799709 2835894.282625
 2840495.18703757 2772855.94358149 2817262.23303979 2844715.11976689
 2809049.5733608  2760699.7566586  2865417.53020779 2787411.81159769
 2785106.69988714 2801806.69325102 2744348.37362811 2780514.42907723
 2855014.53672631]
Noised Result
[2742213.46290219 2789495.2217228  2806927.47969685 2946823.76172155
 2701141.90071537 2762623.33888679 2724525.1918534  2748018.19260932
 2714508.61630659 2804787.77745856 2701601.82351986 2862013.88352204
 2884944.15697537 2840408.15901234 2855314.25003662 2778536.35697521
 2836893.12136113 2730912.38028401 2900742.23741927 2850281.00975414
 2785766.26730452 2692717.77230586 2762254.76645399 2817621.04177171
 2839021.96276263]

The result for the 5th execution is
Time
17497.6391556263
Query Result
[2720019.41214722 2801530.80951601 2747741.29239458 2870253.59753331
 2756300.28883111 2752934.9905174  2748918.5063033  2776952.6599567
 2749537.12797138 2766627.94958737 2764061.99799709 2835894.282625
 2840495.18703757 2772855.94358149 2817262.23303979 2844715.11976689
 2809049.5733608  2760699.7566586  2865417.53020779 2787411.81159769
 2785106.69988714 2801806.69325102 2744348.37362811 2780514.42907723
 2855014.53672631]
Noised Result
[2708497.68155742 2740522.01079721 2698532.49133087 2841492.02056504
 2830772.70204841 2756786.53934975 2710989.29350007 2714247.19115543
 2768370.73638362 2769666.90255411 2719610.20383677 2876333.0139661
 2888512.22974114 2802430.80365584 2724738.00837448 2923663.9133461
 2913861.57018178 2799036.6323721  2886475.21993377 2674759.54411299
 2858435.90402156 2775567.64633513 2741077.07453517 2792794.76216231
 2871420.70449202]

The result for the 6th execution is
Time
8617.0978808403
Query Result
[2720019.41214722 2801530.80951601 2747741.29239458 2870253.59753331
 2756300.28883111 2752934.9905174  2748918.5063033  2776952.6599567
 2749537.12797138 2766627.94958737 2764061.99799709 2835894.282625
 2840495.18703757 2772855.94358149 2817262.23303979 2844715.11976689
 2809049.5733608  2760699.7566586  2865417.53020779 2787411.81159769
 2785106.69988714 2801806.69325102 2744348.37362811 2780514.42907723
 2855014.53672631]
Noised Result
[2696889.79047927 2870622.27808978 2730124.6761882  2865807.70858083
 2735904.98595868 2771419.34068958 2766286.16769228 2879877.87141164
 2695555.83979302 2809308.28252524 2739733.72573838 2860450.68153068
 2788671.75136458 2841722.15710745 2797114.78246373 2913896.55130512
 2737547.20714326 2874870.59012887 2898136.36779227 2805896.02219982
 2721250.64778648 2869867.40366392 2727367.12786518 2826567.98449987
 2838341.86607879]

The result for the 7th execution is
Time
14722.02565193176
Query Result
[2720019.41214722 2801530.80951601 2747741.29239458 2870253.59753331
 2756300.28883111 2752934.9905174  2748918.5063033  2776952.6599567
 2749537.12797138 2766627.94958737 2764061.99799709 2835894.282625
 2840495.18703757 2772855.94358149 2817262.23303979 2844715.11976689
 2809049.5733608  2760699.7566586  2865417.53020779 2787411.81159769
 2785106.69988714 2801806.69325102 2744348.37362811 2780514.42907723
 2855014.53672631]
Noised Result
[2774792.84247176 2723213.41687347 2730127.64583469 2790922.15624313
 2866758.52528658 2797318.53984989 2813375.41608353 2804890.53659446
 2758512.01806115 2800202.4090118  2705578.05245137 2808426.64271801
 2894047.02610151 2744656.35816649 2741880.10580548 2879560.48060716
 2755627.04302008 2702054.93675801 2876370.14784828 2765484.8640648
 2740016.99216953 2865775.45174767 2781868.00610169 2837943.91545427
 3008068.94024384]

The result for the 8th execution is
Time
16483.6158246994
Query Result
[2720019.41214722 2801530.80951601 2747741.29239458 2870253.59753331
 2756300.28883111 2752934.9905174  2748918.5063033  2776952.6599567
 2749537.12797138 2766627.94958737 2764061.99799709 2835894.282625
 2840495.18703757 2772855.94358149 2817262.23303979 2844715.11976689
 2809049.5733608  2760699.7566586  2865417.53020779 2787411.81159769
 2785106.69988714 2801806.69325102 2744348.37362811 2780514.42907723
 2855014.53672631]
Noised Result
[2688884.69137519 2925033.97382397 2770728.99224683 2923563.57273154
 2771634.29871752 2723179.58956898 2842290.35719762 2822148.8242018
 2776970.3229959  2779527.18319489 2790249.26376647 2813965.24235356
 2773624.5194341  2791594.78740189 2866943.62040967 2856990.1758029
 2803258.07963346 2717225.75906777 2901778.09396442 2782709.83648052
 2812314.10891732 2754158.88100614 2710745.29273196 2789524.39124118
 2847681.64263587]

The result for the 9th execution is
Time
8889.15514397621
Query Result
[2720019.41214722 2801530.80951601 2747741.29239458 2870253.59753331
 2756300.28883111 2752934.9905174  2748918.5063033  2776952.6599567
 2749537.12797138 2766627.94958737 2764061.99799709 2835894.282625
 2840495.18703757 2772855.94358149 2817262.23303979 2844715.11976689
 2809049.5733608  2760699.7566586  2865417.53020779 2787411.81159769
 2785106.69988714 2801806.69325102 2744348.37362811 2780514.42907723
 2855014.53672631]
Noised Result
[2755543.3449976  2794215.27977908 2796432.90486011 2840798.29235396
 2763785.62894606 2704589.76121772 2695887.36783123 2870113.29424401
 2682388.63745735 2775693.94597117 2763949.496564   2852413.78286191
 2830233.46633737 2784543.6202554  2855574.05152441 2817975.31785496
 2784335.16676766 2634236.00689733 2802445.10371135 2784285.57726095
 2795958.65586637 2809619.82689053 2779872.82023318 2835063.12920536
 2815530.24716312]