The result for the 0th execution is
Time
19.450517416000366
Query Result
[178785.7374442 174557.9006419 181130.7630288 178007.1700508
 178629.3175895 183981.5265132 179508.79962   182054.2632795
 178433.1835237 180642.1173946 178696.3642979 179316.7024019
 181096.2497966 180508.6027005 182030.653957  184468.8014629
 180275.230355  179953.9629626 173598.8735155 182313.2524184
 178368.3961764 178718.5234658 180338.0075024 176499.9877865
 184757.5974145]
Noised Result
[173245.39414574 168794.71494422 170706.54943135 216352.50758334
 156294.39030562 167617.45970712 169154.42823788 177973.09439215
 197915.21325052 216886.60752673 212505.64178614 212201.16958745
 162243.26980171 202743.32790306 160218.32207552 215118.82149513
 168337.79530979 181865.82874668 193308.11063585 188929.84442548
 179887.03070262 163213.240849   192892.6594075  154891.70510368
 240150.3320169 ]

The result for the 1th execution is
Time
10.744674921035767
Query Result
[178785.7374442 174557.9006419 181130.7630288 178007.1700508
 178629.3175895 183981.5265132 179508.79962   182054.2632795
 178433.1835237 180642.1173946 178696.3642979 179316.7024019
 181096.2497966 180508.6027005 182030.653957  184468.8014629
 180275.230355  179953.9629626 173598.8735155 182313.2524184
 178368.3961764 178718.5234658 180338.0075024 176499.9877865
 184757.5974145]
Noised Result
[167145.5501113  169586.78495506 182239.81018192 155257.34033167
 165305.00736598 137001.37091734 191429.87351313 211104.18412305
 234562.45173444 168366.37694207 177016.18769757 183790.4624565
 164799.46177433 185062.17760027 169286.19841158 178770.1100758
 207611.98461136 216692.04595802 168123.31259249 176632.40812059
 156435.66901646 169915.9141894  152764.75102758 155635.28658813
 187441.43538815]

The result for the 2th execution is
Time
19.289549350738525
Query Result
[178785.7374442 174557.9006419 181130.7630288 178007.1700508
 178629.3175895 183981.5265132 179508.79962   182054.2632795
 178433.1835237 180642.1173946 178696.3642979 179316.7024019
 181096.2497966 180508.6027005 182030.653957  184468.8014629
 180275.230355  179953.9629626 173598.8735155 182313.2524184
 178368.3961764 178718.5234658 180338.0075024 176499.9877865
 184757.5974145]
Noised Result
[182620.65882753 194616.21267333 169887.12852339 194779.99122959
 195213.43271024 175290.10299944 205926.44946206 168665.79538571
 168500.40893374 183121.89929191 152274.89291309 192730.56694231
 177437.15261447 179943.49757037 194779.22398846 216240.16843125
 161400.17138267 215425.96143575 220198.78684148 201503.38215631
 134265.29518906 222251.68310687 190687.8575396  173579.94118662
 205298.89810343]

The result for the 3th execution is
Time
20.454832315444946
Query Result
[178785.7374442 174557.9006419 181130.7630288 178007.1700508
 178629.3175895 183981.5265132 179508.79962   182054.2632795
 178433.1835237 180642.1173946 178696.3642979 179316.7024019
 181096.2497966 180508.6027005 182030.653957  184468.8014629
 180275.230355  179953.9629626 173598.8735155 182313.2524184
 178368.3961764 178718.5234658 180338.0075024 176499.9877865
 184757.5974145]
Noised Result
[185090.98209699 120955.91805746 171753.76898847 182254.23562639
 200099.13397759 191271.84563998 175769.79114151 216376.45030736
 189332.57815122 202373.611728   168704.53815551 172270.9778536
 182686.99249971 177440.02811789 173924.78214799 161684.04136139
 200935.58051486 151946.29078264 161038.45730583 203967.62290593
 164386.80503715 164440.25111768 154352.4568509  189670.89692756
 222386.05600578]

The result for the 4th execution is
Time
19.89075231552124
Query Result
[178785.7374442 174557.9006419 181130.7630288 178007.1700508
 178629.3175895 183981.5265132 179508.79962   182054.2632795
 178433.1835237 180642.1173946 178696.3642979 179316.7024019
 181096.2497966 180508.6027005 182030.653957  184468.8014629
 180275.230355  179953.9629626 173598.8735155 182313.2524184
 178368.3961764 178718.5234658 180338.0075024 176499.9877865
 184757.5974145]
Noised Result
[148177.58473662 222385.36369014 136271.20436612 130212.25562478
 174261.46028252 189101.82754133 170893.82874675 169583.98266802
 183288.36042641 145527.59497843 186059.65616082 185694.14769657
 235399.08469348 216802.3489594  180096.63712275 182940.28183804
 143703.46781166 178214.56683046 144705.84974668 211731.28463891
 160047.01279773 155277.13154866 202424.60439122 187301.5485765
 176221.36671982]

The result for the 5th execution is
Time
20.204468250274658
Query Result
[178785.7374442 174557.9006419 181130.7630288 178007.1700508
 178629.3175895 183981.5265132 179508.79962   182054.2632795
 178433.1835237 180642.1173946 178696.3642979 179316.7024019
 181096.2497966 180508.6027005 182030.653957  184468.8014629
 180275.230355  179953.9629626 173598.8735155 182313.2524184
 178368.3961764 178718.5234658 180338.0075024 176499.9877865
 184757.5974145]
Noised Result
[162062.13401767 188257.53023821 188179.36929619 175144.81798945
 201487.27217699 194924.1989989  190334.3388157  151782.46967754
 199796.7410987  185666.9146077  161329.48953769 202953.69975496
 174916.85597464 167563.36066198 171002.72800456 206442.98220623
 182215.61107288 174824.04929071 182932.2267297  176295.67234309
 185338.90478468 164250.58779171 166096.82791469 172679.70553882
 181392.22763677]

The result for the 6th execution is
Time
18.996205806732178
Query Result
[178785.7374442 174557.9006419 181130.7630288 178007.1700508
 178629.3175895 183981.5265132 179508.79962   182054.2632795
 178433.1835237 180642.1173946 178696.3642979 179316.7024019
 181096.2497966 180508.6027005 182030.653957  184468.8014629
 180275.230355  179953.9629626 173598.8735155 182313.2524184
 178368.3961764 178718.5234658 180338.0075024 176499.9877865
 184757.5974145]
Noised Result
[208194.90182164 185293.16007755 148518.5000937  172273.00681646
 178575.56995297 182008.78278777 184131.38464003 177078.16283692
 160338.43919851 219564.49062748 160322.53877034 194902.39834112
 120342.84892727 158840.26861941 180667.88803162 189230.28634935
 166998.3795199  193109.39995346 175392.34790076 147730.5214695
 182770.41653122 162189.07403305 190518.54186662 170053.96242002
 195361.1875738 ]

The result for the 7th execution is
Time
10.974821329116821
Query Result
[178785.7374442 174557.9006419 181130.7630288 178007.1700508
 178629.3175895 183981.5265132 179508.79962   182054.2632795
 178433.1835237 180642.1173946 178696.3642979 179316.7024019
 181096.2497966 180508.6027005 182030.653957  184468.8014629
 180275.230355  179953.9629626 173598.8735155 182313.2524184
 178368.3961764 178718.5234658 180338.0075024 176499.9877865
 184757.5974145]
Noised Result
[158255.52026044 149744.72536542 177399.38063274 189542.14604044
 149842.94303006 207340.78593136 195347.31459404 172222.72389459
 156499.32741285 163557.80745177 208296.17056932 180773.56197811
 205764.85161558 191928.84745006 165867.5153957  186858.82455583
 183145.14977505 189213.02616494 203898.9249197  198266.29638315
 137185.10384443 176394.79424661 200979.03254014 159461.72324639
 176515.63341997]

The result for the 8th execution is
Time
19.122467041015625
Query Result
[178785.7374442 174557.9006419 181130.7630288 178007.1700508
 178629.3175895 183981.5265132 179508.79962   182054.2632795
 178433.1835237 180642.1173946 178696.3642979 179316.7024019
 181096.2497966 180508.6027005 182030.653957  184468.8014629
 180275.230355  179953.9629626 173598.8735155 182313.2524184
 178368.3961764 178718.5234658 180338.0075024 176499.9877865
 184757.5974145]
Noised Result
[159108.89778789 201530.15472626 173191.94919853 193039.543364
 186691.33620882 162218.76567803 186310.67541288 201620.2229678
 143900.98000413 182116.41024789 167146.61588661 191501.01196541
 214620.10985747 166057.17193109 167952.90196261 193297.12617161
 156674.41323145 137300.66191275 153444.64991932 196532.12725153
 195343.63661148 197442.66624922 185905.63372715 179470.20688803
 163419.28027337]

The result for the 9th execution is
Time
19.278316259384155
Query Result
[178785.7374442 174557.9006419 181130.7630288 178007.1700508
 178629.3175895 183981.5265132 179508.79962   182054.2632795
 178433.1835237 180642.1173946 178696.3642979 179316.7024019
 181096.2497966 180508.6027005 182030.653957  184468.8014629
 180275.230355  179953.9629626 173598.8735155 182313.2524184
 178368.3961764 178718.5234658 180338.0075024 176499.9877865
 184757.5974145]
Noised Result
[200130.16484094 172218.26237644 143469.65531563 190060.26688239
 155360.81923143 175291.61372122 167653.79266334 217859.60154646
 177606.40135507 171456.19822862 131632.90807732 179000.37642931
 205947.64516885 198419.92516964 201159.00204669 205152.35357164
 173456.21118307 166799.65071669 177828.77983702 163639.44010311
 189811.52705117 165598.47509891 186272.40372789 171952.27004866
 203845.63918568]

The result for the 10th execution is
Time
19.547712326049805
Query Result
[178785.7374442 174557.9006419 181130.7630288 178007.1700508
 178629.3175895 183981.5265132 179508.79962   182054.2632795
 178433.1835237 180642.1173946 178696.3642979 179316.7024019
 181096.2497966 180508.6027005 182030.653957  184468.8014629
 180275.230355  179953.9629626 173598.8735155 182313.2524184
 178368.3961764 178718.5234658 180338.0075024 176499.9877865
 184757.5974145]
Noised Result
[206233.40699989 182059.09770198 158007.55726633 154747.99896982
 179366.78004479 164608.85589659 147173.711608   202094.70782099
 177473.23157893 172239.57937574 193308.55320888 152301.17031646
 175782.88803608 182370.74509246 186605.70126531 141513.74668068
 230121.94283303 178862.17740896 182102.65703795 167262.19114354
 180989.82846522 217015.28884883 181866.81386241 149116.28175771
 192621.70291002]

The result for the 11th execution is
Time
20.07036566734314
Query Result
[178785.7374442 174557.9006419 181130.7630288 178007.1700508
 178629.3175895 183981.5265132 179508.79962   182054.2632795
 178433.1835237 180642.1173946 178696.3642979 179316.7024019
 181096.2497966 180508.6027005 182030.653957  184468.8014629
 180275.230355  179953.9629626 173598.8735155 182313.2524184
 178368.3961764 178718.5234658 180338.0075024 176499.9877865
 184757.5974145]
Noised Result
[172380.67487887 189316.58834473 152950.81218573 198114.56142447
 181381.95305444 195171.82191122 143480.77672797 174746.74997257
 205806.23129256 175148.11592172 173277.52630003 190250.07929983
 189637.11945953 198249.35688446 231251.7884927  189476.62299121
 199667.67013776 180829.79748903 194556.20530634 211020.22016738
 185686.62995445 168286.97866469 160623.06127085 172354.87058437
 197794.7653131 ]

The result for the 12th execution is
Time
11.45100712776184
Query Result
[178785.7374442 174557.9006419 181130.7630288 178007.1700508
 178629.3175895 183981.5265132 179508.79962   182054.2632795
 178433.1835237 180642.1173946 178696.3642979 179316.7024019
 181096.2497966 180508.6027005 182030.653957  184468.8014629
 180275.230355  179953.9629626 173598.8735155 182313.2524184
 178368.3961764 178718.5234658 180338.0075024 176499.9877865
 184757.5974145]
Noised Result
[ 440996.4820134   363229.86196684  507450.5201742   -61484.84224371
   53139.75222231 -236498.77685284 -333531.75971154  272553.80532488
    5380.65861296   70665.87422982  461659.41074829  512712.46740581
  487068.45050268 -454222.00051696    3456.06150729 -229329.76978244
  114451.34051922   39496.60455913  -63944.99777348 -151601.89981359
  762867.51442796  630045.60009711  547424.6911888   485570.90663949
  192263.19744388]

The result for the 13th execution is
Time
19.390638828277588
Query Result
[178785.7374442 174557.9006419 181130.7630288 178007.1700508
 178629.3175895 183981.5265132 179508.79962   182054.2632795
 178433.1835237 180642.1173946 178696.3642979 179316.7024019
 181096.2497966 180508.6027005 182030.653957  184468.8014629
 180275.230355  179953.9629626 173598.8735155 182313.2524184
 178368.3961764 178718.5234658 180338.0075024 176499.9877865
 184757.5974145]
Noised Result
[183506.04365848 176981.19082243 172610.96868671 192911.7097751
 199246.79975555 189031.65042106 183353.86453027 146210.70469359
 218975.36932685 201751.84396834 146231.75324077 164369.21333189
 191612.11400329 170999.67829851 233233.61802283 203320.04136384
 194575.88275801 202755.39568874 164214.99430401 174467.01291428
 176354.4650038  207079.1583389  144811.10425999 172611.2519884
 230046.66167155]

The result for the 14th execution is
Time
11.002066373825073
Query Result
[178785.7374442 174557.9006419 181130.7630288 178007.1700508
 178629.3175895 183981.5265132 179508.79962   182054.2632795
 178433.1835237 180642.1173946 178696.3642979 179316.7024019
 181096.2497966 180508.6027005 182030.653957  184468.8014629
 180275.230355  179953.9629626 173598.8735155 182313.2524184
 178368.3961764 178718.5234658 180338.0075024 176499.9877865
 184757.5974145]
Noised Result
[218159.48278427 144120.3157184  270199.73665253 160321.21917095
 137186.29459624 165274.52156519 223091.74044312 167852.58603801
  66200.58730666 224274.41109022 139727.27639436 171095.81928016
 214069.97385186 135225.01663042 250673.85397931 256095.65256764
 154814.67402875 112976.35917136 153918.78504934 254045.24150931
 161129.48720243  62416.81883829 187726.38771836 123679.99172991
 128725.4712824 ]

The result for the 15th execution is
Time
19.37071204185486
Query Result
[178785.7374442 174557.9006419 181130.7630288 178007.1700508
 178629.3175895 183981.5265132 179508.79962   182054.2632795
 178433.1835237 180642.1173946 178696.3642979 179316.7024019
 181096.2497966 180508.6027005 182030.653957  184468.8014629
 180275.230355  179953.9629626 173598.8735155 182313.2524184
 178368.3961764 178718.5234658 180338.0075024 176499.9877865
 184757.5974145]
Noised Result
[171600.54287752 137007.78102285 162026.84961082 168080.39943217
 183542.94754521 189086.30380761 166603.58861178 199263.44416639
 163398.55446173 150146.63358523 203436.69973624 206739.21391296
 184985.66954115 212034.22252114 167218.24401277 173448.63771572
 161274.46352154 168377.00370685 165313.7039895  192460.35415031
 165788.94138824 196296.52391441 171214.83830487 181025.02694508
 189180.1568287 ]

The result for the 16th execution is
Time
10.06887173652649
Query Result
[178785.7374442 174557.9006419 181130.7630288 178007.1700508
 178629.3175895 183981.5265132 179508.79962   182054.2632795
 178433.1835237 180642.1173946 178696.3642979 179316.7024019
 181096.2497966 180508.6027005 182030.653957  184468.8014629
 180275.230355  179953.9629626 173598.8735155 182313.2524184
 178368.3961764 178718.5234658 180338.0075024 176499.9877865
 184757.5974145]
Noised Result
[200029.97422807 171437.72220842 178587.23198863 179260.97996744
 143533.2555005  191123.90644965 187259.7661183  164069.54085678
 183025.23165976 163711.97049189 204001.7002932  126470.21557107
 167425.68534843 164902.44320742 179563.80065062 192313.97466209
 185901.55055261 207968.06495301 140953.34593524 178594.55326527
 171344.03537932 182163.87787571 145536.8430215  146415.04267273
 178983.7268129 ]

The result for the 17th execution is
Time
11.015548467636108
Query Result
[178785.7374442 174557.9006419 181130.7630288 178007.1700508
 178629.3175895 183981.5265132 179508.79962   182054.2632795
 178433.1835237 180642.1173946 178696.3642979 179316.7024019
 181096.2497966 180508.6027005 182030.653957  184468.8014629
 180275.230355  179953.9629626 173598.8735155 182313.2524184
 178368.3961764 178718.5234658 180338.0075024 176499.9877865
 184757.5974145]
Noised Result
[161413.27774797 155730.01004079 156713.21740942 152121.70949028
 159034.16698598 153849.74357571 171326.36270186 197541.36283687
 167507.10727591 174126.29659119 163895.29586408 194708.06311014
 204275.85531548 169656.94674596 199857.7163505  189526.54883929
 154608.88896423 167851.58311623 168036.4348733  181342.52305679
 184640.11281322 198442.69492165 132540.2411751  203006.99613684
 186950.94610733]

The result for the 18th execution is
Time
19.115249633789062
Query Result
[178785.7374442 174557.9006419 181130.7630288 178007.1700508
 178629.3175895 183981.5265132 179508.79962   182054.2632795
 178433.1835237 180642.1173946 178696.3642979 179316.7024019
 181096.2497966 180508.6027005 182030.653957  184468.8014629
 180275.230355  179953.9629626 173598.8735155 182313.2524184
 178368.3961764 178718.5234658 180338.0075024 176499.9877865
 184757.5974145]
Noised Result
[185483.92750849 157131.43855385 191122.8932582  148280.54731325
 183550.6332277  183502.34744091 152920.61488413 190839.4766017
 142294.30685497 169128.62540178 179523.84358117 151430.51463674
 160878.10784124 156461.13875706 186335.68925442 193735.18377151
 189689.21629612 210102.88182856 173987.51249798 179611.08804143
 186729.44799676 193748.99134478 161827.07884741 183216.84199126
 162199.19728642]

The result for the 19th execution is
Time
10.233628988265991
Query Result
[178785.7374442 174557.9006419 181130.7630288 178007.1700508
 178629.3175895 183981.5265132 179508.79962   182054.2632795
 178433.1835237 180642.1173946 178696.3642979 179316.7024019
 181096.2497966 180508.6027005 182030.653957  184468.8014629
 180275.230355  179953.9629626 173598.8735155 182313.2524184
 178368.3961764 178718.5234658 180338.0075024 176499.9877865
 184757.5974145]
Noised Result
[206839.35976313 161639.44556981 160352.08731473 179802.2704407
 190058.85282292 210402.68550322 179060.47298454 166369.80035212
 172860.16680935 200988.60688793 205178.93581889 200829.80555791
 217290.15578099 127064.05645188 189325.76691124 182548.48391114
 192183.03734243 192377.98657079 180686.68254502 187111.45003125
 179809.32286851 183787.68718152 176967.27864385 165610.70957887
 184386.67778288]

