The result for the 0th execution is
Time
8674.0238199234
Query Result
[2720019.41214722 2801530.80951601 2747741.29239458 2870253.59753331
 2756300.28883111 2752934.9905174  2748918.5063033  2776952.6599567
 2749537.12797138 2766627.94958737 2764061.99799709 2835894.282625
 2840495.18703757 2772855.94358149 2817262.23303979 2844715.11976689
 2809049.5733608  2760699.7566586  2865417.53020779 2787411.81159769
 2785106.69988714 2801806.69325102 2744348.37362811 2780514.42907723
 2855014.53672631]
Noised Result
[3599055.87350106 2478287.66677809 2944962.38004329 2889873.86667957
 3219066.16049326 3132102.05999652 2538499.15654311 3422897.48318152
 2530792.82580369 1949780.76354948 2152323.07041882 2761874.68163082
 2925344.03312467 2169044.56026954 2916252.02641764 2773986.13348187
 3014501.79467698 3329000.19447576 3571336.7872739  2716968.56203493
 2882904.95672647 3436180.78590906 2553380.30133582 2517898.334418
 3803683.89281533]

The result for the 1th execution is
Time
15463.794637203217
Query Result
[2720019.41214722 2801530.80951601 2747741.29239458 2870253.59753331
 2756300.28883111 2752934.9905174  2748918.5063033  2776952.6599567
 2749537.12797138 2766627.94958737 2764061.99799709 2835894.282625
 2840495.18703757 2772855.94358149 2817262.23303979 2844715.11976689
 2809049.5733608  2760699.7566586  2865417.53020779 2787411.81159769
 2785106.69988714 2801806.69325102 2744348.37362811 2780514.42907723
 2855014.53672631]
Noised Result
[4035175.86630444 2287763.61189831 1106124.42795648  972093.68655758
 2108993.99162976 2052816.85829473 2551157.44942209 2804763.04796371
 2605817.66763686 2234550.87902283 5229293.15535068 1982200.63064409
 3984073.82730247 3404046.93394577 3682810.0479328  3195905.36377661
 3558699.23807024 2694412.00474784 2450147.84554401 1882872.31537319
 1739302.66895989 1221505.42703226 2867790.04530548 3115433.45166423
 3490849.03748317]


The result for the 2th execution is
Time
15587.919161319733
Query Result
[2720019.41214722 2801530.80951601 2747741.29239458 2870253.59753331
 2756300.28883111 2752934.9905174  2748918.5063033  2776952.6599567
 2749537.12797138 2766627.94958737 2764061.99799709 2835894.282625
 2840495.18703757 2772855.94358149 2817262.23303979 2844715.11976689
 2809049.5733608  2760699.7566586  2865417.53020779 2787411.81159769
 2785106.69988714 2801806.69325102 2744348.37362811 2780514.42907723
 2855014.53672631]
Noised Result
[2952959.13499958 2757978.43999154 2144352.00349892 2969061.88104269
 2923019.67509    2861276.45055534 3033436.42713478 2580235.09990545
 2487298.95630637 2147901.20815937 3160186.18154137 3750476.30041314
 4550388.04491583 2148999.6329956  3243476.89902326 3101616.5007896
 2265734.22290645 2608393.12800677 3034067.34822345 3025856.60377656
 1974158.92543339 2993433.99795341 2686828.43358137 2346222.14285432
 1804700.45424937]

The result for the 3th execution is
Time
13805.39906668663
Query Result
[2720019.41214722 2835894.282625   2760699.7566586  2865417.53020779
 2787411.81159769 2785106.69988714 2801806.69325102 2744348.37362811
 2780514.42907723 2855014.53672631 2801530.80951601 2747741.29239458
 2870253.59753331 2756300.28883111 2752934.9905174  2748918.5063033
 2776952.6599567  2749537.12797138 2766627.94958737 2764061.99799709
 2840495.18703757 2772855.94358149 2817262.23303979 2844715.11976689
 2809049.5733608 ]
Noised Result
[2167524.32201308 3213106.01597412 2363832.11281114 2052628.6679679
 3466278.34789971 3348984.0052275  3088831.2817698  2928912.90831465
 2947712.78654636 3997756.23761991 3036724.53518752 2721267.82674627
 2812475.72678431 2341995.22287502 3343219.55303573 3183341.03155568
 3162364.14349379 2130226.1621529  2553593.63781608 3217437.45356419
 2548377.688576   2220157.97983978 3056590.92007758 3314193.3715315
 2595198.55176038]

The result for the 4th execution is
Time
8582.459978580475
Query Result
[2720019.41214722 2835894.282625   2760699.7566586  2865417.53020779
 2787411.81159769 2785106.69988714 2801806.69325102 2744348.37362811
 2780514.42907723 2855014.53672631 2801530.80951601 2747741.29239458
 2870253.59753331 2756300.28883111 2752934.9905174  2748918.5063033
 2776952.6599567  2749537.12797138 2766627.94958737 2764061.99799709
 2840495.18703757 2772855.94358149 2817262.23303979 2844715.11976689
 2809049.5733608 ]
Noised Result
[3212772.01729965 2553808.70855206 4001247.5759764  2816910.20029207
 3141031.61698287 2424095.3127686  3020509.7007775  2174512.72666986
   61599.15969529 2819722.60525985 2764829.54041342 1545955.38537753
 1605385.49181845 2496587.51876115 2396928.73985983 2680746.64525078
 3030951.51264156  770704.42831166 3150049.33951462 2286513.01545723
 4303813.92668488 2721879.60500801 1996911.06471076 1824041.05791764
 3745434.98125373]

The result for the 5th execution is
DS is 2304.1222991000004
Time
8657.888634681702
Query Result
[2720019.41214722 2835894.282625   2760699.7566586  2865417.53020779
 2787411.81159769 2785106.69988714 2801806.69325102 2744348.37362811
 2780514.42907723 2855014.53672631 2801530.80951601 2747741.29239458
 2870253.59753331 2756300.28883111 2752934.9905174  2748918.5063033
 2776952.6599567  2749537.12797138 2766627.94958737 2764061.99799709
 2840495.18703757 2772855.94358149 2817262.23303979 2844715.11976689
 2809049.5733608 ]
Noised Result
[1709660.31697301 3373132.40555036 2656554.23401602 2279172.44263615
  895646.606825   3237824.16237196 3457221.32102934 1416093.29759289
 1924890.45144327 3572504.74154672 3835039.17269378 2597318.07715529
 2228723.72261448 2776965.68834587 3636941.95579999 4076777.54408986
 3045955.77486828 1961377.33013879 4325039.33535465 2255984.82791619
  890992.05324417 2021995.42905008 -162449.93028145 3834014.09695827
 1344439.15971768]

The result for the 6th execution is
Time
16652.78286576271
Query Result
[2720019.41214722 2835894.282625   2760699.7566586  2865417.53020779
 2787411.81159769 2785106.69988714 2801806.69325102 2744348.37362811
 2780514.42907723 2855014.53672631 2801530.80951601 2747741.29239458
 2870253.59753331 2756300.28883111 2752934.9905174  2748918.5063033
 2776952.6599567  2749537.12797138 2766627.94958737 2764061.99799709
 2840495.18703757 2772855.94358149 2817262.23303979 2844715.11976689
 2809049.5733608 ]
Noised Result
[-1.28668717e+06  6.48645911e+05  2.13099315e+06  4.24148174e+06
  3.74070560e+06  1.67090031e+06 -2.61833145e+06 -1.29379028e+06
  3.56222413e+06  4.97193891e+06  2.42128873e+06  2.12346936e+06
 -3.00288419e+05  4.10666393e+06  6.58564787e+06 -3.62717306e+05
  4.65968413e+06  3.71144275e+06 -1.32251824e+06  3.90271599e+06
 -5.09917909e+05  2.76199846e+06  3.51483492e+06  7.95311186e+06
  7.20052076e+03]

The result for the 7th execution is
Time
8666.04982662201
Query Result
[2720019.41214722 2835894.282625   2760699.7566586  2865417.53020779
 2787411.81159769 2785106.69988714 2801806.69325102 2744348.37362811
 2780514.42907723 2855014.53672631 2801530.80951601 2747741.29239458
 2870253.59753331 2756300.28883111 2752934.9905174  2748918.5063033
 2776952.6599567  2749537.12797138 2766627.94958737 2764061.99799709
 2840495.18703757 2772855.94358149 2817262.23303979 2844715.11976689
 2809049.5733608 ]
Noised Result
[2216183.16561636 1411928.53298829 2375844.63945932 4049670.25021041
 4452734.36373527 3514867.9054432  2950941.10451556 3685037.91702293
 2301157.15374243 3726010.12754063 2394950.17571899 3550281.87589356
 4140076.94295145 3948950.41131583 2544325.52518075 2880021.50223426
 3820874.00416117 3976507.6002191   572109.73577119 2426694.43138358
 3080400.54895897 1846136.60186688 4273089.14054032 2017000.33802859
 1772774.09254939]

The result for the 8th execution is
Time
15110.328931808472
Query Result
[2720019.41214722 2835894.282625   2760699.7566586  2865417.53020779
 2787411.81159769 2785106.69988714 2801806.69325102 2744348.37362811
 2780514.42907723 2855014.53672631 2801530.80951601 2747741.29239458
 2870253.59753331 2756300.28883111 2752934.9905174  2748918.5063033
 2776952.6599567  2749537.12797138 2766627.94958737 2764061.99799709
 2840495.18703757 2772855.94358149 2817262.23303979 2844715.11976689
 2809049.5733608 ]
Noised Result
[2085454.02989896 3563975.23100498 2622594.33491054 1919538.11000161
 3297940.92921641 3013310.31354861 2827981.94132756 2656975.0771438
 2599950.97097589 3884614.21764671 3274074.65912338 2084045.96886595
 3239264.33733376 2736372.14782311 2283600.64605523 3705042.2506087
 2890993.72670617 3723513.88116741 2470507.07317687 2945105.13755472
 3046193.75114399 2823453.16714525 3556488.52389331 2390024.08356596
 3264541.54295632]

The result for the 9th execution is
Time
14936.816423892975
Query Result
[2720019.41214722 2835894.282625   2760699.7566586  2865417.53020779
 2787411.81159769 2785106.69988714 2801806.69325102 2744348.37362811
 2780514.42907723 2855014.53672631 2801530.80951601 2747741.29239458
 2870253.59753331 2756300.28883111 2752934.9905174  2748918.5063033
 2776952.6599567  2749537.12797138 2766627.94958737 2764061.99799709
 2840495.18703757 2772855.94358149 2817262.23303979 2844715.11976689
 2809049.5733608 ]
Noised Result
[3243135.49516495 2367877.15142354 3043606.5886305  3183667.11937991
 3064518.44903092 4211861.83239827 3364682.80902713 2241426.78892164
 3047020.81580879 2172840.38622969 2229510.23207054 2750645.60704917
 2409352.885782   2251314.7443506  2485771.18318659 2515057.68937975
 2612981.70909479 3384997.86050289 2608998.62260059 2775726.23492168
 2794343.64090391 2599454.53037295 3161992.94152875 1467558.00445052
 3093860.5905791 ]