The result for the 0th execution is
Time
55.97172784805298
Query Result
[178785.7374442 174557.9006419 181130.7630288 178007.1700508
 178629.3175895 183981.5265132 179508.79962   182054.2632795
 178433.1835237 180642.1173946 178696.3642979 179316.7024019
 181096.2497966 180508.6027005 182030.653957  184468.8014629
 180275.230355  179953.9629626 173598.8735155 182313.2524184
 178368.3961764 178718.5234658 180338.0075024 176499.9877865
 184757.5974145 180573.7660357 177992.5390311 179124.1205403
 180323.0249267 181473.5591624 182039.6893376 177833.9126938
 183240.4912288 180618.9906626 181229.5197118 182358.4277789
 174869.4016534 185311.4580631 184284.3233316 175125.1999545
 180636.3556173 178430.3771843 178886.7568026 183465.099696
 180332.4180482 174354.0324156 175975.1614044 179908.0860251
 182143.987523  184142.4632921 183475.1104059 184568.6298516
 182252.5906059 179267.0429276 187281.4729137 182892.6616477
 185850.5213949 181438.7356254 178480.4138082 177548.2573749
 180054.4926496 183473.7215571 179885.7501657 182309.3135361
 177681.9543534 180855.5419212 178269.5511651 182300.2383694
 180198.2867652 184087.5169011 178445.2481758 173844.6310357
 185719.929527  185751.746743  178171.5912106 180441.4535649
 179631.0292587 182803.9687953 181366.0723144 178679.9412387
 179228.4130018 181938.7442667 182097.3414923 181308.7868121
 185634.4631112 180269.0231479 181732.3693378 182225.4799275
 184384.6590956 183596.9372481 179004.6382446 179701.9606384
 185200.7312639 179170.2083539 188103.1661247 184142.9635441
 179566.7185055 178852.4734473 179416.0976936 180572.346269 ]
Noised Result
[136888.39682488 136213.81162648  97524.87744147 225147.74152046
 157487.84954597 116253.73773335 252174.25535485 205607.08481688
 263850.57212791 202649.76157015 170723.18244781 262346.27803584
 128573.85278897 220580.38464322 267343.09329453 143252.74162274
 132969.05562007 151274.1357063  182042.57055602 167554.48008137
  99214.51323501 182482.97469902 231313.75501756 277533.1484195
 209801.01681811 301651.72477671 334789.90836876 227435.82730928
 207883.54638518 193710.62128035 208969.88908942 166638.27105613
 249458.47382695 237481.0920602  119597.17865477 231031.45086726
  90931.61243016 132655.99356415 124260.03570595 176285.74542
 155331.78461251 191726.53998272 252539.80146274 250537.32240547
 286550.71787577 210705.24762539 273147.91345    195210.27512267
 179230.79132103  91418.95118746  93888.87212088 167802.80209169
 119998.68768307 238964.89825547 240096.26173339 161392.47257008
 133600.72810181 254002.54234479 279943.03571363 130751.28128639
 310151.56372525 174981.03835018 155802.34888239 154171.61810428
 290234.94346254 232940.52884699 206322.98439302 145498.5345875
 139252.4386718  255273.21407654 239964.17926025  68375.03050812
 315325.38491188  86500.99414121 199992.06654158 190771.46365819
 186459.67367648 206950.23958949 294075.20657409 193280.11835385
 125676.93035047 138648.97623792 137879.74345343 148787.97842839
 183831.11918902 126151.65209714 217536.06602    220925.93261682
 100072.97527746  54182.52847932 192950.12538796 191172.10219381
 192953.83068024 194938.36123353 139295.03710097 158127.34150605
  -9967.42408075 176456.80241305 240187.9279274  243942.55221525]

The result for the 1th execution is
Time
100.57518196105957
Query Result
[178785.7374442 174557.9006419 181130.7630288 178007.1700508
 178629.3175895 183981.5265132 179508.79962   182054.2632795
 178433.1835237 180642.1173946 178696.3642979 179316.7024019
 181096.2497966 180508.6027005 182030.653957  184468.8014629
 180275.230355  179953.9629626 173598.8735155 182313.2524184
 178368.3961764 178718.5234658 180338.0075024 176499.9877865
 184757.5974145 180573.7660357 177992.5390311 179124.1205403
 180323.0249267 181473.5591624 182039.6893376 177833.9126938
 183240.4912288 180618.9906626 181229.5197118 182358.4277789
 174869.4016534 185311.4580631 184284.3233316 175125.1999545
 180636.3556173 178430.3771843 178886.7568026 183465.099696
 180332.4180482 174354.0324156 175975.1614044 179908.0860251
 182143.987523  184142.4632921 183475.1104059 184568.6298516
 182252.5906059 179267.0429276 187281.4729137 182892.6616477
 185850.5213949 181438.7356254 178480.4138082 177548.2573749
 180054.4926496 183473.7215571 179885.7501657 182309.3135361
 177681.9543534 180855.5419212 178269.5511651 182300.2383694
 180198.2867652 184087.5169011 178445.2481758 173844.6310357
 185719.929527  185751.746743  178171.5912106 180441.4535649
 179631.0292587 182803.9687953 181366.0723144 178679.9412387
 179228.4130018 181938.7442667 182097.3414923 181308.7868121
 185634.4631112 180269.0231479 181732.3693378 182225.4799275
 184384.6590956 183596.9372481 179004.6382446 179701.9606384
 185200.7312639 179170.2083539 188103.1661247 184142.9635441
 179566.7185055 178852.4734473 179416.0976936 180572.346269 ]
Noised Result
[ 316458.37871776  325520.5370726   286574.93741193  151738.99427128
  273439.76103479  393428.57165959  134121.6291256   303847.6232939
  329510.85645542  178015.82594644  -98137.23158462  -41069.50961083
  232870.53786839  115377.09758973 -167273.494815    264154.05617879
  -33028.77761381  274311.77692604   31847.29445454  134341.22811605
    8534.21636397 -115688.05559658  239227.50553625   80595.57731917
  158843.27004381  148781.7206595     1393.75184053  217335.29583787
  188284.49053838  370694.60516041  141549.93867011   -9449.78873149
  157524.13373933   59856.62177604   85566.57269786  148996.92241448
  188502.83668301  263875.52221719  404609.57169478  372585.59511776
  110480.10382873  198786.71867273  181481.3046348   305919.69339114
   95542.78100228  -31715.12819173   -3595.3826214   201645.08106833
   14545.35448001  207669.48758074    3367.19208185   26437.23655377
  120297.36975835 -125006.06020781  169781.08174942  252827.82176942
  -48984.76253343  307508.22168421   31208.59471622  149217.58165596
   54699.61279137  464300.67510584  277123.49626272  201374.30902838
  229657.98334001  128064.39001396  357911.39599914  147871.0256276
   67558.6267112   -21561.4867087   181762.90265438  153276.70042025
   30675.06291884   72604.78241803  475316.33101619  -39323.33504837
  227180.80863285  267719.99334581  310771.11546338  452203.33464618
   91444.02557108  264540.82270623    9384.67871178  128232.30155223
  164062.18254665  340914.40717173  100338.62322586  275622.8388272
  314305.43757968    5207.17746209  300471.65903728  118882.39971306
  190027.34147177  146739.36965657  254599.25051429  294340.80580299
  297034.34408968   54350.84207598  262844.58351925   51088.24848814]

The result for the 2th execution is
Time
53.024248123168945
Query Result
[178785.7374442 174557.9006419 181130.7630288 178007.1700508
 178629.3175895 183981.5265132 179508.79962   182054.2632795
 178433.1835237 180642.1173946 178696.3642979 179316.7024019
 181096.2497966 180508.6027005 182030.653957  184468.8014629
 180275.230355  179953.9629626 173598.8735155 182313.2524184
 178368.3961764 178718.5234658 180338.0075024 176499.9877865
 184757.5974145 180573.7660357 177992.5390311 179124.1205403
 180323.0249267 181473.5591624 182039.6893376 177833.9126938
 183240.4912288 180618.9906626 181229.5197118 182358.4277789
 174869.4016534 185311.4580631 184284.3233316 175125.1999545
 180636.3556173 178430.3771843 178886.7568026 183465.099696
 180332.4180482 174354.0324156 175975.1614044 179908.0860251
 182143.987523  184142.4632921 183475.1104059 184568.6298516
 182252.5906059 179267.0429276 187281.4729137 182892.6616477
 185850.5213949 181438.7356254 178480.4138082 177548.2573749
 180054.4926496 183473.7215571 179885.7501657 182309.3135361
 177681.9543534 180855.5419212 178269.5511651 182300.2383694
 180198.2867652 184087.5169011 178445.2481758 173844.6310357
 185719.929527  185751.746743  178171.5912106 180441.4535649
 179631.0292587 182803.9687953 181366.0723144 178679.9412387
 179228.4130018 181938.7442667 182097.3414923 181308.7868121
 185634.4631112 180269.0231479 181732.3693378 182225.4799275
 184384.6590956 183596.9372481 179004.6382446 179701.9606384
 185200.7312639 179170.2083539 188103.1661247 184142.9635441
 179566.7185055 178852.4734473 179416.0976936 180572.346269 ]
Noised Result
[172703.94978024 193073.47422373 225351.88094934 277479.48870944
 291471.87770983 155747.9627245  186080.15298964 237334.28716781
 215648.61193484 147526.68005805 183767.44993332 185311.40079351
 178312.99148775 251837.56942836 235625.76154147 259528.75543269
 104437.93800428  63427.44467813 102660.83707645 243746.99104911
 191391.4702058  135062.14851349 125936.98970027  25065.11939129
 255888.86718583 150412.43759672 288066.78126844 155914.10018952
 173317.04142465 119858.65289739 227411.40916544 285998.14935123
 403848.0150762  304735.9717111  381925.77962129 127781.1734716
 275036.13114876 270658.24278356 173641.57816673  40151.76442615
 204524.93289157 167362.19235517 321565.23262207 197843.97317871
 316700.25830901 182100.74570749 183960.59572829 241555.51845699
 110290.78761332 200419.23104718 330195.32046761 158390.38420566
  65106.79609141 149118.78640862 218747.95173193  96529.0741674
 162590.65732583 133817.19257822 151777.81278338 148568.8676251
  76615.49818921 121099.78332501 198223.68760474 273689.60714475
  62628.06462948 309420.32496006 137141.08703218  21110.35629753
 174250.30883151  97552.29091296 243394.24168022 120508.12351426
 236124.70743673 223084.00200237 228210.09739535 266291.52791648
 139085.96016256 245861.19304981  73495.53872255 102937.35668358
  73456.8848527  237775.34092634 185413.82946831 168785.24495094
   -812.34291871 171336.95080236 120274.07841956 271599.68716169
 224142.70978622 278977.98098463 203782.75377512  19887.17200556
  38506.33201407 -12115.68968405 238046.43167415 199974.75889138
  37394.30987568 260376.56993879 339818.76693109 123999.42716722]

The result for the 3th execution is
Time
50.74479079246521
Query Result
[178785.7374442 174557.9006419 181130.7630288 178007.1700508
 178629.3175895 183981.5265132 179508.79962   182054.2632795
 178433.1835237 180642.1173946 178696.3642979 179316.7024019
 181096.2497966 180508.6027005 182030.653957  184468.8014629
 180275.230355  179953.9629626 173598.8735155 182313.2524184
 178368.3961764 178718.5234658 180338.0075024 176499.9877865
 184757.5974145 180573.7660357 177992.5390311 179124.1205403
 180323.0249267 181473.5591624 182039.6893376 177833.9126938
 183240.4912288 180618.9906626 181229.5197118 182358.4277789
 174869.4016534 185311.4580631 184284.3233316 175125.1999545
 180636.3556173 178430.3771843 178886.7568026 183465.099696
 180332.4180482 174354.0324156 175975.1614044 179908.0860251
 182143.987523  184142.4632921 183475.1104059 184568.6298516
 182252.5906059 179267.0429276 187281.4729137 182892.6616477
 185850.5213949 181438.7356254 178480.4138082 177548.2573749
 180054.4926496 183473.7215571 179885.7501657 182309.3135361
 177681.9543534 180855.5419212 178269.5511651 182300.2383694
 180198.2867652 184087.5169011 178445.2481758 173844.6310357
 185719.929527  185751.746743  178171.5912106 180441.4535649
 179631.0292587 182803.9687953 181366.0723144 178679.9412387
 179228.4130018 181938.7442667 182097.3414923 181308.7868121
 185634.4631112 180269.0231479 181732.3693378 182225.4799275
 184384.6590956 183596.9372481 179004.6382446 179701.9606384
 185200.7312639 179170.2083539 188103.1661247 184142.9635441
 179566.7185055 178852.4734473 179416.0976936 180572.346269 ]
Noised Result
[171124.85093339 153055.46929689 -16477.80561024 350720.61826606
 146702.40563488 111071.31515915 234445.81404979 174339.02764733
 223353.23444758 201746.04416467 308570.97696791 106811.53604555
 128425.60305926 175947.27011541 269418.14032179 202936.05329746
 244340.20236099  87138.18868091 207363.8559559  107382.01098409
 214933.74445169 189935.71459762 186284.82770394 134561.98069006
 212031.18692761 142269.58156382 128649.74954798 190213.22180412
 307171.66386681 270694.03360257 197980.16645668 198557.80670316
 163954.21806437 272474.30246747 195194.22366725 225296.07694602
 321628.62428965 115088.7455163  165101.10124809  66784.01597288
 251030.30399216 150815.70496741 174123.58109486 309117.31176953
 271715.12292875 186484.60341701 147742.55203873  77265.55539237
 133033.10914233 181918.74093766 221202.95172989 290582.56204259
 148867.23568237 189790.16762271 224730.86174007 164941.86714212
  90321.02144874 220925.0540005  247554.15465385 176878.79391442
  70599.85299006 149892.80833546  95504.86336982  88537.81968657
 175090.66153613 176540.18533292 200599.0354195   84285.67854271
 251782.80910786 227202.82223246 116120.33424979  67612.95223225
 309053.94851884 204250.30969743 239275.1878546  144527.62201626
 179908.32483076 152855.95517353 189172.12943324 194541.27348492
 159368.86762226 252695.45978568 187005.40633029 204245.94647677
 240537.51296807 265633.4288848  129788.85421078 185701.50672279
 232871.64739777 258220.97910327 210279.57525059 133649.30392516
 229894.99330333 235839.92503976 237789.64688123 242887.83669012
 208923.93513756 146920.71025729 196653.94007945  74298.78253408]

The result for the 4th execution is
Time
98.0147922039032
Query Result
[178785.7374442 174557.9006419 181130.7630288 178007.1700508
 178629.3175895 183981.5265132 179508.79962   182054.2632795
 178433.1835237 180642.1173946 178696.3642979 179316.7024019
 181096.2497966 180508.6027005 182030.653957  184468.8014629
 180275.230355  179953.9629626 173598.8735155 182313.2524184
 178368.3961764 178718.5234658 180338.0075024 176499.9877865
 184757.5974145 180573.7660357 177992.5390311 179124.1205403
 180323.0249267 181473.5591624 182039.6893376 177833.9126938
 183240.4912288 180618.9906626 181229.5197118 182358.4277789
 174869.4016534 185311.4580631 184284.3233316 175125.1999545
 180636.3556173 178430.3771843 178886.7568026 183465.099696
 180332.4180482 174354.0324156 175975.1614044 179908.0860251
 182143.987523  184142.4632921 183475.1104059 184568.6298516
 182252.5906059 179267.0429276 187281.4729137 182892.6616477
 185850.5213949 181438.7356254 178480.4138082 177548.2573749
 180054.4926496 183473.7215571 179885.7501657 182309.3135361
 177681.9543534 180855.5419212 178269.5511651 182300.2383694
 180198.2867652 184087.5169011 178445.2481758 173844.6310357
 185719.929527  185751.746743  178171.5912106 180441.4535649
 179631.0292587 182803.9687953 181366.0723144 178679.9412387
 179228.4130018 181938.7442667 182097.3414923 181308.7868121
 185634.4631112 180269.0231479 181732.3693378 182225.4799275
 184384.6590956 183596.9372481 179004.6382446 179701.9606384
 185200.7312639 179170.2083539 188103.1661247 184142.9635441
 179566.7185055 178852.4734473 179416.0976936 180572.346269 ]
Noised Result
[123289.67697387 175258.77663235  63275.84456418 157995.28385776
 151134.06966103 234127.53749884  53373.87377342 135843.48245126
 184823.60561093 271296.09981712 309199.88182018  79744.07677149
 233487.40877745 333994.61414616 189586.78364835 233184.04132731
 109611.48034328 151158.83797474 115959.27963523 122014.11951826
 224857.00585608 196827.21013157 178171.04040452 229630.48497464
 199774.49501962 165965.90141986 249835.75921521 237588.40666313
 256061.79397711 242484.9676621  221295.65169235 111483.94942216
 205538.19881479 241903.69476829 227263.52702626 138922.10172545
 292408.85188262 108975.9409316  202243.6099105   93184.65921736
 221538.83811157 185292.49842171 112897.24582931 264442.60983894
 132204.59206399  58061.5122936  149907.77186623 178352.52932759
 234816.06638122 181284.17217698 171785.56705103 156632.67262714
 187581.16586284 201330.03616483  69867.58968397 150345.438799
 115389.49795997 223310.34724521 211165.01431263 112303.88976792
 119055.11114499 328018.4720713  198355.44648479 132823.15332791
 210751.56413354 334856.17080214 216646.0774428  164127.16826778
 195979.5460808  135577.46155763 120774.9907633  188488.11470124
 123961.57560184 258399.02445868  82881.22537382 216970.674027
  27516.32413414 288658.15474789 129989.02184542 199362.93468077
 151559.11825012 183004.21394738 232287.21714573 -19567.35239928
  98740.89230373  63501.82748164  23307.92399925  54147.19070407
 195814.0202468  236308.73276253  39003.52784959 166961.60713894
 167929.09937028 200839.73136543 206135.01386296 188503.86777163
 188698.02314979 212937.08019751 201989.21210614 219236.49516113]

The result for the 5th execution is
Time
103.32341170310974
Query Result
[178785.7374442 174557.9006419 181130.7630288 178007.1700508
 178629.3175895 183981.5265132 179508.79962   182054.2632795
 178433.1835237 180642.1173946 178696.3642979 179316.7024019
 181096.2497966 180508.6027005 182030.653957  184468.8014629
 180275.230355  179953.9629626 173598.8735155 182313.2524184
 178368.3961764 178718.5234658 180338.0075024 176499.9877865
 184757.5974145 180573.7660357 177992.5390311 179124.1205403
 180323.0249267 181473.5591624 182039.6893376 177833.9126938
 183240.4912288 180618.9906626 181229.5197118 182358.4277789
 174869.4016534 185311.4580631 184284.3233316 175125.1999545
 180636.3556173 178430.3771843 178886.7568026 183465.099696
 180332.4180482 174354.0324156 175975.1614044 179908.0860251
 182143.987523  184142.4632921 183475.1104059 184568.6298516
 182252.5906059 179267.0429276 187281.4729137 182892.6616477
 185850.5213949 181438.7356254 178480.4138082 177548.2573749
 180054.4926496 183473.7215571 179885.7501657 182309.3135361
 177681.9543534 180855.5419212 178269.5511651 182300.2383694
 180198.2867652 184087.5169011 178445.2481758 173844.6310357
 185719.929527  185751.746743  178171.5912106 180441.4535649
 179631.0292587 182803.9687953 181366.0723144 178679.9412387
 179228.4130018 181938.7442667 182097.3414923 181308.7868121
 185634.4631112 180269.0231479 181732.3693378 182225.4799275
 184384.6590956 183596.9372481 179004.6382446 179701.9606384
 185200.7312639 179170.2083539 188103.1661247 184142.9635441
 179566.7185055 178852.4734473 179416.0976936 180572.346269 ]
Noised Result
[ 98229.49241915 169553.65375101 230039.23297111 112820.61266863
 134906.51101333 157022.99268053 119063.40692148 255801.93722144
 193085.32951043 189986.96588219 174388.98872794 151331.41278147
 281154.76144289 173545.27903412 199586.09258683 134552.70771549
 277849.1369203   77647.22187836 347928.36090692 287400.2628479
 100122.74103723 198864.48971181 160512.55264967  79477.27160509
 134518.53428402 271747.74626035 229496.66051688 219446.60608189
  76530.27182756 239580.56332675 225249.74542319 124285.41373509
 132527.6647062   71464.29258671 238600.87759011 131873.39470993
 145770.46439123 171862.76405161  90030.02770825 145385.51769048
 176958.3532267  273651.16051002 123302.10638434 214572.57606608
 225146.45174285 206092.46650714 110294.84636116 103066.24000914
 145899.1180748  180781.96751132 231571.81951591  99583.50696023
 212105.83692477 238934.74744332 153670.68665132 143352.11103506
 159385.8024181  198760.62002244 194982.12370888  27276.33497221
 175568.97417963 156103.24851413 198162.00034506  83078.9382435
 132243.67279727 148321.33803912  97405.05491241 223670.43556305
  96114.96331026 107991.70680165 230888.90280276  51043.06012957
 106408.60763477 143300.30680575  65949.98489106 165338.49409154
  88098.90366069 156872.73132692 214782.52143529 163118.94327254
 200014.95120724 152077.82925932 177740.93460139 105328.30174191
 134960.98327085  83979.17907314 165907.98307756 133895.80910085
 153734.87694725 343542.6471631  105072.69417337 182609.24854272
 203230.23468714 224078.5123322  240356.64138776 183700.69741552
 223923.09996053 124094.25472235 262095.6749777  215058.30109946]

The result for the 6th execution is
Time
103.22559809684753
Query Result
[178785.7374442 174557.9006419 181130.7630288 178007.1700508
 178629.3175895 183981.5265132 179508.79962   182054.2632795
 178433.1835237 180642.1173946 178696.3642979 179316.7024019
 181096.2497966 180508.6027005 182030.653957  184468.8014629
 180275.230355  179953.9629626 173598.8735155 182313.2524184
 178368.3961764 178718.5234658 180338.0075024 176499.9877865
 184757.5974145 180573.7660357 177992.5390311 179124.1205403
 180323.0249267 181473.5591624 182039.6893376 177833.9126938
 183240.4912288 180618.9906626 181229.5197118 182358.4277789
 174869.4016534 185311.4580631 184284.3233316 175125.1999545
 180636.3556173 178430.3771843 178886.7568026 183465.099696
 180332.4180482 174354.0324156 175975.1614044 179908.0860251
 182143.987523  184142.4632921 183475.1104059 184568.6298516
 182252.5906059 179267.0429276 187281.4729137 182892.6616477
 185850.5213949 181438.7356254 178480.4138082 177548.2573749
 180054.4926496 183473.7215571 179885.7501657 182309.3135361
 177681.9543534 180855.5419212 178269.5511651 182300.2383694
 180198.2867652 184087.5169011 178445.2481758 173844.6310357
 185719.929527  185751.746743  178171.5912106 180441.4535649
 179631.0292587 182803.9687953 181366.0723144 178679.9412387
 179228.4130018 181938.7442667 182097.3414923 181308.7868121
 185634.4631112 180269.0231479 181732.3693378 182225.4799275
 184384.6590956 183596.9372481 179004.6382446 179701.9606384
 185200.7312639 179170.2083539 188103.1661247 184142.9635441
 179566.7185055 178852.4734473 179416.0976936 180572.346269 ]
Noised Result
[137584.12733189 172088.69263497  45242.08549738 160706.55126767
 128296.44808327 283548.75266669 226264.84614155 112902.53124613
  89134.34532166 201619.7485934  250320.84877891 238703.35021164
 117466.16452604 190756.04476194 107449.15870199 193912.91026196
 210923.39468973 121488.64034612 174732.34378503 141616.37309038
 205267.63550841 250781.97587614 158292.80651691 145340.60065664
  70243.71671858 163427.25655865 171835.3320278  260911.84555227
 189278.45661974 297023.73994848 161349.74305615 191394.54674133
 154424.71618537 191132.45440429 182838.49712648 241131.80335475
  79640.70105263 226438.95766057 173108.28423657 228752.97777202
 184734.35344507 137181.26408215 101353.58045162 265318.10363577
 171682.16843827  90237.69116856 161884.31850926 136484.55033439
 147701.01310819  84221.37434818 160656.40075388  64044.65901098
 160001.02126806 165901.00473234 237623.84597599 216680.83515487
 236292.73356688 283688.74228896 142569.58083073 249766.65685526
 120586.73617894 233642.99497442 218278.52577103 230876.76649363
 129649.32668092 243059.68454453 144835.14439658 144656.9033796
 181929.03532376 170282.0291097  212348.17490869 121757.61514727
 140604.66832169 200080.30356303 257481.60701488  23386.82806732
  69348.67703744  85313.24922109 183735.2305183  215991.092951
 234087.36560102 164854.46570018 288765.13997458 146285.43895712
 190873.97116891 330424.55820785 128829.55075857  19775.42789376
  82093.07348068  62373.37553263 184509.04691371  98034.06680561
 115789.76637292 193868.94623942 184339.2436245  253465.00653024
 158895.63059916 197781.2627318  190984.14844624 159581.07389745]

The result for the 7th execution is
Time
52.27444052696228
Query Result
[178785.7374442 174557.9006419 181130.7630288 178007.1700508
 178629.3175895 183981.5265132 179508.79962   182054.2632795
 178433.1835237 180642.1173946 178696.3642979 179316.7024019
 181096.2497966 180508.6027005 182030.653957  184468.8014629
 180275.230355  179953.9629626 173598.8735155 182313.2524184
 178368.3961764 178718.5234658 180338.0075024 176499.9877865
 184757.5974145 180573.7660357 177992.5390311 179124.1205403
 180323.0249267 181473.5591624 182039.6893376 177833.9126938
 183240.4912288 180618.9906626 181229.5197118 182358.4277789
 174869.4016534 185311.4580631 184284.3233316 175125.1999545
 180636.3556173 178430.3771843 178886.7568026 183465.099696
 180332.4180482 174354.0324156 175975.1614044 179908.0860251
 182143.987523  184142.4632921 183475.1104059 184568.6298516
 182252.5906059 179267.0429276 187281.4729137 182892.6616477
 185850.5213949 181438.7356254 178480.4138082 177548.2573749
 180054.4926496 183473.7215571 179885.7501657 182309.3135361
 177681.9543534 180855.5419212 178269.5511651 182300.2383694
 180198.2867652 184087.5169011 178445.2481758 173844.6310357
 185719.929527  185751.746743  178171.5912106 180441.4535649
 179631.0292587 182803.9687953 181366.0723144 178679.9412387
 179228.4130018 181938.7442667 182097.3414923 181308.7868121
 185634.4631112 180269.0231479 181732.3693378 182225.4799275
 184384.6590956 183596.9372481 179004.6382446 179701.9606384
 185200.7312639 179170.2083539 188103.1661247 184142.9635441
 179566.7185055 178852.4734473 179416.0976936 180572.346269 ]
Noised Result
[219278.89476428  63652.81406643 235862.73351397 301436.92627053
 216506.26625917 282829.50556154 211911.04252603  86183.66387404
 165178.78518048 249245.37225444 160050.01281777 254364.85622658
  72920.90834935 166140.9656946  179180.43273538 192895.59742221
 202902.29802136 266638.48483913 204082.84008572 139101.15647921
 188111.1621407  219645.96328003 177115.39632675 217324.17708838
 266756.24247666 151319.699517   321752.91249004 242173.82097342
  93359.10869231 121122.06703916 180926.27452206 275165.72595807
 243370.48928329 167112.00286766  77799.88469765 210930.57627828
  72431.26596728 179024.54733447 164373.82893766  91524.19474521
 273364.70413182 171219.45510737 239507.38194394 318004.45173478
 279936.42621979 362806.55607248 -13975.03069918 184071.05001044
 252201.00576964 270920.98997832 261576.85037895  53526.77433435
 182875.81275854 175856.95151628 212355.84048364 105707.68250122
 347936.95136956 276855.59327272 254399.70390051 180978.29835346
 118479.14831857 189117.29545606 182790.40908146  82676.54131963
 222407.63644388 190738.01564703 159227.3709472  306913.75988607
 151792.57852836 313351.7563321  183609.17397127 165885.58859001
 175714.7904333  140396.68642829 155723.65570295  54898.49546328
 186950.6987018  141531.18397949 156626.89464765 190427.08312693
 240353.51859018  84080.86404329 251054.81465223 277516.59333912
 156594.5546245  178471.82043421 125417.238593   157146.63895094
 285236.65792435 248679.8466613  214526.99256369 193701.57775283
 149485.34208576  92471.20120527 157472.10888351 252292.64617983
 106951.60241248 273840.69509042  73055.01159565  59680.64064273]

The result for the 8th execution is
Time
53.006871700286865
Query Result
[178785.7374442 174557.9006419 181130.7630288 178007.1700508
 178629.3175895 183981.5265132 179508.79962   182054.2632795
 178433.1835237 180642.1173946 178696.3642979 179316.7024019
 181096.2497966 180508.6027005 182030.653957  184468.8014629
 180275.230355  179953.9629626 173598.8735155 182313.2524184
 178368.3961764 178718.5234658 180338.0075024 176499.9877865
 184757.5974145 180573.7660357 177992.5390311 179124.1205403
 180323.0249267 181473.5591624 182039.6893376 177833.9126938
 183240.4912288 180618.9906626 181229.5197118 182358.4277789
 174869.4016534 185311.4580631 184284.3233316 175125.1999545
 180636.3556173 178430.3771843 178886.7568026 183465.099696
 180332.4180482 174354.0324156 175975.1614044 179908.0860251
 182143.987523  184142.4632921 183475.1104059 184568.6298516
 182252.5906059 179267.0429276 187281.4729137 182892.6616477
 185850.5213949 181438.7356254 178480.4138082 177548.2573749
 180054.4926496 183473.7215571 179885.7501657 182309.3135361
 177681.9543534 180855.5419212 178269.5511651 182300.2383694
 180198.2867652 184087.5169011 178445.2481758 173844.6310357
 185719.929527  185751.746743  178171.5912106 180441.4535649
 179631.0292587 182803.9687953 181366.0723144 178679.9412387
 179228.4130018 181938.7442667 182097.3414923 181308.7868121
 185634.4631112 180269.0231479 181732.3693378 182225.4799275
 184384.6590956 183596.9372481 179004.6382446 179701.9606384
 185200.7312639 179170.2083539 188103.1661247 184142.9635441
 179566.7185055 178852.4734473 179416.0976936 180572.346269 ]
Noised Result
[124735.3320863   99138.81164701 224013.55422641 237216.7014313
 359113.1245892  111149.0691467  178197.120821   158745.46620548
 274244.50361064 133701.40614239 243542.9102802  138130.70932218
 242908.60288764  60697.22932049 -25920.23974304 194697.2634374
 162766.81093762 140019.74205737 168762.18210653 171716.25508412
  17258.2601567  182598.30656463 124185.3895604  111484.89110947
 177436.37796816 248182.11971994  72225.87945053 135932.02043306
  76426.33095142 178758.58447579 193600.22697375 155795.91225162
 264014.41827517 165340.09269965  92768.40326953 121667.40780511
 155529.88617797 118469.48196726  73165.99502926 163437.04263844
 217476.37631315 118484.94175664 186934.08339121 163067.11270546
 209357.13696737 150445.15398166 164814.38517482 172383.02084605
 136590.14035666 106245.79859418 232420.91995512 154933.55792753
 188540.53921175 271773.91864272 222777.00030587 204630.83721235
 149258.70039466  88236.15880151 149560.88303358  45069.41100657
 135217.22566874 151200.93728651 236912.28413129 154936.16847691
 142036.44177558 165535.67894862 203732.10430902  84163.55186157
 180849.05654483 225933.29343775 203944.44310752 204391.92511484
  81925.40340639 176105.14661563 257364.50210272 168741.76413008
 119745.45927922 137255.24934422 143578.18584941 190701.99829753
  56698.1900304  155553.67821731 116361.14855038 293595.02818859
 183479.22387251 257696.34739917 224072.36989795 238693.43571889
 223375.47256794 213334.21983218 213771.32037421 259430.25143286
 136438.96904595 250720.02533663 137846.70021118 287359.93394588
 120176.70715884  42487.27109389 326680.27038692 197462.77606121]

The result for the 9th execution is
Time
102.89229273796082
Query Result
[178785.7374442 174557.9006419 181130.7630288 178007.1700508
 178629.3175895 183981.5265132 179508.79962   182054.2632795
 178433.1835237 180642.1173946 178696.3642979 179316.7024019
 181096.2497966 180508.6027005 182030.653957  184468.8014629
 180275.230355  179953.9629626 173598.8735155 182313.2524184
 178368.3961764 178718.5234658 180338.0075024 176499.9877865
 184757.5974145 180573.7660357 177992.5390311 179124.1205403
 180323.0249267 181473.5591624 182039.6893376 177833.9126938
 183240.4912288 180618.9906626 181229.5197118 182358.4277789
 174869.4016534 185311.4580631 184284.3233316 175125.1999545
 180636.3556173 178430.3771843 178886.7568026 183465.099696
 180332.4180482 174354.0324156 175975.1614044 179908.0860251
 182143.987523  184142.4632921 183475.1104059 184568.6298516
 182252.5906059 179267.0429276 187281.4729137 182892.6616477
 185850.5213949 181438.7356254 178480.4138082 177548.2573749
 180054.4926496 183473.7215571 179885.7501657 182309.3135361
 177681.9543534 180855.5419212 178269.5511651 182300.2383694
 180198.2867652 184087.5169011 178445.2481758 173844.6310357
 185719.929527  185751.746743  178171.5912106 180441.4535649
 179631.0292587 182803.9687953 181366.0723144 178679.9412387
 179228.4130018 181938.7442667 182097.3414923 181308.7868121
 185634.4631112 180269.0231479 181732.3693378 182225.4799275
 184384.6590956 183596.9372481 179004.6382446 179701.9606384
 185200.7312639 179170.2083539 188103.1661247 184142.9635441
 179566.7185055 178852.4734473 179416.0976936 180572.346269 ]
Noised Result
[220793.41875034 159734.91017775 279873.20121361 196047.45095651
  55886.68766366 151456.45387394 133378.87655632 117043.18120372
 104840.34668633 241530.70194977  86305.22912481 173491.50115876
 226930.17658858 291511.87582232 127910.09942548 240907.19796276
 190486.94169819 128625.07801258 181475.40030038 330818.68569652
  53527.61158567 157344.73808973 143708.36499404 235059.40380049
  67292.08677162 200848.27995075 168581.48903544 263911.28508936
 175467.3081524  214539.81044798 110302.54587229 135233.54125499
 144980.76263563 245067.33821492 241537.81972383 223134.55829528
 124626.06772259 222715.19920655 182481.75397163 237277.58266386
 270863.61629325 184042.91906276 164125.28255296 170939.88136893
 178361.0852755  210488.00417062 228087.99519941 158218.8114344
 107087.66305832 112074.19316221  69767.10863557 158107.04319771
 138944.60077801 124851.91397292 244039.02042777 191177.13658107
 256879.06837176 178036.58922803  40401.07962713 151774.85712094
 235845.140411   114130.95899196 151743.29684282 178731.31371389
 177969.65102489 196114.69118154 151081.38575593 187470.33224808
 170043.21122363 200764.47008804 246033.73229339 158579.96511154
 262223.74983561 166221.95761924 199571.30648946 261993.95029019
 237414.21893011 150984.63783977 166618.7270825  169037.30461705
 355066.26169934 252361.76044244 168414.52900653 102084.02374006
 264934.298575   241267.84486863 214332.28587654 180011.13692526
 279130.63809464 169826.74194376 227179.29416324 239783.25774854
 344910.99326995 294647.2837318  235157.90438776 175801.89145016
 158358.96737384  93858.888107   167127.50259695 149683.27163844]

The result for the 10th execution is
Time
102.17326092720032
Query Result
[178785.7374442 174557.9006419 181130.7630288 178007.1700508
 178629.3175895 183981.5265132 179508.79962   182054.2632795
 178433.1835237 180642.1173946 178696.3642979 179316.7024019
 181096.2497966 180508.6027005 182030.653957  184468.8014629
 180275.230355  179953.9629626 173598.8735155 182313.2524184
 178368.3961764 178718.5234658 180338.0075024 176499.9877865
 184757.5974145 180573.7660357 177992.5390311 179124.1205403
 180323.0249267 181473.5591624 182039.6893376 177833.9126938
 183240.4912288 180618.9906626 181229.5197118 182358.4277789
 174869.4016534 185311.4580631 184284.3233316 175125.1999545
 180636.3556173 178430.3771843 178886.7568026 183465.099696
 180332.4180482 174354.0324156 175975.1614044 179908.0860251
 182143.987523  184142.4632921 183475.1104059 184568.6298516
 182252.5906059 179267.0429276 187281.4729137 182892.6616477
 185850.5213949 181438.7356254 178480.4138082 177548.2573749
 180054.4926496 183473.7215571 179885.7501657 182309.3135361
 177681.9543534 180855.5419212 178269.5511651 182300.2383694
 180198.2867652 184087.5169011 178445.2481758 173844.6310357
 185719.929527  185751.746743  178171.5912106 180441.4535649
 179631.0292587 182803.9687953 181366.0723144 178679.9412387
 179228.4130018 181938.7442667 182097.3414923 181308.7868121
 185634.4631112 180269.0231479 181732.3693378 182225.4799275
 184384.6590956 183596.9372481 179004.6382446 179701.9606384
 185200.7312639 179170.2083539 188103.1661247 184142.9635441
 179566.7185055 178852.4734473 179416.0976936 180572.346269 ]
Noised Result
[174747.34103032 217800.77250916 199711.16552491 182166.65097976
 135095.48287781 110662.95390802 204226.38365043 212629.94826186
 170780.78632894 191292.97879958 116783.60749579 144832.79684309
 214432.30231585 178329.72073181 244725.56194144 176838.19123646
 128730.07473691 100233.40936312 121216.93132158 143607.02716278
 181328.91922118 218764.37248792 226241.55827261 185811.49407881
 198199.37249402 184071.30895329 192588.88925375 189436.86089447
 220403.18226846 173698.85947057 208124.97700797 202513.31571036
 215281.34112044 217656.70021771 241796.97452216 120186.21180839
 180502.65668328 143185.09122341 154396.301487   160388.25238013
 120047.3917176  133067.02137221 169386.88491326 174352.3772871
 152161.28226724 202376.35681448 185378.34612572 183743.61062222
 207740.82895265 150877.04894404 198312.5610886  194814.08076123
 185296.26735082 182316.96311378 190229.38098832 143942.96940962
 152235.18642319 103953.25759035 197201.96944829 159359.86096969
 202709.62489142 164960.48537999 146900.01519715 241865.2121388
 187942.72042748 161812.16098114 215841.78541293 237418.22960148
 220536.27839347 168563.5935453  199084.18309914 210287.08288052
 119258.61438711 212067.20284717 203751.91704277 180298.91595249
 183113.06867091 178589.21798854 131700.68314995 222518.00874859
 186253.71000559 193495.71379194 167397.57766637 186906.62174658
 197623.43010809  96051.1835474  247801.74409463 220199.8676812
 190029.48780972 219628.20016421 200155.96109107 229441.7607895
 236477.19402382 194147.03497181 164453.28350742 180120.25503378
 218971.66426312 174577.79400562 202103.10257691 236862.59524983]

The result for the 11th execution is
Time
103.59976124763489
Query Result
[178785.7374442 174557.9006419 181130.7630288 178007.1700508
 178629.3175895 183981.5265132 179508.79962   182054.2632795
 178433.1835237 180642.1173946 178696.3642979 179316.7024019
 181096.2497966 180508.6027005 182030.653957  184468.8014629
 180275.230355  179953.9629626 173598.8735155 182313.2524184
 178368.3961764 178718.5234658 180338.0075024 176499.9877865
 184757.5974145 180573.7660357 177992.5390311 179124.1205403
 180323.0249267 181473.5591624 182039.6893376 177833.9126938
 183240.4912288 180618.9906626 181229.5197118 182358.4277789
 174869.4016534 185311.4580631 184284.3233316 175125.1999545
 180636.3556173 178430.3771843 178886.7568026 183465.099696
 180332.4180482 174354.0324156 175975.1614044 179908.0860251
 182143.987523  184142.4632921 183475.1104059 184568.6298516
 182252.5906059 179267.0429276 187281.4729137 182892.6616477
 185850.5213949 181438.7356254 178480.4138082 177548.2573749
 180054.4926496 183473.7215571 179885.7501657 182309.3135361
 177681.9543534 180855.5419212 178269.5511651 182300.2383694
 180198.2867652 184087.5169011 178445.2481758 173844.6310357
 185719.929527  185751.746743  178171.5912106 180441.4535649
 179631.0292587 182803.9687953 181366.0723144 178679.9412387
 179228.4130018 181938.7442667 182097.3414923 181308.7868121
 185634.4631112 180269.0231479 181732.3693378 182225.4799275
 184384.6590956 183596.9372481 179004.6382446 179701.9606384
 185200.7312639 179170.2083539 188103.1661247 184142.9635441
 179566.7185055 178852.4734473 179416.0976936 180572.346269 ]
Noised Result
[ 194167.18262016  156581.11326422  372333.21745702  128677.64943457
  167975.02348925  199221.08329917  294582.66712557  149902.98642455
   -4818.29683077  379529.59437639  355777.60535625  224680.65893203
  145523.8241937   213756.13107292  367879.01361783   59032.56226105
  372669.25201152  233116.60097768    4955.42471009  -16569.8387689
   41120.83070483   57956.11688676   93630.95375174  152739.16259693
  122145.91026294  231245.72245698  411366.61517195  512582.21749197
  120402.60720382  163016.43142571  295392.06934255  467124.55448842
  -13001.75173249  509245.96641623  288237.07207575   41202.90878687
  192531.66490041  142925.1765916    62173.87910735  -65601.89223218
  118646.4705945    -6980.44836658  -73221.45060521  191940.59165968
  127107.51209605  129169.04540665  435131.1979874   288544.5168087
  172141.32226452  206363.41819642  309303.97153712  436883.12082163
   68020.13117377  506950.43255995  341677.18227898  107038.41372406
  229438.54239596  139309.48677626   75997.39288197  437750.97790862
  222214.07119161  503774.02105462  262819.10283208  127844.36141287
  218467.21445898  175383.66848331  547716.7606694   203935.93261467
  357210.12526853  290956.15315056  248099.2420287   122044.21004505
  497968.88519922  420854.50256261   -9416.31023881  357917.85787257
  298136.21472618  106160.91584067  216468.78229231  -29763.90855822
  299880.45433762  317291.17151403  268953.89323467  103777.26120961
  169322.34420439  143928.79305001  178106.23260112  140901.48663845
  473766.5104077   282375.8669916    37098.38068294   64175.44702699
   54892.07331025  191293.35932721  415101.64319064  162979.17198397
   31732.06414634   89421.826462    158158.40432594 -138278.27661557]

The result for the 12th execution is
Time
99.12960577011108
Query Result
[178785.7374442 174557.9006419 181130.7630288 178007.1700508
 178629.3175895 183981.5265132 179508.79962   182054.2632795
 178433.1835237 180642.1173946 178696.3642979 179316.7024019
 181096.2497966 180508.6027005 182030.653957  184468.8014629
 180275.230355  179953.9629626 173598.8735155 182313.2524184
 178368.3961764 178718.5234658 180338.0075024 176499.9877865
 184757.5974145 180573.7660357 177992.5390311 179124.1205403
 180323.0249267 181473.5591624 182039.6893376 177833.9126938
 183240.4912288 180618.9906626 181229.5197118 182358.4277789
 174869.4016534 185311.4580631 184284.3233316 175125.1999545
 180636.3556173 178430.3771843 178886.7568026 183465.099696
 180332.4180482 174354.0324156 175975.1614044 179908.0860251
 182143.987523  184142.4632921 183475.1104059 184568.6298516
 182252.5906059 179267.0429276 187281.4729137 182892.6616477
 185850.5213949 181438.7356254 178480.4138082 177548.2573749
 180054.4926496 183473.7215571 179885.7501657 182309.3135361
 177681.9543534 180855.5419212 178269.5511651 182300.2383694
 180198.2867652 184087.5169011 178445.2481758 173844.6310357
 185719.929527  185751.746743  178171.5912106 180441.4535649
 179631.0292587 182803.9687953 181366.0723144 178679.9412387
 179228.4130018 181938.7442667 182097.3414923 181308.7868121
 185634.4631112 180269.0231479 181732.3693378 182225.4799275
 184384.6590956 183596.9372481 179004.6382446 179701.9606384
 185200.7312639 179170.2083539 188103.1661247 184142.9635441
 179566.7185055 178852.4734473 179416.0976936 180572.346269 ]
Noised Result
[ 86620.73775508  69522.98313439 128800.79023833 232884.3724273
  25217.53391174 183852.57058396 288911.36335651 212239.59244401
 151116.43377634 222379.91174822 215972.47295999 237024.35136031
 108199.23716217  80463.20655854 200779.42322977 148823.89608021
 174954.89258997  57831.35677241 192808.70628648 217198.68612289
 108710.53883855 144448.37184678 183905.14000185 156867.34030127
 112402.74948087 238933.91926917  59120.50758999 179250.04282599
 191150.0712748  213331.30315391 295476.03365145 248418.3155962
  73431.98114167 244306.74919663 271202.56785405 155366.50456041
 174056.03463638 220306.68823893  98043.13711128 125626.10296903
 108984.14363277 157048.46083986 318639.45267073 254501.746576
 275840.4562061  193678.15777254 275856.14981079 127356.39664828
 177188.15563404  -2278.51632829 239774.21733871 274630.55297597
 331933.32011121  -1722.2971462  262651.53715751 155103.42795703
 233442.9209721   86266.52205402 176456.2657456  132441.59158958
 187799.24585674 220308.67694794 243617.08513212  75049.37497468
  80682.93812719 136742.75598406  90223.21405506 219477.64531304
 173922.08724414  86760.72492271 417078.15242335 270241.66482157
 122905.87653365 235396.04347022 123764.28100047  78645.06503176
 178864.79125167 104475.81874891 291967.54905232 198954.24674419
 252750.5278368  210365.93677642 235094.93700915 250555.95287726
  83968.60691097 277321.06425539 143268.37712132 108989.55672962
 289423.16293573 255869.59390586 235552.28539776 261445.31082905
  91623.03243916 143798.54751515 113813.88173646 143045.19181624
 244903.87502646 198629.82186837 -34560.71249384 145483.51258917]

The result for the 13th execution is
Time
51.574418783187866
Query Result
[178785.7374442 174557.9006419 181130.7630288 178007.1700508
 178629.3175895 183981.5265132 179508.79962   182054.2632795
 178433.1835237 180642.1173946 178696.3642979 179316.7024019
 181096.2497966 180508.6027005 182030.653957  184468.8014629
 180275.230355  179953.9629626 173598.8735155 182313.2524184
 178368.3961764 178718.5234658 180338.0075024 176499.9877865
 184757.5974145 180573.7660357 177992.5390311 179124.1205403
 180323.0249267 181473.5591624 182039.6893376 177833.9126938
 183240.4912288 180618.9906626 181229.5197118 182358.4277789
 174869.4016534 185311.4580631 184284.3233316 175125.1999545
 180636.3556173 178430.3771843 178886.7568026 183465.099696
 180332.4180482 174354.0324156 175975.1614044 179908.0860251
 182143.987523  184142.4632921 183475.1104059 184568.6298516
 182252.5906059 179267.0429276 187281.4729137 182892.6616477
 185850.5213949 181438.7356254 178480.4138082 177548.2573749
 180054.4926496 183473.7215571 179885.7501657 182309.3135361
 177681.9543534 180855.5419212 178269.5511651 182300.2383694
 180198.2867652 184087.5169011 178445.2481758 173844.6310357
 185719.929527  185751.746743  178171.5912106 180441.4535649
 179631.0292587 182803.9687953 181366.0723144 178679.9412387
 179228.4130018 181938.7442667 182097.3414923 181308.7868121
 185634.4631112 180269.0231479 181732.3693378 182225.4799275
 184384.6590956 183596.9372481 179004.6382446 179701.9606384
 185200.7312639 179170.2083539 188103.1661247 184142.9635441
 179566.7185055 178852.4734473 179416.0976936 180572.346269 ]
Noised Result
[104829.49941465  57573.99528419 189132.58316438 206081.09057334
 104272.5954046  238069.62616196 101530.93831104  97639.52995684
 134961.73664619 192192.31953966 252364.43097288 208852.66681855
 179927.55509547 336758.42231427 173501.68163343 297608.70160719
 138036.48351547 160039.29699637  78567.52972022 252589.15048309
 -32835.76535321 194000.60174974 219894.93115176 244421.41212159
 190625.77374516 263422.85086661 238704.11898607 257620.46654774
 102134.54378744 106547.04553153 296099.99354491 165644.01483946
 128543.19140574 260463.79678449 311460.87988969 182560.47524724
 211858.3858756  195467.10560245 220871.93600463 176987.93887851
  34138.37287106 135104.45403812 187516.08990269 185032.60107668
 178366.86079037 221684.04453616 219700.40457249 184598.85608615
 196138.06930718 141125.91954731 291973.32494157 359341.15492598
 123850.25869341  46245.82244558  68469.54782537 280727.40693714
 212042.66647492 203531.19022983 225206.47914308 125837.04617729
 119295.87202043 180973.646606   323908.11631003  90121.36514531
  -9625.92731149 259113.80698481  66045.39091889 153263.9716028
  61976.67767282  21405.73187703 358951.02014414 179060.30023044
 180975.91949507 281794.10792597 217626.2591462  237116.87737946
 250962.59225399  88824.67541575 288831.81422383 253685.97135336
 190556.54543005 126913.97963893 166858.60687595 347934.63012219
 198334.92315842 115293.2081149  199941.40857398 165536.84517572
 102254.15755188 124601.5200983  213835.89788981 215640.49569385
  98021.85058078 242015.33934853  90759.7682058  167254.32051397
 198992.71091824  91134.39726015 198471.9558454  220523.3677649 ]

The result for the 14th execution is
Time
56.16981792449951
Query Result
[178785.7374442 174557.9006419 181130.7630288 178007.1700508
 178629.3175895 183981.5265132 179508.79962   182054.2632795
 178433.1835237 180642.1173946 178696.3642979 179316.7024019
 181096.2497966 180508.6027005 182030.653957  184468.8014629
 180275.230355  179953.9629626 173598.8735155 182313.2524184
 178368.3961764 178718.5234658 180338.0075024 176499.9877865
 184757.5974145 180573.7660357 177992.5390311 179124.1205403
 180323.0249267 181473.5591624 182039.6893376 177833.9126938
 183240.4912288 180618.9906626 181229.5197118 182358.4277789
 174869.4016534 185311.4580631 184284.3233316 175125.1999545
 180636.3556173 178430.3771843 178886.7568026 183465.099696
 180332.4180482 174354.0324156 175975.1614044 179908.0860251
 182143.987523  184142.4632921 183475.1104059 184568.6298516
 182252.5906059 179267.0429276 187281.4729137 182892.6616477
 185850.5213949 181438.7356254 178480.4138082 177548.2573749
 180054.4926496 183473.7215571 179885.7501657 182309.3135361
 177681.9543534 180855.5419212 178269.5511651 182300.2383694
 180198.2867652 184087.5169011 178445.2481758 173844.6310357
 185719.929527  185751.746743  178171.5912106 180441.4535649
 179631.0292587 182803.9687953 181366.0723144 178679.9412387
 179228.4130018 181938.7442667 182097.3414923 181308.7868121
 185634.4631112 180269.0231479 181732.3693378 182225.4799275
 184384.6590956 183596.9372481 179004.6382446 179701.9606384
 185200.7312639 179170.2083539 188103.1661247 184142.9635441
 179566.7185055 178852.4734473 179416.0976936 180572.346269 ]
Noised Result
[220878.63126259 204328.48008793 294859.07950726 173128.88162824
 215900.71066266 133199.1007437  234231.90922285 195022.12908058
  86775.75446225 136093.88146016 129351.16276512 175911.2199727
 146317.29563806 153698.62940511 189384.00333594  63039.70820434
  90250.13303463 169386.69193135 116990.19417481 206647.31025901
  42010.20003683 166842.78574263 299867.82958095 289331.59284996
  95366.4785944  114205.61089494 181965.73979375 175998.73441619
 100238.9087506  296519.92420484 197027.58342401 101444.3370084
 185865.673743    65686.46962146 160546.00932868 127197.24555932
  90221.7944504  197096.19518848 295634.55761745 227788.81157953
  54109.52435066 140381.27615942 169731.80181308 117715.514576
  89860.31866387 226223.03167296 128384.36222271 188037.24579838
 137356.85694422 130346.40558229 205017.38394754 189732.68673753
 263621.20310979  70293.04521837 176866.82892621 271684.34242969
 194182.38791584  59911.58225369 296121.95723344 304737.4646758
 236484.75279153 160390.77857928 121598.69450199 237394.85374043
 129613.11053917 109237.78772857 221937.61276359 115309.56422457
 176009.97699787 161131.10974912 248067.67496415 118924.76047313
 133729.23163021 277323.27114094 242367.29132218 324244.9155101
  89841.83525742 296850.30863096 128948.27680148 172721.4699414
 144930.27972738 144178.82725939 163883.61761858 225305.76009378
 219987.3910272   84860.44979578 192776.82681687 176144.9755756
 288243.88882963 205806.15738238 139806.15185899 115095.87271987
 194383.30192848 190901.66267935 193317.64140792 200401.97643393
 175068.42508266 307950.21807083 117010.49326071  45418.97787186]

The result for the 15th execution is
Time
106.65262365341187
Query Result
[178785.7374442 174557.9006419 181130.7630288 178007.1700508
 178629.3175895 183981.5265132 179508.79962   182054.2632795
 178433.1835237 180642.1173946 178696.3642979 179316.7024019
 181096.2497966 180508.6027005 182030.653957  184468.8014629
 180275.230355  179953.9629626 173598.8735155 182313.2524184
 178368.3961764 178718.5234658 180338.0075024 176499.9877865
 184757.5974145 180573.7660357 177992.5390311 179124.1205403
 180323.0249267 181473.5591624 182039.6893376 177833.9126938
 183240.4912288 180618.9906626 181229.5197118 182358.4277789
 174869.4016534 185311.4580631 184284.3233316 175125.1999545
 180636.3556173 178430.3771843 178886.7568026 183465.099696
 180332.4180482 174354.0324156 175975.1614044 179908.0860251
 182143.987523  184142.4632921 183475.1104059 184568.6298516
 182252.5906059 179267.0429276 187281.4729137 182892.6616477
 185850.5213949 181438.7356254 178480.4138082 177548.2573749
 180054.4926496 183473.7215571 179885.7501657 182309.3135361
 177681.9543534 180855.5419212 178269.5511651 182300.2383694
 180198.2867652 184087.5169011 178445.2481758 173844.6310357
 185719.929527  185751.746743  178171.5912106 180441.4535649
 179631.0292587 182803.9687953 181366.0723144 178679.9412387
 179228.4130018 181938.7442667 182097.3414923 181308.7868121
 185634.4631112 180269.0231479 181732.3693378 182225.4799275
 184384.6590956 183596.9372481 179004.6382446 179701.9606384
 185200.7312639 179170.2083539 188103.1661247 184142.9635441
 179566.7185055 178852.4734473 179416.0976936 180572.346269 ]
Noised Result
[152734.3869365  230331.03445965 110674.94457326 213460.52214593
 157981.4080828  255704.99173672 169585.34105553  69751.15460093
 177574.92691243 189017.98924605 157139.55602428 215852.74246665
 193348.6387555  198046.8933074  176693.92852088 143225.11869261
 187462.52583136 115414.9383719  207253.43235724 252367.68644215
 206172.18775553 232416.82419691 158680.25902944 156660.16726756
 254597.29109847 155077.27905374 283423.20719742 142710.09050836
 233316.25305755 168853.60588784 125019.80081421 302196.85398636
 160755.25578639 170440.81238432 241732.22181737  86610.81042173
 218546.33875689 204110.19189473 121649.40250351 179349.95206683
 179263.64704092 142627.64701074 209910.68570452 134676.58481252
 167307.55204293 237264.05572827 160951.79023105 150324.02233992
 167948.50497479 129033.70554507 258551.00328843 207105.2953078
 189483.30616823 203555.58659304 255649.12751491 172399.95305008
 127185.25897805 250428.19852818 190150.06154798 184708.55080271
 226604.53554534 213252.72702178  51912.58949697  50438.20716719
 191978.80373775 226506.84342089 100032.00842075 308266.45224567
 185237.83986268 111317.13128799 172354.43001559 151327.54873796
 154542.30250911 143861.15953349  87138.40482019 208978.04120676
 151472.59624818 199453.26000047 136586.50115624 187146.10988294
 145570.38905777  78854.2576777  140828.1903503  185470.21983637
 236708.90978356 202932.14474586 141913.2360201  204457.66102849
 108314.17687921  41104.30987101 208398.20961077 176173.44671423
 333911.06192707 152612.24331417 235701.12004989 197909.29187996
 100239.06328436 230664.05449461 217381.3920933  191336.92860274]

The result for the 16th execution is
Time
50.40613389015198
Query Result
[178785.7374442 174557.9006419 181130.7630288 178007.1700508
 178629.3175895 183981.5265132 179508.79962   182054.2632795
 178433.1835237 180642.1173946 178696.3642979 179316.7024019
 181096.2497966 180508.6027005 182030.653957  184468.8014629
 180275.230355  179953.9629626 173598.8735155 182313.2524184
 178368.3961764 178718.5234658 180338.0075024 176499.9877865
 184757.5974145 180573.7660357 177992.5390311 179124.1205403
 180323.0249267 181473.5591624 182039.6893376 177833.9126938
 183240.4912288 180618.9906626 181229.5197118 182358.4277789
 174869.4016534 185311.4580631 184284.3233316 175125.1999545
 180636.3556173 178430.3771843 178886.7568026 183465.099696
 180332.4180482 174354.0324156 175975.1614044 179908.0860251
 182143.987523  184142.4632921 183475.1104059 184568.6298516
 182252.5906059 179267.0429276 187281.4729137 182892.6616477
 185850.5213949 181438.7356254 178480.4138082 177548.2573749
 180054.4926496 183473.7215571 179885.7501657 182309.3135361
 177681.9543534 180855.5419212 178269.5511651 182300.2383694
 180198.2867652 184087.5169011 178445.2481758 173844.6310357
 185719.929527  185751.746743  178171.5912106 180441.4535649
 179631.0292587 182803.9687953 181366.0723144 178679.9412387
 179228.4130018 181938.7442667 182097.3414923 181308.7868121
 185634.4631112 180269.0231479 181732.3693378 182225.4799275
 184384.6590956 183596.9372481 179004.6382446 179701.9606384
 185200.7312639 179170.2083539 188103.1661247 184142.9635441
 179566.7185055 178852.4734473 179416.0976936 180572.346269 ]
Noised Result
[  12988.87287066  219349.86842491  117784.72340958  -69176.46805271
  243571.3588272   185002.63014222  191921.11601466  127331.92875603
  172268.45307637 -126257.45880711  323930.33829901  250737.58753461
  353726.34239252  154066.04814446   61661.49243069  113482.19936164
  282555.76677904  286894.89001353  255110.22391467  -65282.03228102
    2314.59660045  -64616.76079475   46979.04904918   52997.55360442
  482292.39336384  358130.94940262  343470.27096861  470185.41725192
   43103.72887213  128764.17248082  281801.01877394   34049.55030605
  321840.44853341  129471.31081163  277846.11615288  237117.7101077
  105613.79927017   25612.48127886  205201.29053958   36404.95104536
  103788.60613238  113076.73227297  258763.96332832  104589.22925897
   97551.20866101  153154.29487711  109007.79783568  176702.16042728
  299222.71771994  232527.57036661  198672.98236985   79901.95130626
  253318.98757837  160334.61700821   72675.71892752  279964.75943314
  457934.24475985  265910.50598042  140533.99850918  724032.44086738
  530893.10477151  278452.86721842  274448.38516293   96610.40948685
  230458.61552385  150424.83618806  -27065.19720729  334857.01376129
  175668.84754615  379190.93031228  159827.15797095  251660.39608124
  130936.8560141   106373.72875924  521657.02875672  214453.91307438
  332137.7684419   320941.16868165  -84783.61558703  203041.83617587
 -338837.47195929   90311.51564156  230328.2371043   202346.40266457
  120518.77228702  222430.90284567  154079.17358477  290497.57050713
  158673.65055444  321345.2781451   453408.4243638   248576.22615547
  247396.66481644  390159.45344386  269240.96858274  281740.49481183
  268763.71893862 -104957.94152601  -56613.4234184   174089.06546445]

The result for the 17th execution is
Time
51.73933410644531
Query Result
[178785.7374442 174557.9006419 181130.7630288 178007.1700508
 178629.3175895 183981.5265132 179508.79962   182054.2632795
 178433.1835237 180642.1173946 178696.3642979 179316.7024019
 181096.2497966 180508.6027005 182030.653957  184468.8014629
 180275.230355  179953.9629626 173598.8735155 182313.2524184
 178368.3961764 178718.5234658 180338.0075024 176499.9877865
 184757.5974145 180573.7660357 177992.5390311 179124.1205403
 180323.0249267 181473.5591624 182039.6893376 177833.9126938
 183240.4912288 180618.9906626 181229.5197118 182358.4277789
 174869.4016534 185311.4580631 184284.3233316 175125.1999545
 180636.3556173 178430.3771843 178886.7568026 183465.099696
 180332.4180482 174354.0324156 175975.1614044 179908.0860251
 182143.987523  184142.4632921 183475.1104059 184568.6298516
 182252.5906059 179267.0429276 187281.4729137 182892.6616477
 185850.5213949 181438.7356254 178480.4138082 177548.2573749
 180054.4926496 183473.7215571 179885.7501657 182309.3135361
 177681.9543534 180855.5419212 178269.5511651 182300.2383694
 180198.2867652 184087.5169011 178445.2481758 173844.6310357
 185719.929527  185751.746743  178171.5912106 180441.4535649
 179631.0292587 182803.9687953 181366.0723144 178679.9412387
 179228.4130018 181938.7442667 182097.3414923 181308.7868121
 185634.4631112 180269.0231479 181732.3693378 182225.4799275
 184384.6590956 183596.9372481 179004.6382446 179701.9606384
 185200.7312639 179170.2083539 188103.1661247 184142.9635441
 179566.7185055 178852.4734473 179416.0976936 180572.346269 ]
Noised Result
[-1.87800261e+03  2.08173683e+05  2.09173525e+05  2.35583280e+05
  1.99764997e+05 -3.02111905e+05  3.09327659e+04  4.38418637e+05
  2.55076881e+05  1.17508585e+05  4.15113292e+05  4.24517432e+03
 -1.49790780e+05 -1.25782622e+05  1.70213108e+05  3.19496492e+05
  3.20057187e+05  3.31763578e+05  4.36816372e+05  5.97898469e+04
  3.74990825e+05  2.50489782e+05  2.68423884e+05  6.71919020e+04
  3.90074317e+05 -1.02835874e+05  5.07571683e+05  5.95918664e+05
  3.50389968e+05 -9.82940777e+04  3.15789659e+05  1.98453421e+04
  6.09218556e+05  3.74169405e+05  3.69075017e+05  4.30454787e+05
 -4.49430418e+04  2.18122641e+05  4.50522816e+05  1.79754133e+05
  4.31390014e+03  1.63158852e+05  9.31156789e+05  1.54181658e+05
 -1.45641066e+04  1.31747886e+05  3.72976856e+05 -1.14816761e+05
  8.90635289e+04  2.94299652e+05  2.54628134e+05  7.86302135e+05
  5.93035491e+05 -2.09371068e+05  1.71648227e+05  4.23000756e+05
  3.23807243e+05  3.22401026e+05 -1.03109659e+05  6.90089692e+05
 -1.80711749e+05  2.81544526e+05  7.77593967e+03  6.56987982e+05
  5.79016105e+05  4.19877202e+05 -1.05015623e+05  4.61303914e+05
 -1.38178583e+05  4.82495639e+05 -1.99261501e+05 -1.12594222e+05
  3.21787355e+05 -7.19200442e+04  5.20029025e+05  5.70443946e+05
 -3.10132479e+05  9.47853476e+04  4.09292547e+04 -4.01789476e+05
  1.26007974e+05 -9.74889143e+01  3.43631245e+05  2.18808385e+05
  3.59979864e+05 -7.07417800e+04  2.05495542e+05  3.92571782e+05
  3.36813804e+05  6.29802034e+05  1.65290170e+05  5.41300553e+05
  2.83413643e+04  2.15775059e+05  1.63852090e+05  5.53699750e+04
  3.58543571e+05  2.90345570e+05  3.70900159e+05  2.39893697e+05]

The result for the 18th execution is
Time
54.30500531196594
Query Result
[178785.7374442 174557.9006419 181130.7630288 178007.1700508
 178629.3175895 183981.5265132 179508.79962   182054.2632795
 178433.1835237 180642.1173946 178696.3642979 179316.7024019
 181096.2497966 180508.6027005 182030.653957  184468.8014629
 180275.230355  179953.9629626 173598.8735155 182313.2524184
 178368.3961764 178718.5234658 180338.0075024 176499.9877865
 184757.5974145 180573.7660357 177992.5390311 179124.1205403
 180323.0249267 181473.5591624 182039.6893376 177833.9126938
 183240.4912288 180618.9906626 181229.5197118 182358.4277789
 174869.4016534 185311.4580631 184284.3233316 175125.1999545
 180636.3556173 178430.3771843 178886.7568026 183465.099696
 180332.4180482 174354.0324156 175975.1614044 179908.0860251
 182143.987523  184142.4632921 183475.1104059 184568.6298516
 182252.5906059 179267.0429276 187281.4729137 182892.6616477
 185850.5213949 181438.7356254 178480.4138082 177548.2573749
 180054.4926496 183473.7215571 179885.7501657 182309.3135361
 177681.9543534 180855.5419212 178269.5511651 182300.2383694
 180198.2867652 184087.5169011 178445.2481758 173844.6310357
 185719.929527  185751.746743  178171.5912106 180441.4535649
 179631.0292587 182803.9687953 181366.0723144 178679.9412387
 179228.4130018 181938.7442667 182097.3414923 181308.7868121
 185634.4631112 180269.0231479 181732.3693378 182225.4799275
 184384.6590956 183596.9372481 179004.6382446 179701.9606384
 185200.7312639 179170.2083539 188103.1661247 184142.9635441
 179566.7185055 178852.4734473 179416.0976936 180572.346269 ]
Noised Result
[131994.14606996 149444.84573993 161679.7642586  188358.27230803
 155585.87704255 111418.80895148 180916.86489878 264574.45346744
 173320.02320026 209560.07587033 208777.70460242 182500.39228636
 159768.20064413 215432.92781857 210363.02839009 243992.99278716
 124499.17016352 177162.12087176 142893.94795732 219459.5753084
 120667.84975665 172495.03361412 277185.98292164 170726.15271619
 177663.5496043  208377.16536532  65961.26327349 131451.83408827
 225945.85009502 183110.63125549  93315.54135002 168588.64446465
 201145.4933101  252841.65107293 161109.39047035 168949.81168191
 205519.66342025 233344.65425378 264781.63682584 255890.25518899
 264053.22457162 265066.98804325 136416.40766459  72897.824078
 146645.97813357 172833.11228997 205859.28334544 194366.62857829
 159106.70409627 176984.01978898 175166.86706613 238731.69939464
 193437.68559397 184562.56636777 313568.07437499 165598.49312769
 108030.06788787 190832.74530608 325095.44912728 180646.75233112
 208974.74675546 260426.06572589 261592.73178797 199550.3672029
 175950.60151847 136320.85500067 254059.14192391 244062.97688254
 241189.09774111 239583.79953324 194884.80222728 177748.15357031
 221706.88390279 219615.14032306 151268.5038711  123353.45314832
 227734.77714773 190385.361656   215512.23504376 178424.88985941
  96440.91110929 155003.64164289 174367.82291878  99410.31722205
 211965.71867174 154300.47597794 202766.26582364 145216.26251385
 115952.96930254 166977.37483667 161937.5159971  228736.93492984
 197951.77852946 214602.85620868 249584.69134176 147821.29606595
 141987.11898631 255633.74510738 161613.5530409  234991.68082403]

The result for the 19th execution is
Time
54.48147654533386
Query Result
[178785.7374442 174557.9006419 181130.7630288 178007.1700508
 178629.3175895 183981.5265132 179508.79962   182054.2632795
 178433.1835237 180642.1173946 178696.3642979 179316.7024019
 181096.2497966 180508.6027005 182030.653957  184468.8014629
 180275.230355  179953.9629626 173598.8735155 182313.2524184
 178368.3961764 178718.5234658 180338.0075024 176499.9877865
 184757.5974145 180573.7660357 177992.5390311 179124.1205403
 180323.0249267 181473.5591624 182039.6893376 177833.9126938
 183240.4912288 180618.9906626 181229.5197118 182358.4277789
 174869.4016534 185311.4580631 184284.3233316 175125.1999545
 180636.3556173 178430.3771843 178886.7568026 183465.099696
 180332.4180482 174354.0324156 175975.1614044 179908.0860251
 182143.987523  184142.4632921 183475.1104059 184568.6298516
 182252.5906059 179267.0429276 187281.4729137 182892.6616477
 185850.5213949 181438.7356254 178480.4138082 177548.2573749
 180054.4926496 183473.7215571 179885.7501657 182309.3135361
 177681.9543534 180855.5419212 178269.5511651 182300.2383694
 180198.2867652 184087.5169011 178445.2481758 173844.6310357
 185719.929527  185751.746743  178171.5912106 180441.4535649
 179631.0292587 182803.9687953 181366.0723144 178679.9412387
 179228.4130018 181938.7442667 182097.3414923 181308.7868121
 185634.4631112 180269.0231479 181732.3693378 182225.4799275
 184384.6590956 183596.9372481 179004.6382446 179701.9606384
 185200.7312639 179170.2083539 188103.1661247 184142.9635441
 179566.7185055 178852.4734473 179416.0976936 180572.346269 ]
Noised Result
[119960.11362149  67571.59921133 188508.76756637 169917.06563373
 260224.24230123 168475.01148721 222873.7355621  232850.51081207
 245945.72758488 277970.19144629 175471.9506927  212232.36936283
 222639.62134326  91159.01469182 220182.13413173 239345.92970702
 234775.60756232 160633.91600508 245568.4197065  263499.83459464
 192464.82754481 224934.07501761 195644.80747498 203712.06910933
 239313.18877095  60592.31368776 239767.65548312 286088.68074459
 191569.12386684 121633.3942235   59072.14410364 183024.77286431
 168184.72520208 332845.78610342 253028.01603151 189475.96251709
  89052.27625607 -10823.64221017 104697.17179977 102803.28130385
 201029.97008433 233415.35341084 204767.5142002   73008.05479409
  89129.17558626 129217.81280052 172828.92288668 205254.64680107
 254801.65656304 173534.10567306 200017.86606731 191783.03906969
 142919.91730228 130293.48423969 164903.04261973 234866.08915299
 104641.53491662 254118.51607773 111037.94146045 141510.02696126
 299165.25780219  34175.85726792 105573.96717709 122174.36309845
 179311.21395107  81319.05357845 131231.35514391 125749.2631815
 100627.53821856  14375.30812045 247994.3503142  233727.13707933
 122951.68245724  23256.75871224 197758.67381414 198189.39835814
 103352.87643168 103330.1443792  238344.98446579 160859.33597693
 149428.94957892  95471.50095844 198769.82319946 133803.3851457
 195134.87967167 265680.4209552  108264.88536031  99169.93977088
 210269.76717161 279085.02819442 144144.635687   104211.69264261
 230257.94540094 101455.776081   136839.75789212 150844.37127962
 211272.54057305 150361.8307775  235138.56102271 229128.09371101]

