The result for the 0th execution is
Time
2.799100637435913
Query Result
[757. 825. 771. 818. 783. 710. 828. 775. 812. 823. 762. 812. 813. 794.
 772. 769. 816. 712. 771. 794. 752. 814. 716. 762. 784. 756. 750. 726.
 706. 799. 741. 751. 728. 742. 812. 796. 757. 797. 755. 701. 775. 764.
 744. 784. 756. 771. 774. 734. 836. 759.]
Noised Result
[  10931.88910176   34801.11169043 -114779.64545994 -382622.91751019
   61046.06219478   76912.84462095  -52786.93271159 -605816.17211479
 -280648.32736531   30910.23678499  478100.20584913 -183412.100449
  -24175.94905438 -234679.22642764   77154.36290408  217355.21161139
 -135096.63475559  216822.41342312  305468.63763634   99329.71207012
  -26869.35429254  338844.47770314 -170573.42711623  274172.96634243
 -119496.82256118  364768.88057592  -84491.87019753   30600.24315129
 -536533.36907736  196589.91063477 -480886.75031325  152909.76394407
  112438.46982582  543847.63090101  155950.81575339 -149143.08680904
  -73328.78997808  166461.31100421 -269823.74248106   85948.79910885
   72297.38927046 -122610.96078186  -63550.93288027 -223411.09893372
   22847.4803042  -284297.8794604   157722.15291783  -98108.66880462
  -49577.40728832  289243.82285281]

The result for the 1th execution is
Time
5.203147888183594
Query Result
[757. 825. 771. 818. 783. 710. 828. 775. 812. 823. 762. 812. 813. 794.
 772. 769. 816. 712. 771. 794. 752. 814. 716. 762. 784. 756. 750. 726.
 706. 799. 741. 751. 728. 742. 812. 796. 757. 797. 755. 701. 775. 764.
 744. 784. 756. 771. 774. 734. 836. 759.]
Noised Result
[ -953.13292324  -680.15441321 -1255.30914999  1984.38520408
  -747.29729087  2825.55496556  -778.68177656 -2047.61861082
 -1319.60367947   904.72014387  1360.4673094   2873.77019823
 -2632.1074288   3330.82220081   865.21782286  4230.07426919
  3945.47773127  1190.78974216   305.52478636  -866.13655758
 -2064.17401736 -1674.81722971   321.74983302 -2040.6368146
  -882.63693746 -1064.84824057   291.73353187  1350.81152597
 -2122.14840356  1231.27498475  -372.12498347  1203.68272735
  4653.84995333  -112.76068336  6325.4698514     64.70403481
  1576.43030731   436.21304191  2971.86760314  4701.74231918
  3470.37246376  3530.00751609 -1056.16205225  -606.16893794
  1576.47396406 -4614.88461218  -742.52939601  1894.20780874
  -596.94631411 -2414.11450502]

The result for the 2th execution is
Time
5.091249704360962
Query Result
[757. 825. 771. 818. 783. 710. 828. 775. 812. 823. 762. 812. 813. 794.
 772. 769. 816. 712. 771. 794. 752. 814. 716. 762. 784. 756. 750. 726.
 706. 799. 741. 751. 728. 742. 812. 796. 757. 797. 755. 701. 775. 764.
 744. 784. 756. 771. 774. 734. 836. 759.]
Noised Result
[ -298.55434177  1611.52895734 -5139.80616751  -198.91957969
  2430.60853099  1118.94758698  6810.12227003   717.1998948
  1645.9172028  -3689.0977072   3553.51437748  1637.70541652
 -1900.09697976  4038.43239963  3090.41129796  4895.527188
  1464.17344639  -801.27477086 -2748.64509049  4575.79825895
   584.01790155  1410.0974802    244.34315535  1553.69363353
  1129.09440074  2288.62507918 -3140.04589448  3414.34907701
   372.62340119   166.64656511 -3372.80111518  4145.86417188
   829.39237864  2977.32670669  -860.95101621  1822.65403043
 -2722.71208022   455.13506533   624.13051243  1542.10864395
 -1655.98642967  3946.04918174   792.13193033  1732.65898722
  2899.73803316  -904.5450668   3459.0747382   1771.2255846
  -527.81602578  1007.9218356 ]

The result for the 3th execution is
Time
2.8299598693847656
Query Result
[757. 825. 771. 818. 783. 710. 828. 775. 812. 823. 762. 812. 813. 794.
 772. 769. 816. 712. 771. 794. 752. 814. 716. 762. 784. 756. 750. 726.
 706. 799. 741. 751. 728. 742. 812. 796. 757. 797. 755. 701. 775. 764.
 744. 784. 756. 771. 774. 734. 836. 759.]
Noised Result
[  4869.74427996  16463.11003045   6450.25911684  -1561.55287576
  -2481.90773329 -15899.2967996   10118.12843273   1345.29655785
  14864.79304642   -851.9423658    6066.04092039   7275.55767245
   1276.81429036   4728.56695697  12497.05779428  -2325.84580585
 -13112.78527124  -4238.04140208  -2738.33665094  12272.74429932
  -5167.35910455  -4462.93714072   -101.65470095   8966.73676381
   3535.55592594   6855.77876048   1222.60908929  -6666.38283224
  -6559.65926173  12351.92732723  -6786.73746998 -12802.39510206
   4316.35718081   9690.84680289   -551.23821093  -9347.19723069
   7987.26688191  -8429.40482649  -3693.40193033   5927.30670837
   -751.84346188  -2859.03754178  13875.89100754   1266.69462272
  10387.39770676  10437.22657494  -1219.04714456 -11816.62287262
   6854.01672395 -13763.01487667]

The result for the 4th execution is
Time
2.7795026302337646
Query Result
[757. 825. 771. 818. 783. 710. 828. 775. 812. 823. 762. 812. 813. 794.
 772. 769. 816. 712. 771. 794. 752. 814. 716. 762. 784. 756. 750. 726.
 706. 799. 741. 751. 728. 742. 812. 796. 757. 797. 755. 701. 775. 764.
 744. 784. 756. 771. 774. 734. 836. 759.]
Noised Result
[-11773.80448517   3371.46758008  11123.83146262  -6213.59461762
 -12387.27006444   3636.3741314    2877.19842153  -4578.80267457
  -4181.70736035   6072.09759021  10798.49394299    592.88160285
   7166.4575675    3505.23941685    600.07525521  -2544.80727317
   3488.01010195  -7482.47323348   6700.55061686  14543.46768747
  -4645.21061251  -4049.03846265  -2041.41918493  -8096.97057656
   -359.87932322   3399.84570384   7339.98741281   9297.59220808
   6738.93319465  16484.54495011  -4809.42675846   1843.30233564
   8123.44674824   4962.24532243  -5952.75671186  11352.81268119
 -13575.38064982  -3507.91909182   1789.44885502  -4510.14911721
   3494.35829044   8994.08884063    445.77668295   -741.38269811
    199.81598835  -3077.37034701    232.28191093   2295.07382795
   3562.43844616  -9864.99780066]

The result for the 5th execution is
Time
5.700298547744751
Query Result
[757. 825. 771. 818. 783. 710. 828. 775. 812. 823. 762. 812. 813. 794.
 772. 769. 816. 712. 771. 794. 752. 814. 716. 762. 784. 756. 750. 726.
 706. 799. 741. 751. 728. 742. 812. 796. 757. 797. 755. 701. 775. 764.
 744. 784. 756. 771. 774. 734. 836. 759.]
Noised Result
[-2.19623482e+02  3.22913874e+03  1.06262289e+03  3.00383033e+03
 -1.09970661e+03 -2.50332822e+02  2.46192273e+03  6.00098289e+03
  9.74658888e+02 -3.26921276e+03  4.89939232e+02 -7.83629899e+02
  1.23479729e+03  5.73423469e+02  2.29332488e+03  3.26953179e+02
  5.85748780e+02 -1.31262832e+02  2.81462456e+03  5.50038341e+03
 -1.35002280e+03 -4.09210150e+03  1.88751016e+03  1.38726918e+03
 -1.05535015e+03  4.46995122e+03  2.35312019e+03  1.54684370e+03
  1.35950315e+03  1.01914788e+03 -5.53867610e+02  4.67649522e+03
 -1.53820598e+03 -3.20520486e+03 -3.96978006e+03  3.36711662e+03
  7.43246541e-01 -5.55058769e+02  6.46685202e+01  2.94344423e+03
 -1.87124483e+03  3.32368796e+03  1.10961527e+02  1.56297598e+03
 -3.37102723e+02  4.48676236e+02  1.20294365e+03 -4.23335726e+02
 -2.31962219e+03  9.27500561e+02]

The result for the 6th execution is
Time
5.346548318862915
Query Result
[757. 825. 771. 818. 783. 710. 828. 775. 812. 823. 762. 812. 813. 794.
 772. 769. 816. 712. 771. 794. 752. 814. 716. 762. 784. 756. 750. 726.
 706. 799. 741. 751. 728. 742. 812. 796. 757. 797. 755. 701. 775. 764.
 744. 784. 756. 771. 774. 734. 836. 759.]
Noised Result
[ 3371.85550145  6423.12908837 -4716.77402979 -1555.56698199
 -4791.10377873  3247.56949813  3203.64146902  2248.70888674
   347.42515943  1089.30135052  3384.74553586  1053.6099475
  3663.15164739  2398.64607464  -350.72690462  -488.55838398
 -8333.49538226  -937.83730274   980.57958671 -1503.11657945
  1943.85716847  2634.63201756   502.3326956  -1557.81215702
  3522.82474366 -3613.1314377   3778.49478003  1626.04516933
 -3967.50612554   737.33255918  3649.81461838 -5295.06269257
  3595.18025647  4063.97105598  1332.75744027  2504.36854607
  5587.3202245   2989.91119971  3791.64504592  4626.43461486
   947.80461169 -3406.8655953   2442.77236159 -1235.45215146
  2047.58943697  1047.59400847  1418.21345359  2744.22397011
   193.11935479  -642.75962493]

The result for the 7th execution is
Time
3.3871681690216064
Query Result
[757. 825. 771. 818. 783. 710. 828. 775. 812. 823. 762. 812. 813. 794.
 772. 769. 816. 712. 771. 794. 752. 814. 716. 762. 784. 756. 750. 726.
 706. 799. 741. 751. 728. 742. 812. 796. 757. 797. 755. 701. 775. 764.
 744. 784. 756. 771. 774. 734. 836. 759.]
Noised Result
[  2362.27478547   6655.29691965  -2044.5251418   -8506.09829036
   2171.289505     8265.51754734 -10787.25215964    477.15924187
   -603.02469407  -3035.51961746  -2075.6315949   -4628.63659304
  -3161.18707816   6421.07374905   6445.71538832   3719.00141454
   4658.8718294    8695.78105788   1468.5933242    3615.54223694
  -5796.12352807   3400.06905488  -3626.26235584   -440.6416708
  -1675.80479364   -815.94243533  -4228.20146279   2853.49303495
  -1645.54734195  -9676.92988357   2064.30648539   5463.76412063
  -2264.51653562  -1517.9307488   -2157.86058809   2381.98834069
   3730.15690865  -1054.60135127    -85.72254337   -658.48599949
  -3764.78786625   1811.75267162   5462.02939687   3728.92714837
   3900.22374526  -2112.70336353  -1876.00135722   -654.89649826
   -117.90481219   5345.13953945]

The result for the 8th execution is
Time
5.241551876068115
Query Result
[757. 825. 771. 818. 783. 710. 828. 775. 812. 823. 762. 812. 813. 794.
 772. 769. 816. 712. 771. 794. 752. 814. 716. 762. 784. 756. 750. 726.
 706. 799. 741. 751. 728. 742. 812. 796. 757. 797. 755. 701. 775. 764.
 744. 784. 756. 771. 774. 734. 836. 759.]
Noised Result
[ 1661.84997173  4403.56889324  2226.5921775    637.73246585
   661.28184611  -561.80126209  2274.7360405   2991.80841143
 -4073.48163456  9193.45484223  4587.08908757 -4801.14472066
   418.42396468  3281.13051288  2107.67510207  2913.67520346
  2444.28965704 -3941.82151727  1459.15169821  4213.99712504
  4732.32278123  4584.45158759 -6083.14109888  2099.37475342
   779.95447952  1733.74298367  -537.91675661  1962.12619517
  1855.77221336   924.51061412  1137.85042991   262.32739408
  2665.88610659  -520.30958839  4708.39258626  1141.46331486
  5287.71137413  3457.29408442   279.10600702  2603.62584935
   439.86282736  1426.41707124 -3323.38092232  2214.99002122
  1085.83678268 -2195.90273345  2260.40604005   697.66630768
 -6562.59880749  -226.71247294]

The result for the 9th execution is
Time
5.036325693130493
Query Result
[757. 825. 771. 818. 783. 710. 828. 775. 812. 823. 762. 812. 813. 794.
 772. 769. 816. 712. 771. 794. 752. 814. 716. 762. 784. 756. 750. 726.
 706. 799. 741. 751. 728. 742. 812. 796. 757. 797. 755. 701. 775. 764.
 744. 784. 756. 771. 774. 734. 836. 759.]
Noised Result
[  243.04453101 -1434.88061081  4820.25425769  2035.36231754
   837.67409842  5636.06559969  3136.96210292 -1195.56197869
 -1799.53141939   397.37189041  3142.17050189 -2629.98697942
 -2541.5150817    728.00819993  2784.36865406  4494.4398029
  1510.1320931   1536.76504267 -2428.27123325  -118.72223366
  -494.69114613 -4021.24527532  -105.81079624  3848.6929562
  1559.94945526 -2419.82289825 -2296.52006913  2299.17488993
  1310.04908657  2849.51887458  6380.95004635  1322.74931082
  1868.86277763  2630.78925082  2303.55431434 -2909.11542905
 -5854.05336145  1046.9518527    415.0969806   -302.36824495
  1718.72050702 -1063.90463906 -1687.99436575  4170.8558815
   424.20336037 -3779.15512316 -2052.32440045  1724.72701967
  1056.39286684 -7132.76675696]

The result for the 10th execution is
Time
5.102639198303223
Query Result
[757. 825. 771. 818. 783. 710. 828. 775. 812. 823. 762. 812. 813. 794.
 772. 769. 816. 712. 771. 794. 752. 814. 716. 762. 784. 756. 750. 726.
 706. 799. 741. 751. 728. 742. 812. 796. 757. 797. 755. 701. 775. 764.
 744. 784. 756. 771. 774. 734. 836. 759.]
Noised Result
[-1601.42488679 -2695.19948893  4373.48048328  3992.11602514
  4912.43036625  -552.23634664  2063.77302508 -1121.63837842
 -2626.26188984  4001.8578247   1643.33173429  -890.91403023
  2577.27034084  2677.11055734  -946.74721754  4392.59063704
  1971.8178829    278.30349837  2113.04756606  2429.59013369
  -492.2817235  -3244.05299747  -676.26654436  3109.45478642
 -3004.09409449  2822.40763031  3462.33908191  -330.490194
  2793.62649273  1121.57178857  3522.35615395   263.72411831
 -2050.38902409 -1205.15163693   377.55712472  1722.04517142
  2795.88927287  1394.39749124   225.02710246  5398.819825
 -1079.1203095   2993.16314128  -799.95033928  1429.0593553
 -1045.56615947 -1320.80853011  5833.15205943  4575.79320255
  -408.98016517  -250.63264893]

The result for the 11th execution is
Time
5.110411643981934
Query Result
[757. 825. 771. 818. 783. 710. 828. 775. 812. 823. 762. 812. 813. 794.
 772. 769. 816. 712. 771. 794. 752. 814. 716. 762. 784. 756. 750. 726.
 706. 799. 741. 751. 728. 742. 812. 796. 757. 797. 755. 701. 775. 764.
 744. 784. 756. 771. 774. 734. 836. 759.]
Noised Result
[-3825.71660786 -1630.21753447  1601.97461043   133.7426276
   932.76658106  -466.81873319   317.29984658  4196.05801632
  2855.41068307  2514.25657129  -557.02317482  3418.34790083
   256.30696328  1791.23569079  -470.9655899   2033.83731987
  -973.1937169   5546.64588554  3857.16292576 -1323.51368849
  4379.65549482 -4181.30228662 -4481.25726187   922.77478921
  -448.80638731  1488.11783909  5183.46985486   603.08974013
  3341.13134975  1937.31650906 -1444.80645974  1283.64123188
  2480.21117301 -3740.53392883   278.12485056    10.27385822
  1514.41485482 -1978.68109332   260.87976491  2509.7997974
  1432.32290103  5961.59111676 -2339.25149612  2328.16276668
   201.4125418   2879.79696537 -3072.06862666 -6198.65869021
  2063.53924748  3876.68679121]

The result for the 12th execution is
Time
5.162174701690674
Query Result
[757. 825. 771. 818. 783. 710. 828. 775. 812. 823. 762. 812. 813. 794.
 772. 769. 816. 712. 771. 794. 752. 814. 716. 762. 784. 756. 750. 726.
 706. 799. 741. 751. 728. 742. 812. 796. 757. 797. 755. 701. 775. 764.
 744. 784. 756. 771. 774. 734. 836. 759.]
Noised Result
[ 4307.5380511   2809.42971889   421.05599325 -1188.21555823
  2571.21065913 -3077.7475717   7234.05072555  3576.3521231
 -4777.86831378 -6425.59779723   778.69432201   293.73877488
  1252.47039553 -1674.46321587    -9.97626706   896.73823129
 -2437.51373178 -1636.65681634  3040.5863974   -305.3867796
  5146.04385391 -1215.09296456  5642.80372839  2808.65689342
 -1052.07432284 -3065.28379472   900.26995272 -1027.52883632
 -3510.067615   -4879.11077924  3778.47368488  -995.06827322
  4249.69907254  1745.91638524 -3106.23580717   457.27093676
  -614.79792139  4325.30048466  7802.70000583  2865.80793453
  3286.09719288 -2851.81179514 -1360.18900225  1001.03652959
  -932.48304315 -2392.73473144 -3750.27564716  2706.04201218
 -2018.98253427 -6236.2569632 ]

The result for the 13th execution is
Time
5.723753452301025
Query Result
[757. 825. 771. 818. 783. 710. 828. 775. 812. 823. 762. 812. 813. 794.
 772. 769. 816. 712. 771. 794. 752. 814. 716. 762. 784. 756. 750. 726.
 706. 799. 741. 751. 728. 742. 812. 796. 757. 797. 755. 701. 775. 764.
 744. 784. 756. 771. 774. 734. 836. 759.]
Noised Result
[ 2666.08837588  1429.77901559 -3841.91141509  1116.22147101
  1879.03515249  4895.57129994   897.30129063  1144.42717627
 -3448.41241314  2097.64470504  2790.11389616    43.18318808
  4094.23461242  1984.15905643   762.87885381  -196.56200793
  1425.25840903   -13.7820611    991.559207    2864.63701195
  2677.65997552  4439.84892485  1849.11358476 -1374.7248741
   690.95269623  1446.39567639 -3930.5408941   1610.31733798
  1304.56066082 -4006.41103363  5904.94201863   295.40854037
 -1273.34350941   598.2093528    636.69451501  2705.75634978
  2756.9640963   2438.95066935   993.24643644  1187.10993542
  1670.22888654  2465.77332247  4277.17414615  2335.20663984
  1763.53227708  -855.92669747  3042.26588215  1113.30725055
 -3053.81015543  2420.83220103]

The result for the 14th execution is
Time
5.179102182388306
Query Result
[757. 825. 771. 818. 783. 710. 828. 775. 812. 823. 762. 812. 813. 794.
 772. 769. 816. 712. 771. 794. 752. 814. 716. 762. 784. 756. 750. 726.
 706. 799. 741. 751. 728. 742. 812. 796. 757. 797. 755. 701. 775. 764.
 744. 784. 756. 771. 774. 734. 836. 759.]
Noised Result
[ 1747.27077009   348.51400194 -4178.94570037  4618.22959036
  4287.71656031  1409.90238922  -837.92034842 -2905.31710377
  4241.9832199   5350.30055694  3805.69361572 -1023.50181576
  -860.54174373    30.81119811 -1811.32140947  3817.59259074
  1752.24217049  2628.0807386   2306.77239058  2302.80465375
  3431.92256789 -1041.54093233  -893.96176484  1239.5335498
   245.75555403 -1714.69528971  4223.72539833   595.28571189
  -888.05980943  1008.0318824  -1228.45630719   595.66977017
  4499.4948091   1493.26945451  5079.55394794 -3127.00700689
 -2585.21453362  1457.38099122 -2582.64390849   615.19150978
 -1485.46983873  2392.82643282    62.57009256  1079.87241809
  3603.95118163  1624.94293453  2723.59361709  -825.5848369
  5431.05383856   604.96863533]

The result for the 15th execution is
Time
5.170241594314575
Query Result
[757. 825. 771. 818. 783. 710. 828. 775. 812. 823. 762. 812. 813. 794.
 772. 769. 816. 712. 771. 794. 752. 814. 716. 762. 784. 756. 750. 726.
 706. 799. 741. 751. 728. 742. 812. 796. 757. 797. 755. 701. 775. 764.
 744. 784. 756. 771. 774. 734. 836. 759.]
Noised Result
[-6.78021408e+02 -1.32222252e+03  5.10392603e+02  6.22328042e+02
  4.55684779e+03 -1.72035245e+02 -1.86354398e+03  3.50653936e+03
  1.47228844e+01 -2.24110554e+02 -8.28844208e+02 -3.38319698e+03
 -7.64888355e+01  5.05546870e+03  2.30149899e+03 -1.09405252e+03
 -3.15185340e+02  4.00899228e+03 -1.51679802e+03 -1.83049298e+03
 -6.49041989e+03  1.05635122e+03  3.11624933e+03  5.62233618e+03
 -1.89802013e+03 -1.26804419e+03  3.42053096e+03  2.40605118e+03
  1.56874052e+03 -4.05149452e+03  2.46215576e+02  2.96933178e+02
 -2.18957210e+00  1.09335179e+03 -1.00304758e+03  2.03494094e+03
  1.07970039e+03  1.82525441e+03 -1.36564059e+03 -2.10096193e+03
  3.43239453e+03 -1.92062120e+03 -3.81374640e+02  5.93902630e+03
  3.22295730e+03 -3.57316125e+01  8.56966599e+02 -2.42654734e+03
  3.65306354e+03 -2.27774940e+03]

The result for the 16th execution is
Time
5.610797882080078
Query Result
[757. 825. 771. 818. 783. 710. 828. 775. 812. 823. 762. 812. 813. 794.
 772. 769. 816. 712. 771. 794. 752. 814. 716. 762. 784. 756. 750. 726.
 706. 799. 741. 751. 728. 742. 812. 796. 757. 797. 755. 701. 775. 764.
 744. 784. 756. 771. 774. 734. 836. 759.]
Noised Result
[  673.68167059   762.81159047 -2511.5850212  -1635.69837651
  -206.4733948   -312.44208886  -201.66394321 -1221.81229315
   199.32911864  6312.75384507   818.55160057 -3486.53581857
  2016.86578515  2298.14788121 -1196.51445695  -907.9561109
  3389.13869628  2268.03559692   902.30465625  1012.03801507
   226.97689538  2142.79293953  -124.13794984  -380.17254648
  3221.35650075  1959.1501576  -4032.99619279  1720.78851066
   391.19330274  -645.8390338   2987.33415153  6152.00950433
   399.53979007  -445.52504174  1730.77286576  1217.26746464
  3396.50211037  3267.67987413  2324.31107126  2572.09462007
    88.57167574  6561.02088421 -1043.70701549 -1544.97440993
 -1623.48574033  2684.97804528  1886.16181698 -3079.45002047
    71.42392039  2496.95621426]

The result for the 17th execution is
Time
5.757857084274292
Query Result
[757. 825. 771. 818. 783. 710. 828. 775. 812. 823. 762. 812. 813. 794.
 772. 769. 816. 712. 771. 794. 752. 814. 716. 762. 784. 756. 750. 726.
 706. 799. 741. 751. 728. 742. 812. 796. 757. 797. 755. 701. 775. 764.
 744. 784. 756. 771. 774. 734. 836. 759.]
Noised Result
[-2163.76523513 -3569.19683113  -646.51963236  5412.32821992
  7082.52331892  1053.97809288   103.50228468  1574.867045
   516.57403725  -456.16392476 -2693.5687594  -3084.77255619
  1369.98326005   204.63002921 -3405.35218721  1415.05557231
  1413.75991243   655.45123104   947.67283305  5731.33183798
  -398.18298792  2988.51456182  5304.28469842   515.44440684
  6114.14108745  2755.66066921  2914.88046143  3659.47920313
  -920.33518539   959.19707429  3385.30834468  2858.25979239
  2582.8870819   2501.91910296  4407.0193908  -2879.16359017
   613.13544546  2317.93960291 -1825.27522277   -63.13869273
  1573.59251534  2834.90094084  1449.73699322  1538.0885752
  -855.80039493  2251.6974793   6653.48478324  3087.36776919
 -3827.36501587  3089.17709195]

The result for the 18th execution is
Time
2.8681840896606445
Query Result
[757. 825. 771. 818. 783. 710. 828. 775. 812. 823. 762. 812. 813. 794.
 772. 769. 816. 712. 771. 794. 752. 814. 716. 762. 784. 756. 750. 726.
 706. 799. 741. 751. 728. 742. 812. 796. 757. 797. 755. 701. 775. 764.
 744. 784. 756. 771. 774. 734. 836. 759.]
Noised Result
[ 7252.98592475   756.48831967  1929.80111198 -2733.41318683
  9317.45171049  1879.55703004   450.40269577  7368.89963564
  7763.42316543  4207.63538261 -3997.26310324 -4330.88937792
  5534.0284219   -124.20595747 -2269.77007902  7374.34340929
   906.35479933  1128.012599    2292.16461323  6394.21271132
  6207.29342669  2528.74301249 -1987.58735248  -532.40913839
 -2871.98856482  2711.55031354  4255.33169185  2365.25164204
   271.40167188  -396.83152168  1190.97875973 13071.37113756
 -1560.33739068  -865.24898144 -4679.95238984 -2680.1975824
 -2217.69425396  2719.66396684   904.67510342  6259.3244038
  4395.50184293 -1516.21845285 12440.78495343  4665.28905401
  3438.61310649   980.12348251   862.51367418 12603.57640136
  8018.6540592  -1531.13457165]

The result for the 19th execution is
Time
5.311600923538208
Query Result
[757. 825. 771. 818. 783. 710. 828. 775. 812. 823. 762. 812. 813. 794.
 772. 769. 816. 712. 771. 794. 752. 814. 716. 762. 784. 756. 750. 726.
 706. 799. 741. 751. 728. 742. 812. 796. 757. 797. 755. 701. 775. 764.
 744. 784. 756. 771. 774. 734. 836. 759.]
Noised Result
[-2417.98892156  4414.85989107  1726.13935805   -77.04433957
  1241.72047676 -9138.34289422 -1017.58217144 -1463.25193135
   662.70415438  1666.75504502 -3558.4158599  -4522.65677589
    23.34510406  4920.01543075   680.4027753   1515.70652892
  3146.01679565  -820.70276594 -1109.77318325  4564.75959592
 -2735.86258914  2625.96233625  -690.76019069  -647.80008996
  3087.67220392  6214.03306128  3538.90318461   567.81892916
 -2712.21465661  -915.01432287  2013.40850789  2631.09091064
  1934.25796572 -2931.01474308  3176.16448162    42.19959288
  1223.62602305  2610.49310863  8114.44834502  -353.71025464
  4049.40621004  -889.34708724  -302.70147174  1404.49880636
   105.03420162  -653.24992215  3333.2864604  -2243.85231757
 -2952.65278812  3423.72070354]

