The result for the 0th execution is
Query Result
[12126.0, 12188.0, 12507.0, 12546.0, 12147.0, 12183.0, 12190.0, 12235.0, 12357.0, 12444.0, 12359.0, 12468.0, 12625.0, 12376.0, 12578.0, 12752.0, 12775.0, 12270.0, 12535.0, 12143.0, 12635.0, 12875.0, 12367.0, 12433.0, 12459.0, 12839.0, 12250.0, 12591.0, 12321.0, 12304.0, 12376.0, 12318.0, 12395.0, 11879.0, 12293.0, 12324.0, 12317.0, 12130.0, 12369.0, 12258.0, 12518.0, 12762.0, 12048.0, 12156.0, 12427.0, 12368.0, 12553.0, 12010.0, 12333.0, 12225.0]
Noised Result
[5467.535501584518, 4213.686673027876, 5121.719912923439, 7026.567012854863, 6116.099288261514, 5880.40813251859, 5656.246200499547, 5551.7305492498535, 5568.080842900292, 5801.745616910684, 5548.792249709916, 5619.106945758174, 5563.829338071825, 5010.064585536644, 6392.384385259031, 5918.6983272741945, 5972.286679754708, 5964.52517290889, 5718.742215215561, 5346.153733276296, 5168.442876785298, 4968.697849798698, 5463.490000524256, 5898.558135200096, 5666.900198984258, 6117.901671928698, 5662.783556491871, 5835.042637216886, 6408.5939613882765, 5793.438664738389, 5503.696794440833, 5532.079113543364, 5333.947206389713, 5226.561025072349, 5855.341362808866, 5086.697022918761, 6339.233721687488, 4695.573921705408, 5737.406109917247, 6207.054268739872, 5622.0069231151865, 6037.051883477925, 5041.656951313564, 5651.203607134373, 5338.71208395161, 6237.952726929738, 5939.020553500606, 5606.744781581198, 5588.4864128444915, 6114.566796481624]
Time
10.272273063659668
The result for the 1th execution is
Query Result
[12126.0, 12188.0, 12507.0, 12546.0, 12147.0, 12183.0, 12190.0, 12235.0, 12357.0, 12444.0, 12359.0, 12468.0, 12625.0, 12376.0, 12578.0, 12752.0, 12775.0, 12270.0, 12535.0, 12143.0, 12635.0, 12875.0, 12367.0, 12433.0, 12459.0, 12839.0, 12250.0, 12591.0, 12321.0, 12304.0, 12376.0, 12318.0, 12395.0, 11879.0, 12293.0, 12324.0, 12317.0, 12130.0, 12369.0, 12258.0, 12518.0, 12762.0, 12048.0, 12156.0, 12427.0, 12368.0, 12553.0, 12010.0, 12333.0, 12225.0]
Noised Result
[4734.006605446137, 6089.9433084238535, 6369.611153277357, 6183.458195492469, 5193.629205948449, 5514.081247678754, 5851.856088491753, 5566.783904720043, 5023.985478641609, 5208.998729995494, 5772.210975247044, 5568.32009320637, 5637.622361270447, 5589.894301030694, 7049.015833432821, 5571.625126866055, 4752.516578394183, 6583.453375842976, 3801.6665710755933, 5523.343436954239, 5888.920219134474, 6906.032208606282, 5814.591565331919, 4570.247179979428, 5966.837697130275, 5470.941061330551, 5209.3474385293175, 5567.581274577999, 6983.472088324923, 4286.659615826377, 5685.327061567972, 6287.654666067937, 5882.654495383908, 5979.135318297402, 5062.899293854677, 5258.634278758421, 6045.361453527691, 5685.423530151589, 5780.874105197449, 5693.294761149844, 6083.653182923183, 6584.924287725016, 5161.621528806953, 5672.7881125454105, 6205.194829206488, 7001.542669245779, 7541.612128315121, 4702.471803608697, 5928.908433434983, 4944.131330691363]
Time
10.14028286933899
The result for the 2th execution is
Query Result
[12126.0, 12188.0, 12507.0, 12546.0, 12147.0, 12183.0, 12190.0, 12235.0, 12357.0, 12444.0, 12359.0, 12468.0, 12625.0, 12376.0, 12578.0, 12752.0, 12775.0, 12270.0, 12535.0, 12143.0, 12635.0, 12875.0, 12367.0, 12433.0, 12459.0, 12839.0, 12250.0, 12591.0, 12321.0, 12304.0, 12376.0, 12318.0, 12395.0, 11879.0, 12293.0, 12324.0, 12317.0, 12130.0, 12369.0, 12258.0, 12518.0, 12762.0, 12048.0, 12156.0, 12427.0, 12368.0, 12553.0, 12010.0, 12333.0, 12225.0]
Noised Result
[5055.28128523405, 5410.236416981349, 6225.215016275102, 6523.9235212534295, 5503.0169462998665, 5351.354857123426, 5507.088601153677, 6097.761884313968, 4474.624043192116, 5830.007087330046, 7088.498680648641, 6039.195174565015, 5786.553149290207, 6669.068049633204, 6324.064111645156, 5948.33872191607, 6406.548886562668, 5614.691197048491, 6094.230246548866, 5601.340618419334, 6376.027340981842, 6071.339202347191, 6632.156190771813, 5112.19689062135, 5935.341978215196, 5843.0214509531, 6709.6296065152455, 7021.2605710682765, 4796.6046229330805, 5031.807248686076, 5184.383021792909, 6436.487114579192, 5897.026579283009, 5589.117363847158, 5275.456253058622, 7690.902077304537, 5058.551000237167, 5080.261357524915, 5210.931322064221, 5860.313041481449, 6387.812790846028, 5747.119283271065, 4850.858818593085, 5190.286472917618, 5592.518275124695, 7140.179934585408, 5428.228419575314, 5223.042251476823, 6925.362492588943, 5237.813007802056]
Time
10.292128086090088
The result for the 3th execution is
Query Result
[12126.0, 12188.0, 12507.0, 12546.0, 12147.0, 12183.0, 12190.0, 12235.0, 12357.0, 12444.0, 12359.0, 12468.0, 12625.0, 12376.0, 12578.0, 12752.0, 12775.0, 12270.0, 12535.0, 12143.0, 12635.0, 12875.0, 12367.0, 12433.0, 12459.0, 12839.0, 12250.0, 12591.0, 12321.0, 12304.0, 12376.0, 12318.0, 12395.0, 11879.0, 12293.0, 12324.0, 12317.0, 12130.0, 12369.0, 12258.0, 12518.0, 12762.0, 12048.0, 12156.0, 12427.0, 12368.0, 12553.0, 12010.0, 12333.0, 12225.0]
Noised Result
[5797.781164192022, 5506.962786836517, 5186.301188233828, 5819.173819069104, 5635.732822835631, 5520.65183095682, 5385.996573149462, 5427.787611746747, 5974.3631038237245, 5282.344073612578, 5821.726502169899, 7197.471943026374, 5737.072794987871, 6550.79551309622, 5011.099618549054, 6465.096405261433, 5609.987502417258, 6485.865402383536, 6091.958333059494, 4482.89285439822, 7158.020358182901, 5855.320016365393, 6424.354384472277, 4703.283429016031, 5550.185057066452, 6125.956651318044, 5578.918469799761, 5984.0487793456705, 5845.100496109184, 4709.842738507162, 5646.759022510714, 5150.153216655167, 5275.862536892329, 6405.004595345457, 5598.244199429424, 5969.0684637916365, 5361.012140659679, 4929.788630958885, 5742.998020631945, 5028.01906734741, 5471.450695142406, 5865.350112204089, 4455.118446176478, 6624.848052718634, 5896.583095938042, 6245.813624658617, 4534.752658678864, 5412.608355961836, 5963.652498231155, 5799.808953046192]
Time
10.322892904281616
The result for the 4th execution is
Query Result
[12126.0, 12188.0, 12507.0, 12546.0, 12147.0, 12183.0, 12190.0, 12235.0, 12357.0, 12444.0, 12359.0, 12468.0, 12625.0, 12376.0, 12578.0, 12752.0, 12775.0, 12270.0, 12535.0, 12143.0, 12635.0, 12875.0, 12367.0, 12433.0, 12459.0, 12839.0, 12250.0, 12591.0, 12321.0, 12304.0, 12376.0, 12318.0, 12395.0, 11879.0, 12293.0, 12324.0, 12317.0, 12130.0, 12369.0, 12258.0, 12518.0, 12762.0, 12048.0, 12156.0, 12427.0, 12368.0, 12553.0, 12010.0, 12333.0, 12225.0]
Noised Result
[4848.371365183479, 5435.707012504059, 7571.484985034326, 4727.02113388647, 5855.031313529518, 5832.590421459119, 5224.167334268511, 6050.154957180597, 5498.6721928546995, 6282.52715517931, 5741.294406148367, 5949.320410948975, 5337.929986887982, 4777.666956619393, 6174.753776511807, 5848.044308260306, 5494.766997289706, 4472.2309550464615, 7083.237935325202, 5332.63792601538, 5794.529585420101, 5058.624040410875, 5562.038157685089, 6858.101748782659, 6667.432841227126, 6001.778526184307, 6197.286475291693, 5356.528939704748, 6100.156611582395, 5779.092779510719, 6639.830150770382, 4882.337130578752, 5906.668904806716, 5768.5583739567555, 6629.1635016155105, 5301.5109640181945, 5777.116100606501, 5271.469610754366, 5723.634139519938, 5557.53354730577, 5782.165898426552, 6555.800526733263, 5394.618398891582, 4705.818567961394, 5715.621882014457, 5314.916124888298, 5453.299622481141, 6031.153321202269, 5937.674900372662, 5298.305527969626]
Time
10.222800493240356
The result for the 5th execution is
Query Result
[12126.0, 12188.0, 12507.0, 12546.0, 12147.0, 12183.0, 12190.0, 12235.0, 12357.0, 12444.0, 12359.0, 12468.0, 12625.0, 12376.0, 12578.0, 12752.0, 12775.0, 12270.0, 12535.0, 12143.0, 12635.0, 12875.0, 12367.0, 12433.0, 12459.0, 12839.0, 12250.0, 12591.0, 12321.0, 12304.0, 12376.0, 12318.0, 12395.0, 11879.0, 12293.0, 12324.0, 12317.0, 12130.0, 12369.0, 12258.0, 12518.0, 12762.0, 12048.0, 12156.0, 12427.0, 12368.0, 12553.0, 12010.0, 12333.0, 12225.0]
Noised Result
[6436.377363647526, 5275.372045157948, 6145.732394860589, 6776.594613644253, 5486.509297710682, 5532.956269598673, 5824.550419180983, 5379.29698027806, 6035.589483471069, 4868.341521100718, 6615.335883308579, 5594.22807362879, 5955.923190980425, 5668.50952274195, 5862.555834517318, 6116.022149534259, 5836.709179762096, 6387.7165109059, 6686.624592135465, 6924.693964855508, 5797.7473771514215, 6072.523122104529, 5108.122408682428, 6353.825489490929, 5549.9422138249065, 6440.126064233145, 5226.273162535515, 6338.720456092993, 5933.997644735722, 5919.848388606453, 6238.470276909612, 4668.7478979397565, 5461.621670056955, 7104.110510600003, 4851.081686395577, 5914.960228688649, 5850.523184497013, 4856.197926307093, 6053.820850206192, 5554.921468665421, 7601.7893486753655, 5817.9377350092545, 5688.815885407338, 8361.692103430527, 5771.675953702939, 6691.180469603742, 5493.546917326624, 5114.180477302283, 5810.920207812973, 6147.55791203562]
Time
10.245435237884521
The result for the 6th execution is
Query Result
[12126.0, 12188.0, 12507.0, 12546.0, 12147.0, 12183.0, 12190.0, 12235.0, 12357.0, 12444.0, 12359.0, 12468.0, 12625.0, 12376.0, 12578.0, 12752.0, 12775.0, 12270.0, 12535.0, 12143.0, 12635.0, 12875.0, 12367.0, 12433.0, 12459.0, 12839.0, 12250.0, 12591.0, 12321.0, 12304.0, 12376.0, 12318.0, 12395.0, 11879.0, 12293.0, 12324.0, 12317.0, 12130.0, 12369.0, 12258.0, 12518.0, 12762.0, 12048.0, 12156.0, 12427.0, 12368.0, 12553.0, 12010.0, 12333.0, 12225.0]
Noised Result
[4742.146022131158, 5559.566400291181, 5700.407560567834, 5706.749551717627, 5527.298411053735, 5638.404720347459, 6080.5875500992315, 5608.469396638928, 5436.033168526854, 4778.218018202816, 5864.142081774538, 5609.583586561281, 6580.117536464581, 6531.904200705134, 5659.012693327346, 5944.431898288053, 5104.554800537703, 5678.282507802879, 6097.467946379274, 5366.354023953478, 8211.945031786927, 5671.636107956276, 5695.936058332828, 5573.3341093628915, 5767.6696576575905, 5681.550775031025, 5331.4496289947, 4677.851448667136, 7304.850126116951, 5964.733577435682, 5713.112167927104, 5225.280355010526, 4313.7077375045665, 4762.816861840626, 5634.83477928275, 5691.650659017156, 5852.664587418047, 5004.894277089439, 7426.245415307995, 5911.532618303276, 5385.087590212696, 5868.964188515162, 5197.400833900459, 6091.9160126104525, 6176.839413910536, 6111.03329578374, 5538.189205917824, 5621.756194942813, 5722.9631556845725, 5934.867035073152]
Time
10.364283323287964
The result for the 7th execution is
Query Result
[12126.0, 12188.0, 12507.0, 12546.0, 12147.0, 12183.0, 12190.0, 12235.0, 12357.0, 12444.0, 12359.0, 12468.0, 12625.0, 12376.0, 12578.0, 12752.0, 12775.0, 12270.0, 12535.0, 12143.0, 12635.0, 12875.0, 12367.0, 12433.0, 12459.0, 12839.0, 12250.0, 12591.0, 12321.0, 12304.0, 12376.0, 12318.0, 12395.0, 11879.0, 12293.0, 12324.0, 12317.0, 12130.0, 12369.0, 12258.0, 12518.0, 12762.0, 12048.0, 12156.0, 12427.0, 12368.0, 12553.0, 12010.0, 12333.0, 12225.0]
Noised Result
[4877.668715344205, 5651.036815075347, 5172.662520870422, 5827.185137161553, 4735.590203531882, 5009.027021584632, 6029.991548285746, 5415.544982165364, 4774.514933386275, 5209.6207361420875, 7373.645313127241, 5797.242745607934, 5416.631379207965, 5831.727269161598, 6087.258885639098, 6174.427169222171, 4036.8483290432678, 5015.867342267989, 6279.910841812034, 7079.515448003669, 6220.8368691212745, 7091.451999815925, 5885.821852017712, 5736.228205739723, 5562.47374517797, 5509.3333240319935, 4404.431331357217, 6812.541229424621, 7940.812137318882, 5661.388139205507, 6125.660262653549, 5634.0791258174595, 5705.817716529407, 5299.376779543667, 5595.55304225004, 5583.051022118129, 5913.2605503253835, 6033.917619524461, 4153.227620948142, 6191.270949719902, 5545.614910604478, 5984.138585394, 5465.6184402830095, 5987.358533184647, 5662.879670274226, 6056.149979107486, 5824.1521766626265, 5461.944527358371, 5372.4660687308515, 5707.453913014121]
Time
10.344650983810425
The result for the 8th execution is
Query Result
[12126.0, 12188.0, 12507.0, 12546.0, 12147.0, 12183.0, 12190.0, 12235.0, 12357.0, 12444.0, 12359.0, 12468.0, 12625.0, 12376.0, 12578.0, 12752.0, 12775.0, 12270.0, 12535.0, 12143.0, 12635.0, 12875.0, 12367.0, 12433.0, 12459.0, 12839.0, 12250.0, 12591.0, 12321.0, 12304.0, 12376.0, 12318.0, 12395.0, 11879.0, 12293.0, 12324.0, 12317.0, 12130.0, 12369.0, 12258.0, 12518.0, 12762.0, 12048.0, 12156.0, 12427.0, 12368.0, 12553.0, 12010.0, 12333.0, 12225.0]
Noised Result
[6048.372209742271, 6933.292424190662, 5573.40676458305, 7598.5517342735675, 6690.193978551611, 5619.152452213593, 7039.682382394514, 5838.706248120441, 4087.682772824919, 5653.743031771986, 5519.912615346295, 5487.984276491473, 6969.911442289209, 5798.0522294171715, 5279.150262679775, 5270.3228301974, 6217.889241366231, 5646.213133611197, 6147.483565264424, 5208.22694709532, 6161.3199382793055, 5926.522052366615, 5529.58632234115, 6826.678650857559, 5760.054697416802, 6124.487482850265, 5524.577985455553, 8745.06341366404, 4818.025496927206, 5464.380247403786, 11193.790832165905, 5499.094605183162, 5994.246867089656, 5362.253612924622, 5463.1395255950865, 5639.409363982215, 4808.353398275793, 4927.077993780675, 5802.859190426221, 5952.91403907413, 5712.762313113091, 5775.073964313282, 5435.741438471941, 6073.531641787145, 6165.324964390586, 5651.454766236016, 5430.581470325993, 5090.363573888109, 5355.705877983071, 6163.436044471667]
Time
10.203409433364868
The result for the 9th execution is
Query Result
[12126.0, 12188.0, 12507.0, 12546.0, 12147.0, 12183.0, 12190.0, 12235.0, 12357.0, 12444.0, 12359.0, 12468.0, 12625.0, 12376.0, 12578.0, 12752.0, 12775.0, 12270.0, 12535.0, 12143.0, 12635.0, 12875.0, 12367.0, 12433.0, 12459.0, 12839.0, 12250.0, 12591.0, 12321.0, 12304.0, 12376.0, 12318.0, 12395.0, 11879.0, 12293.0, 12324.0, 12317.0, 12130.0, 12369.0, 12258.0, 12518.0, 12762.0, 12048.0, 12156.0, 12427.0, 12368.0, 12553.0, 12010.0, 12333.0, 12225.0]
Noised Result
[5752.764605701811, 5427.740201432465, 5742.314715055692, 6589.41939640471, 4580.947630174463, 5374.653215496899, 7309.300724991087, 5345.382978681541, 5384.089026041525, 5686.031912704106, 5601.638763723654, 5652.296982140117, 5566.3978366120955, 4723.950722835426, 6596.764574307731, 7869.138734704597, 6539.598156422486, 4214.668377147049, 6027.57086390019, 5606.817595979076, 5830.7892340695935, 6540.068378636919, 5968.850477794682, 5776.754766226961, 6019.257798630886, 5618.9522473153975, 4592.726649140723, 6283.386451471545, 5645.778545147064, 5466.808841459945, 5877.232703574311, 5551.014549197538, 5514.122819299706, 5266.687561745746, 4718.854524729943, 6850.84779277216, 6247.465298144703, 6099.363547082985, 5637.122935441843, 5202.127485829526, 5947.964266518131, 5970.673919884993, 5543.712309176828, 5486.371922457519, 5443.566235921573, 4837.076135192218, 7414.922483035154, 4802.8753800840195, 4887.503657888297, 5289.1039936778925]
Time
10.352707624435425
The result for the 10th execution is
Query Result
[12126.0, 12188.0, 12507.0, 12546.0, 12147.0, 12183.0, 12190.0, 12235.0, 12357.0, 12444.0, 12359.0, 12468.0, 12625.0, 12376.0, 12578.0, 12752.0, 12775.0, 12270.0, 12535.0, 12143.0, 12635.0, 12875.0, 12367.0, 12433.0, 12459.0, 12839.0, 12250.0, 12591.0, 12321.0, 12304.0, 12376.0, 12318.0, 12395.0, 11879.0, 12293.0, 12324.0, 12317.0, 12130.0, 12369.0, 12258.0, 12518.0, 12762.0, 12048.0, 12156.0, 12427.0, 12368.0, 12553.0, 12010.0, 12333.0, 12225.0]
Noised Result
[5180.371058103226, 6437.874656712804, 6101.368473506235, 5883.786356435354, 4136.198255942527, 4697.199428736495, 6998.445306626865, 5895.020319213245, 5794.122020780516, 5676.235705026458, 4964.3815767282995, 5911.076211658728, 5926.566731872817, 5403.963306934804, 6432.107564172793, 6570.437711459006, 6129.172806636004, 5809.848297248043, 5572.321110742927, 6833.070589450757, 6322.333515901568, 5943.896492122066, 5068.94506523834, 5810.871897432562, 5067.565857616068, 6116.808306528551, 6218.613309748416, 6269.370056667565, 5318.453552299704, 5725.7781511813055, 7182.959677446545, 6120.06989090164, 5570.720734762883, 5706.85889805964, 5169.050581148783, 5952.827158476861, 5634.303346321318, 7004.280798509175, 5524.264339801999, 5594.546752076726, 6837.830236801354, 4834.349945618256, 7018.9485251113965, 5614.291894257025, 5347.446535628268, 5694.306669497932, 6008.526011932918, 5377.357441210881, 5663.583341367644, 5729.991213702082]
Time
10.259375095367432
The result for the 11th execution is
Query Result
[12126.0, 12188.0, 12507.0, 12546.0, 12147.0, 12183.0, 12190.0, 12235.0, 12357.0, 12444.0, 12359.0, 12468.0, 12625.0, 12376.0, 12578.0, 12752.0, 12775.0, 12270.0, 12535.0, 12143.0, 12635.0, 12875.0, 12367.0, 12433.0, 12459.0, 12839.0, 12250.0, 12591.0, 12321.0, 12304.0, 12376.0, 12318.0, 12395.0, 11879.0, 12293.0, 12324.0, 12317.0, 12130.0, 12369.0, 12258.0, 12518.0, 12762.0, 12048.0, 12156.0, 12427.0, 12368.0, 12553.0, 12010.0, 12333.0, 12225.0]
Noised Result
[5643.017567612904, 5767.633393993991, 5725.638489363909, 6549.642806081418, 5490.344172211523, 5286.547862091688, 5649.282545599523, 5733.156951749997, 5638.042438102894, 7151.396441538848, 6256.641230533976, 6669.1442148293245, 5616.9835438251175, 5536.392642939065, 5634.930678056937, 6456.402774082699, 5869.1899425877, 4210.21048467415, 6794.78995819968, 6991.560255360371, 5441.277922893808, 6136.004462596016, 5407.480771440993, 5787.381799267352, 8281.002338627612, 6031.587919389527, 6480.275188861773, 5150.69329805253, 6319.637840123125, 5402.625630855168, 5810.047585797909, 5149.290840090169, 4597.419120640394, 5675.6956434870335, 5630.007381008134, 5777.799658162351, 5953.466998896876, 4875.504863869747, 5136.56120335919, 5717.0087192147785, 5856.127422607697, 7362.958883455856, 4744.782037354954, 5348.506148770862, 5753.401640437854, 5360.824770463018, 5891.479344945083, 5780.077696072127, 5676.418094101142, 5770.68092013649]
Time
10.417415142059326
The result for the 12th execution is
Query Result
[12126.0, 12188.0, 12507.0, 12546.0, 12147.0, 12183.0, 12190.0, 12235.0, 12357.0, 12444.0, 12359.0, 12468.0, 12625.0, 12376.0, 12578.0, 12752.0, 12775.0, 12270.0, 12535.0, 12143.0, 12635.0, 12875.0, 12367.0, 12433.0, 12459.0, 12839.0, 12250.0, 12591.0, 12321.0, 12304.0, 12376.0, 12318.0, 12395.0, 11879.0, 12293.0, 12324.0, 12317.0, 12130.0, 12369.0, 12258.0, 12518.0, 12762.0, 12048.0, 12156.0, 12427.0, 12368.0, 12553.0, 12010.0, 12333.0, 12225.0]
Noised Result
[6570.188813365254, 5808.462397765442, 5491.405037768018, 5946.192427233052, 4599.322676231361, 5497.863817309677, 5247.691265995049, 5684.153427664441, 5568.889487970305, 5773.025253940466, 6067.49670621654, 7423.63348409867, 5467.295685728093, 5441.879829735247, 5968.936335258244, 6896.2611450719605, 5749.456754348123, 6437.195246445255, 5900.314998183909, 5232.304799347765, 5989.830570572662, 5424.523234736525, 6001.89203867847, 6471.172472130429, 6023.56425358753, 5324.911744919623, 5474.256638788314, 6985.142897664538, 5836.11287438667, 5917.551941542136, 5450.5351742278535, 5141.512956853787, 5357.840147709227, 4850.73985979134, 5339.495892198143, 5979.280097666677, 5594.064084758991, 4069.3396775184665, 6052.0075522386505, 5637.604471876645, 5784.441284400173, 5404.056856291671, 5696.024943420556, 4156.0056636781555, 5448.182232263077, 4462.178783909204, 5893.261180712776, 4875.692183257402, 5820.052969764748, 6803.579826851159]
Time
10.35387396812439
The result for the 13th execution is
Query Result
[12126.0, 12188.0, 12507.0, 12546.0, 12147.0, 12183.0, 12190.0, 12235.0, 12357.0, 12444.0, 12359.0, 12468.0, 12625.0, 12376.0, 12578.0, 12752.0, 12775.0, 12270.0, 12535.0, 12143.0, 12635.0, 12875.0, 12367.0, 12433.0, 12459.0, 12839.0, 12250.0, 12591.0, 12321.0, 12304.0, 12376.0, 12318.0, 12395.0, 11879.0, 12293.0, 12324.0, 12317.0, 12130.0, 12369.0, 12258.0, 12518.0, 12762.0, 12048.0, 12156.0, 12427.0, 12368.0, 12553.0, 12010.0, 12333.0, 12225.0]
Noised Result
[5572.080687088665, 5168.200067918584, 5530.072484749199, 5191.729958264746, 5374.2000148662155, 5358.367764976198, 6038.129450305006, 5537.331564283679, 5777.837745361494, 5361.516410524635, 6664.765044851389, 5657.113260840148, 5888.0354789817375, 5665.837957546166, 5870.691443862692, 5540.1673417362335, 5181.877298061389, 6040.623403652544, 7062.398604829998, 5537.9766708228635, 5800.421304905734, 6338.819110877463, 5438.361510745961, 5930.550842323534, 6297.206163168556, 6695.943852028519, 5849.31591661794, 5154.890554411845, 5719.72077114274, 7536.09401523307, 6037.518219336284, 5555.536091037075, 5223.417118509006, 5798.551180849083, 5430.443235012201, 4779.32118808842, 5242.997611741555, 7804.591551121846, 5494.8953882195965, 5819.788983212737, 5949.82700049762, 5726.588991158913, 5820.683809855585, 6017.601890960132, 4218.8222954785115, 5743.462002666967, 5880.88328331465, 5830.1782280024245, 4836.817088006066, 5628.760362509689]
Time
10.444284915924072
The result for the 14th execution is
Query Result
[12126.0, 12188.0, 12507.0, 12546.0, 12147.0, 12183.0, 12190.0, 12235.0, 12357.0, 12444.0, 12359.0, 12468.0, 12625.0, 12376.0, 12578.0, 12752.0, 12775.0, 12270.0, 12535.0, 12143.0, 12635.0, 12875.0, 12367.0, 12433.0, 12459.0, 12839.0, 12250.0, 12591.0, 12321.0, 12304.0, 12376.0, 12318.0, 12395.0, 11879.0, 12293.0, 12324.0, 12317.0, 12130.0, 12369.0, 12258.0, 12518.0, 12762.0, 12048.0, 12156.0, 12427.0, 12368.0, 12553.0, 12010.0, 12333.0, 12225.0]
Noised Result
[5545.42063759735, 6821.02708937639, 5737.642280910608, 5942.56831649018, 7237.069027083382, 5471.1481716301605, 5823.376880211403, 5238.651836232465, 5777.693446584346, 5987.634115376607, 5414.835245646132, 5868.594779372113, 5715.238427644666, 6702.919757264586, 7046.496319427333, 6238.441453099727, 5793.289415088722, 5750.1971932203, 4716.644244845992, 5605.8064134451415, 6870.898248940059, 6818.100187077105, 5370.792714957457, 5310.583541433815, 5991.351009815645, 5388.273603056318, 5021.1488041592675, 5264.541009867866, 5870.93729639063, 5393.756686663335, 5680.036911462592, 6319.166348214769, 6055.090809985545, 5167.790288224061, 5614.464654038233, 6685.839232310227, 6448.767730129111, 5478.575717660884, 5289.2338089516015, 4986.292721824381, 5596.179814913535, 5583.415817236322, 4791.534380741146, 3946.180894431972, 6014.381655354393, 4639.908369740099, 6033.371122336994, 5736.133982998319, 3639.3069813113016, 5744.664811316131]
Time
10.360596418380737
The result for the 15th execution is
Query Result
[12126.0, 12188.0, 12507.0, 12546.0, 12147.0, 12183.0, 12190.0, 12235.0, 12357.0, 12444.0, 12359.0, 12468.0, 12625.0, 12376.0, 12578.0, 12752.0, 12775.0, 12270.0, 12535.0, 12143.0, 12635.0, 12875.0, 12367.0, 12433.0, 12459.0, 12839.0, 12250.0, 12591.0, 12321.0, 12304.0, 12376.0, 12318.0, 12395.0, 11879.0, 12293.0, 12324.0, 12317.0, 12130.0, 12369.0, 12258.0, 12518.0, 12762.0, 12048.0, 12156.0, 12427.0, 12368.0, 12553.0, 12010.0, 12333.0, 12225.0]
Noised Result
[4688.344943520174, 5552.828665283816, 5500.009764190791, 6677.189215860277, 5335.9017595202085, 5825.039509470087, 5555.624532620709, 4141.454247630746, 3785.5284337331277, 5116.596706126492, 4345.122548601118, 4991.312575320393, 5863.972077397266, 6273.629139010973, 6347.260593870412, 5931.473955089556, 5803.319203006189, 6204.185142827163, 5680.874715489893, 6341.3439421827225, 6883.979894537522, 6442.920588461919, 5837.9064795058, 8276.092298872863, 5533.642425277074, 5890.459367256144, 5070.198730185715, 4887.924097278264, 5900.140829521509, 5751.53574637327, 6931.430088066527, 154824.61433315556, 5037.461039746364, 5831.946845729284, 5492.594695261054, 6378.376348450976, 6416.3432435441155, 5971.539465330023, 5797.096622149857, 8045.43161623217, 5445.744714148618, 5714.787670035431, 5818.75643654833, 5082.374629502658, 8126.6509538481005, 5960.59071758383, 4218.9279783615175, 5296.690496459608, 5025.340130005834, 5601.710634401273]
Time
10.223225116729736
The result for the 16th execution is
Query Result
[12126.0, 12188.0, 12507.0, 12546.0, 12147.0, 12183.0, 12190.0, 12235.0, 12357.0, 12444.0, 12359.0, 12468.0, 12625.0, 12376.0, 12578.0, 12752.0, 12775.0, 12270.0, 12535.0, 12143.0, 12635.0, 12875.0, 12367.0, 12433.0, 12459.0, 12839.0, 12250.0, 12591.0, 12321.0, 12304.0, 12376.0, 12318.0, 12395.0, 11879.0, 12293.0, 12324.0, 12317.0, 12130.0, 12369.0, 12258.0, 12518.0, 12762.0, 12048.0, 12156.0, 12427.0, 12368.0, 12553.0, 12010.0, 12333.0, 12225.0]
Noised Result
[5518.265331986844, 5430.88658741731, 7298.680704411292, 6367.374329443479, 5455.703865407417, 5188.938406870898, 3961.311660469428, 4525.636720884089, 5611.191905323565, 5303.979599248169, 7269.64314562509, 5724.152659322407, 6123.886163240774, 5989.001598848976, 6591.956283832764, 6924.007348890271, 6036.706060182307, 6327.931311970307, 4013.007525127584, 5142.345862018835, 5126.874160684301, 4989.10311167612, 5525.28031125394, 6110.301040739383, 5394.195905341766, 5366.104728907519, 6296.177164509807, 5591.948508253857, 5574.711301653706, 5063.755967835553, 4918.091747856901, 5972.11964712695, 4880.098012243147, 6118.909180996412, 6612.491233455313, 7296.713511626103, 6195.355788997162, 5471.860105150886, 5648.757261231107, 5595.725560882778, 5508.030360393224, 6067.882431391035, 6121.341801948465, 5582.984089533624, 5175.149690694321, 4747.236186773187, 5258.856366768521, 5470.9922529542655, 5471.615858896963, 6275.591980495352]
Time
10.318261623382568
The result for the 17th execution is
Query Result
[12126.0, 12188.0, 12507.0, 12546.0, 12147.0, 12183.0, 12190.0, 12235.0, 12357.0, 12444.0, 12359.0, 12468.0, 12625.0, 12376.0, 12578.0, 12752.0, 12775.0, 12270.0, 12535.0, 12143.0, 12635.0, 12875.0, 12367.0, 12433.0, 12459.0, 12839.0, 12250.0, 12591.0, 12321.0, 12304.0, 12376.0, 12318.0, 12395.0, 11879.0, 12293.0, 12324.0, 12317.0, 12130.0, 12369.0, 12258.0, 12518.0, 12762.0, 12048.0, 12156.0, 12427.0, 12368.0, 12553.0, 12010.0, 12333.0, 12225.0]
Noised Result
[5373.820568566497, 5839.63009822506, 4741.527909417052, 6224.905462743391, 5400.380493584216, 6287.676719177283, 5438.4622114115255, 5683.937857802631, 6057.208453353092, 5514.605656268914, 5440.203025429722, 5782.839086836663, 5567.714929789638, 6111.993544169036, 6393.861808593951, 5474.045786140831, 5819.56037350527, 5439.641978983696, 5919.321731060682, 5453.119454714974, 5405.6827801556165, 6215.831737027396, 5592.9908600759045, 6049.158848931571, 5281.94591843368, 6569.704070301686, 5895.201612671147, 6127.359511580965, 5061.645793253484, 5616.02518815663, 5295.483587185331, 6739.62275558406, 4945.189601128398, 5093.8079724441695, 5800.592476093574, 6488.8352733909705, 5480.356314061868, 6023.018140824333, 5372.47522032484, 5858.273747053755, 5968.1071582316745, 6009.6285175806515, 7202.009378304151, 5991.228938622866, 6178.905160635803, 5674.824122170333, 6231.527299860265, 5511.017863350381, 5682.666318993946, 5438.834445627899]
Time
10.306841135025024
The result for the 18th execution is
Query Result
[12126.0, 12188.0, 12507.0, 12546.0, 12147.0, 12183.0, 12190.0, 12235.0, 12357.0, 12444.0, 12359.0, 12468.0, 12625.0, 12376.0, 12578.0, 12752.0, 12775.0, 12270.0, 12535.0, 12143.0, 12635.0, 12875.0, 12367.0, 12433.0, 12459.0, 12839.0, 12250.0, 12591.0, 12321.0, 12304.0, 12376.0, 12318.0, 12395.0, 11879.0, 12293.0, 12324.0, 12317.0, 12130.0, 12369.0, 12258.0, 12518.0, 12762.0, 12048.0, 12156.0, 12427.0, 12368.0, 12553.0, 12010.0, 12333.0, 12225.0]
Noised Result
[5452.701378089645, 6158.420064770857, 6426.0078095809395, 5476.543291684601, 5264.783935049529, 5653.863746313162, 4889.813984326813, 5255.1526899909195, 6381.565562959079, 6450.329772007521, 5542.581342922664, 5712.577755595909, 6005.12661482362, 5921.203508728455, 6191.218922986758, 6215.527900736266, 5632.958361766596, 5561.17043806861, 7279.034311846622, 3980.426402959689, 5597.583939317372, 6719.002200503834, 5524.916576272011, 5185.091056364787, 5898.5543456986725, 5644.072913985377, 5697.998360046655, 5405.919701338415, 5656.125298211021, 5644.8764973227735, 6559.070466474226, 4590.513458122749, 4890.212177513859, 5102.243880312139, 6013.044251171506, 5351.743328068632, 6017.733122094753, 5072.633665536727, 5566.390781744403, 5933.332429182186, 5700.772286140713, 6005.215936457025, 6126.91142253624, 5673.022671987821, 5578.485711218871, 5391.7315629448585, 5514.464239718463, 5442.675574438224, 5560.530269389472, 4588.311818195717]
Time
10.35024094581604
The result for the 19th execution is
Query Result
[12126.0, 12188.0, 12507.0, 12546.0, 12147.0, 12183.0, 12190.0, 12235.0, 12357.0, 12444.0, 12359.0, 12468.0, 12625.0, 12376.0, 12578.0, 12752.0, 12775.0, 12270.0, 12535.0, 12143.0, 12635.0, 12875.0, 12367.0, 12433.0, 12459.0, 12839.0, 12250.0, 12591.0, 12321.0, 12304.0, 12376.0, 12318.0, 12395.0, 11879.0, 12293.0, 12324.0, 12317.0, 12130.0, 12369.0, 12258.0, 12518.0, 12762.0, 12048.0, 12156.0, 12427.0, 12368.0, 12553.0, 12010.0, 12333.0, 12225.0]
Noised Result
[6354.119841131655, 6069.3553154964775, 5663.148636135922, 5730.937383179144, 5970.498630073308, 4976.15080918004, 5579.367467114062, 6217.528122060435, 5861.605277981718, 5503.306044475551, 5648.944708147612, 5947.671390094985, 5725.1405465263615, 5179.2587704847665, 5298.392410769612, 6681.548595291251, 5819.773249974565, 5885.219349425603, 5448.4432016473, 4965.514309671602, 5728.042260299517, 5774.804651930195, 4574.803244589074, 5432.900775618663, 5342.42139306953, 5951.0133612422005, 4626.147542647953, 5437.537595232974, 6719.671988390193, 4718.494763683125, 4661.635139252006, 5429.895683312187, 5832.008751803705, 5533.842777258321, 5252.994883083158, 6357.142320630118, 6287.856569155079, 4609.989540453856, 6085.405265806139, 5935.827918545083, 5555.9257882251295, 5176.426434510167, 4722.951286453053, 6255.754616436774, 5232.50208343524, 5965.490150854635, 5969.951991980775, 6036.698819433761, 5578.29811665486, 6433.926369792303]
Time
10.379825592041016
