The result for the 0th execution is
Query Result
[365541.31464479957, 354595.01237649895, 355266.41305460193, 367146.95912100043, 350285.61253259995, 358930.7472158012, 335115.5118889009, 350842.7559774011, 341934.1614588988, 360109.82293700037, 364872.00455929915, 334897.3674181992, 377721.1868949996, 316781.7920492998, 322217.5306327995, 311377.1336412005, 321449.45382389985, 371200.0205161989, 362094.3465016991, 351387.0598025007, 366826.4801416996, 353692.87767350057, 341125.04411569936, 343207.3316316993, 350126.3749764003]
Noised Result
[-1947.916478759842, -2254.236357706873, -1741.9861044688505, 3604.61391031697, -1911.618805124413, -1725.75221955706, -1992.2683609971327, -1364.5746024734858, -1714.8913555028084, -1816.6356369197197, -1746.3746274755026, -1700.9067236503643, -1605.71237459541, -2170.813128086741, -1498.013564985275, -1694.9485172704153, -1323.0439907580344, -1833.987694175652, -1763.6749537149512, -853.9345829502977, -1947.4902478313734, 2989.2686551719416, -1405.0954337281478, -2260.316876658216, -1248.7951827663871]
Time
12.327456951141357
The result for the 1th execution is
Query Result
[365541.31464479957, 354595.01237649895, 355266.41305460193, 367146.95912100043, 350285.61253259995, 358930.7472158012, 335115.5118889009, 350842.7559774011, 341934.1614588988, 360109.82293700037, 364872.00455929915, 334897.3674181992, 377721.1868949996, 316781.7920492998, 322217.5306327995, 311377.1336412005, 321449.45382389985, 371200.0205161989, 362094.3465016991, 351387.0598025007, 366826.4801416996, 353692.87767350057, 341125.04411569936, 343207.3316316993, 350126.3749764003]
Noised Result
[-2073.7895719882463, -1834.875116297203, -1946.6095735633216, -2043.9194044137457, -2119.9234406641935, -1720.108428907448, -1891.9189533795611, -1919.3744014251306, -1537.7958834544615, -1627.1392339099498, -1885.689854120842, -2083.775524538655, -1712.0304072132071, -1847.1543832171806, -1927.824047781562, -2480.243270538811, -806.0055222355122, -1457.9607614196784, -1487.8168132552605, -1731.1081410231855, -1875.9077363625634, -2119.707793177398, -1304.137420974298, -1873.067628495388, -1862.8775910973113]
Time
11.657623529434204
The result for the 2th execution is
Query Result
[365541.31464479957, 354595.01237649895, 355266.41305460193, 367146.95912100043, 350285.61253259995, 358930.7472158012, 335115.5118889009, 350842.7559774011, 341934.1614588988, 360109.82293700037, 364872.00455929915, 334897.3674181992, 377721.1868949996, 316781.7920492998, 322217.5306327995, 311377.1336412005, 321449.45382389985, 371200.0205161989, 362094.3465016991, 351387.0598025007, 366826.4801416996, 353692.87767350057, 341125.04411569936, 343207.3316316993, 350126.3749764003]
Noised Result
[-1278.0229269218826, -1532.2154224150386, -1726.1946772134324, -1346.6700445055903, -1595.3946190285578, -1589.113391548823, -1026.523187260551, -1816.8433350810733, -1489.0601847208045, -1698.9136935217043, -2190.7381908940215, -1264.7490577280682, -1483.8496865978836, 949.6402794946089, -1661.1766504590632, -1479.917026456043, -1894.8822119494102, -1554.156814496473, -1846.7446761668302, -1709.5371921625606, -1329.6209991767232, -1742.5465842523013, -1732.097520846265, -1840.7988493555004, -1643.16191961699]
Time
11.77283000946045
The result for the 3th execution is
Query Result
[365541.31464479957, 354595.01237649895, 355266.41305460193, 367146.95912100043, 350285.61253259995, 358930.7472158012, 335115.5118889009, 350842.7559774011, 341934.1614588988, 360109.82293700037, 364872.00455929915, 334897.3674181992, 377721.1868949996, 316781.7920492998, 322217.5306327995, 311377.1336412005, 321449.45382389985, 371200.0205161989, 362094.3465016991, 351387.0598025007, 366826.4801416996, 353692.87767350057, 341125.04411569936, 343207.3316316993, 350126.3749764003]
Noised Result
[-1915.6802354626116, -1568.6680265944115, -2210.766670214338, -1675.3037852781104, -1643.2048217408228, -2431.1229703685954, -1560.2964187910916, -1780.1543765082115, -1792.8287055600354, -1609.2749333706588, -1730.542661580695, -1686.304612826365, -1797.8556564768646, -2033.6233160712209, -1823.6708443749844, -1842.1002477456113, -1941.134468469184, -1903.1573403308353, -1500.8493929219007, -2026.3759102524073, -1468.1889881432212, -1642.9986610784294, -1439.1595173293126, -1668.7609885688084, -1838.455020922036]
Time
11.763858556747437
The result for the 4th execution is
Query Result
[365541.31464479957, 354595.01237649895, 355266.41305460193, 367146.95912100043, 350285.61253259995, 358930.7472158012, 335115.5118889009, 350842.7559774011, 341934.1614588988, 360109.82293700037, 364872.00455929915, 334897.3674181992, 377721.1868949996, 316781.7920492998, 322217.5306327995, 311377.1336412005, 321449.45382389985, 371200.0205161989, 362094.3465016991, 351387.0598025007, 366826.4801416996, 353692.87767350057, 341125.04411569936, 343207.3316316993, 350126.3749764003]
Noised Result
[-1755.5959886925475, -1642.6502620782471, -1684.8561163180607, -1593.6686113313172, -1565.1728653251953, -2055.105181243062, -2166.070026563001, -1738.9019301746366, -1982.1918799039313, -2592.1502027558463, -1181.7414095012882, -1813.6780199533555, -1961.50409797656, -1607.6495110129536, -597.7692405305211, -1808.1307105407186, -1395.886579728428, -1810.3217550441882, -1707.3866098580852, -1413.4802734783138, -1920.2554942036254, -2038.5022175185, -1725.490873224374, -1135.273088634074, -2566.896703942449]
Time
11.723352432250977
The result for the 5th execution is
Query Result
[365541.31464479957, 354595.01237649895, 355266.41305460193, 367146.95912100043, 350285.61253259995, 358930.7472158012, 335115.5118889009, 350842.7559774011, 341934.1614588988, 360109.82293700037, 364872.00455929915, 334897.3674181992, 377721.1868949996, 316781.7920492998, 322217.5306327995, 311377.1336412005, 321449.45382389985, 371200.0205161989, 362094.3465016991, 351387.0598025007, 366826.4801416996, 353692.87767350057, 341125.04411569936, 343207.3316316993, 350126.3749764003]
Noised Result
[-2230.09062203685, 25748.130472856254, -1838.8682342557613, -1808.8890580166967, -2358.537204139106, -1686.937019138701, -2267.134167061116, -1936.4080018033942, -1870.4857262950482, -1852.328729429334, -2204.340549891144, -2142.270288722869, -1756.5492807893215, -1662.3123790709801, -1445.1073483026867, -1649.246403901329, -3338.031964000839, -1449.96620335845, -1778.4085627927138, -1711.6263551714592, -2176.709165503322, -2147.044597560961, -1755.1189240785607, -1726.8545949312024, -740.8383081584209]
Time
11.32457160949707
The result for the 6th execution is
Query Result
[365541.31464479957, 354595.01237649895, 355266.41305460193, 367146.95912100043, 350285.61253259995, 358930.7472158012, 335115.5118889009, 350842.7559774011, 341934.1614588988, 360109.82293700037, 364872.00455929915, 334897.3674181992, 377721.1868949996, 316781.7920492998, 322217.5306327995, 311377.1336412005, 321449.45382389985, 371200.0205161989, 362094.3465016991, 351387.0598025007, 366826.4801416996, 353692.87767350057, 341125.04411569936, 343207.3316316993, 350126.3749764003]
Noised Result
[-1504.4728724929237, -1722.5949648304372, -1892.6162491938653, -1530.2975513309957, -2132.9937407072393, -1319.7812081272737, -1728.474759811666, -1597.7022052623024, -1550.4370626894115, -1602.010223146914, -1392.9301430198616, -1789.0881078944622, -2951.671398102968, -1698.3476885319055, -2392.4035916067915, -1562.2122610044885, -1618.4010608950543, -279.6684991235363, -1367.1794157771437, -1493.411777828314, -1663.2661229163082, -1606.614588492043, -1501.001187208576, -2936.856789448667, -1123.1181456229178]
Time
11.799970388412476
The result for the 7th execution is
Query Result
[365541.31464479957, 354595.01237649895, 355266.41305460193, 367146.95912100043, 350285.61253259995, 358930.7472158012, 335115.5118889009, 350842.7559774011, 341934.1614588988, 360109.82293700037, 364872.00455929915, 334897.3674181992, 377721.1868949996, 316781.7920492998, 322217.5306327995, 311377.1336412005, 321449.45382389985, 371200.0205161989, 362094.3465016991, 351387.0598025007, 366826.4801416996, 353692.87767350057, 341125.04411569936, 343207.3316316993, 350126.3749764003]
Noised Result
[-2061.1995685261923, -2653.468956514159, -1686.6398192697307, -1743.444147031073, -2056.8175494167526, -2083.052752420485, -631.6540579520386, -2443.1627608172303, -1088.4882164476226, -2084.249495988371, -1883.140840499395, -1093.3996517311014, -1713.4728763828612, 126108.39407155849, -1646.539147876576, -1365.8551514850133, -2273.976972808748, -1990.518822025716, -2918.3657324033193, -1767.6522299837475, -1614.2193171750032, -1679.2015918641305, -1947.20694313072, -1777.5588644450609, -790.0094913096427]
Time
11.248757123947144
The result for the 8th execution is
Query Result
[365541.31464479957, 354595.01237649895, 355266.41305460193, 367146.95912100043, 350285.61253259995, 358930.7472158012, 335115.5118889009, 350842.7559774011, 341934.1614588988, 360109.82293700037, 364872.00455929915, 334897.3674181992, 377721.1868949996, 316781.7920492998, 322217.5306327995, 311377.1336412005, 321449.45382389985, 371200.0205161989, 362094.3465016991, 351387.0598025007, 366826.4801416996, 353692.87767350057, 341125.04411569936, 343207.3316316993, 350126.3749764003]
Noised Result
[-3666.30496086511, -1298.0868578826057, -1349.6346684454384, -1536.157806979661, -1486.4986057670576, -1572.8615044442645, -1502.2019749838905, -1346.3495063031078, -1769.7542431324487, -2326.294132814777, -2514.2486093223047, -1750.4821327122359, -2126.247764047799, -1434.7525077324926, -1653.4240010450321, -1892.4840994430647, -1916.8683862954445, -1959.550580755109, -1402.5386431274992, -1775.0732357776837, -1618.1880865279772, 20870.66924162986, -3119.509661045973, -3392.2345965618097, -1267.3191352976532]
Time
11.633336067199707
The result for the 9th execution is
Query Result
[365541.31464479957, 354595.01237649895, 355266.41305460193, 367146.95912100043, 350285.61253259995, 358930.7472158012, 335115.5118889009, 350842.7559774011, 341934.1614588988, 360109.82293700037, 364872.00455929915, 334897.3674181992, 377721.1868949996, 316781.7920492998, 322217.5306327995, 311377.1336412005, 321449.45382389985, 371200.0205161989, 362094.3465016991, 351387.0598025007, 366826.4801416996, 353692.87767350057, 341125.04411569936, 343207.3316316993, 350126.3749764003]
Noised Result
[-1110.208788828432, -1567.8198017853088, -2303.871460419369, -1553.0144960157845, -1173.405420895013, -1853.795449975959, -1541.5948284334168, -2095.8201289540284, -1534.1481254680057, -1691.0710946505787, -1887.4034948528679, -2440.885668965193, -1591.2560764217033, -2555.1437017720755, -1446.2075611648843, -2141.8316573804027, -1529.6358928254767, -1653.5344528933924, -1820.3577630526647, -1746.3253801354363, -1441.7492039308759, -1843.8938686907081, -2682.9595102221756, -890.2306790857697, -2187.044213028642]
Time
12.07509708404541
The result for the 10th execution is
Query Result
[365541.31464479957, 354595.01237649895, 355266.41305460193, 367146.95912100043, 350285.61253259995, 358930.7472158012, 335115.5118889009, 350842.7559774011, 341934.1614588988, 360109.82293700037, 364872.00455929915, 334897.3674181992, 377721.1868949996, 316781.7920492998, 322217.5306327995, 311377.1336412005, 321449.45382389985, 371200.0205161989, 362094.3465016991, 351387.0598025007, 366826.4801416996, 353692.87767350057, 341125.04411569936, 343207.3316316993, 350126.3749764003]
Noised Result
[-716.9371025838889, -1397.2826821261588, -2794.095784604211, -1717.3464124369866, -1244.109818982888, -2830.844676902807, -1543.66487147004, -1359.971951228094, -2398.4522714061727, -1806.2916792244623, -1759.6931002479, -1515.9347369571656, 3848.3586289426676, -2050.9234963501954, -2470.3894486376694, -1659.876986275648, -1596.9713191904434, -1909.0812140263088, -1641.2066946063592, -1730.2575183903195, -1709.1994747790527, -1736.4213539921234, -2017.2052587779303, -1824.6625749743257, -2229.8519833867995]
Time
12.106303453445435
The result for the 11th execution is
Query Result
[365541.31464479957, 354595.01237649895, 355266.41305460193, 367146.95912100043, 350285.61253259995, 358930.7472158012, 335115.5118889009, 350842.7559774011, 341934.1614588988, 360109.82293700037, 364872.00455929915, 334897.3674181992, 377721.1868949996, 316781.7920492998, 322217.5306327995, 311377.1336412005, 321449.45382389985, 371200.0205161989, 362094.3465016991, 351387.0598025007, 366826.4801416996, 353692.87767350057, 341125.04411569936, 343207.3316316993, 350126.3749764003]
Noised Result
[-1672.8397693680317, -1574.9814614927823, -2338.62014992937, -1150.8837539270219, -1231.7113838366947, -1625.4226853797322, -1513.4907693672594, -1634.5552091542008, -1382.7795139554546, -1356.4753649998975, -1767.2138412038034, -1603.9051184184277, -1681.2651046638657, -1918.4062396816075, -1807.738974336929, -1747.3059979006312, -1720.1494739212421, -1481.8538411544741, -2302.38598647673, -1586.6241493552375, -1849.1355494710829, -1717.6468206253116, -1737.178395109705, -2007.538498338578, -1217.0777271907916]
Time
11.508945226669312
The result for the 12th execution is
Query Result
[365541.31464479957, 354595.01237649895, 355266.41305460193, 367146.95912100043, 350285.61253259995, 358930.7472158012, 335115.5118889009, 350842.7559774011, 341934.1614588988, 360109.82293700037, 364872.00455929915, 334897.3674181992, 377721.1868949996, 316781.7920492998, 322217.5306327995, 311377.1336412005, 321449.45382389985, 371200.0205161989, 362094.3465016991, 351387.0598025007, 366826.4801416996, 353692.87767350057, 341125.04411569936, 343207.3316316993, 350126.3749764003]
Noised Result
[-1773.8766824761228, -2160.020532254861, -1774.7347990695826, -1795.311494190285, -1840.8276240818705, -2308.876588044018, -1802.6204684086601, -1831.6398581540507, -1360.6922711008474, -1783.4406460542887, -1365.6320173268582, -3312.7655767620026, -916.4137804392949, -1824.6085209319704, -1563.1458749725002, -2580.855204485704, -1766.4877347276215, -1861.1082467028364, -1548.7717751843193, -1356.5072844800102, -1025.6838807540648, -1685.9472268195032, -1276.207971313851, -1855.0436774628474, -1877.6058237329516]
Time
11.84309720993042
The result for the 13th execution is
Query Result
[365541.31464479957, 354595.01237649895, 355266.41305460193, 367146.95912100043, 350285.61253259995, 358930.7472158012, 335115.5118889009, 350842.7559774011, 341934.1614588988, 360109.82293700037, 364872.00455929915, 334897.3674181992, 377721.1868949996, 316781.7920492998, 322217.5306327995, 311377.1336412005, 321449.45382389985, 371200.0205161989, 362094.3465016991, 351387.0598025007, 366826.4801416996, 353692.87767350057, 341125.04411569936, 343207.3316316993, 350126.3749764003]
Noised Result
[-1735.374143125654, -1946.2767938888796, -2517.5098816780737, -1655.45035457037, -1654.846339744221, -1757.7656005050758, -1784.2267431654932, -1711.4480487611022, -3681.070170346986, -2071.4215198520014, -1427.7679760494093, -990.6774518559014, -1199.8970794769757, -1794.400469146657, -1578.2553422314913, -2623.869744797782, -1794.725493158675, -1788.02709794992, -2220.6081504498998, -1420.181976157131, -1863.8410655916937, -1812.9574277282381, -1415.3479197574484, -1436.246050487739, -1751.2067570103268]
Time
11.837714433670044
The result for the 14th execution is
Query Result
[365541.31464479957, 354595.01237649895, 355266.41305460193, 367146.95912100043, 350285.61253259995, 358930.7472158012, 335115.5118889009, 350842.7559774011, 341934.1614588988, 360109.82293700037, 364872.00455929915, 334897.3674181992, 377721.1868949996, 316781.7920492998, 322217.5306327995, 311377.1336412005, 321449.45382389985, 371200.0205161989, 362094.3465016991, 351387.0598025007, 366826.4801416996, 353692.87767350057, 341125.04411569936, 343207.3316316993, 350126.3749764003]
Noised Result
[-1933.0989471985772, -1483.3129376715315, -1838.524759135019, -1889.6717645693802, -996.5175625978231, -1437.5264146240293, -2059.2857366393755, -1995.2231751330419, -1848.6553688755944, -1058.2345344186367, -1592.723545942058, -1381.6070132545674, -1525.0262128795266, -1553.3476311510572, -1413.019247992661, -1307.8419269705018, -2131.3790623975156, -845.8077825848611, -1512.2783906135292, -1277.3948492038912, -1878.4386272548977, -1918.7576466451646, -1678.5470159191946, -1585.4739908633228, -1034.4378197891197]
Time
11.792886018753052
The result for the 15th execution is
Query Result
[365541.31464479957, 354595.01237649895, 355266.41305460193, 367146.95912100043, 350285.61253259995, 358930.7472158012, 335115.5118889009, 350842.7559774011, 341934.1614588988, 360109.82293700037, 364872.00455929915, 334897.3674181992, 377721.1868949996, 316781.7920492998, 322217.5306327995, 311377.1336412005, 321449.45382389985, 371200.0205161989, 362094.3465016991, 351387.0598025007, 366826.4801416996, 353692.87767350057, 341125.04411569936, 343207.3316316993, 350126.3749764003]
Noised Result
[-1557.1092718140035, -2784.1357034276934, -1542.7213465450518, -2237.0624056543766, -1523.9236111566997, -1910.7852002734812, -1436.5871640037217, -1944.096371795334, -1480.5323345569636, -2298.5826869011184, -695.3786199450615, -1660.1065406601015, -1991.2523966861736, -987.573064965015, -2691.653336774622, -1976.8374267630097, -1799.2782031486477, -1840.7833101313695, -1186.5221932666377, -1862.3004320622936, -1611.5175132952668, -1142.1093323434902, -898.9339172209393, -1346.6308784977414, -1782.9344158929935]
Time
12.100841283798218
The result for the 16th execution is
Query Result
[365541.31464479957, 354595.01237649895, 355266.41305460193, 367146.95912100043, 350285.61253259995, 358930.7472158012, 335115.5118889009, 350842.7559774011, 341934.1614588988, 360109.82293700037, 364872.00455929915, 334897.3674181992, 377721.1868949996, 316781.7920492998, 322217.5306327995, 311377.1336412005, 321449.45382389985, 371200.0205161989, 362094.3465016991, 351387.0598025007, 366826.4801416996, 353692.87767350057, 341125.04411569936, 343207.3316316993, 350126.3749764003]
Noised Result
[-2023.9902682384068, -1712.6318908128665, -1533.1218826265913, -1457.6528497854129, -1436.3367511548445, -1674.0763580007733, -1498.0927748322806, -1459.7467602801207, -2149.359047902679, -1501.514201961315, -1176.6871538746043, -1762.4759809796224, -1896.8349854902635, -2456.836655027437, -3223.9548761414053, -418.0262193148228, -1785.2027441642663, -1940.4597254077107, -1634.902258030099, -1386.0313961718034, -1774.3646782207593, -2225.8990645292274, -1107.344217414015, -2470.6463160731782, -1883.1202077524122]
Time
11.813163995742798
The result for the 17th execution is
Query Result
[365541.31464479957, 354595.01237649895, 355266.41305460193, 367146.95912100043, 350285.61253259995, 358930.7472158012, 335115.5118889009, 350842.7559774011, 341934.1614588988, 360109.82293700037, 364872.00455929915, 334897.3674181992, 377721.1868949996, 316781.7920492998, 322217.5306327995, 311377.1336412005, 321449.45382389985, 371200.0205161989, 362094.3465016991, 351387.0598025007, 366826.4801416996, 353692.87767350057, 341125.04411569936, 343207.3316316993, 350126.3749764003]
Noised Result
[-2014.9478757217466, -2127.591938760616, -1794.8047471185423, -1881.9750403978978, -1881.501504261852, -1535.849132850633, -1476.5626235190894, -1528.5904050762933, 2149.6030863255946, -1715.3736491448258, -1765.5405319887068, -1725.454650008603, -2326.4197725599697, -1995.8488948061827, -1699.0745881144117, -1714.7288228298603, -1644.0338011932427, -1892.291682471227, -282.7975353794625, -1769.9630785597942, -1720.236844984865, -1900.3747049155763, -1700.954179357689, -1479.0608482039133, -1120.912946372606]
Time
11.704308032989502
The result for the 18th execution is
Query Result
[365541.31464479957, 354595.01237649895, 355266.41305460193, 367146.95912100043, 350285.61253259995, 358930.7472158012, 335115.5118889009, 350842.7559774011, 341934.1614588988, 360109.82293700037, 364872.00455929915, 334897.3674181992, 377721.1868949996, 316781.7920492998, 322217.5306327995, 311377.1336412005, 321449.45382389985, 371200.0205161989, 362094.3465016991, 351387.0598025007, 366826.4801416996, 353692.87767350057, 341125.04411569936, 343207.3316316993, 350126.3749764003]
Noised Result
[-1952.024592418244, -1934.5009582662497, -2338.427426111341, -1597.6891797648295, -2009.6636983862063, -2162.4070114814813, -1962.6193398598007, -905.2860616102148, -2316.519419545963, -1178.393969374026, -1412.443743460759, -1691.173870298393, -2135.724380648799, -3232.731137068916, -1654.1512756069233, -2395.7107800030226, -520.4233184698978, -1264.0345519731372, -1645.6269254736735, -1798.034447116238, -1735.7064852972503, -1893.93711878369, -1813.5116239075574, -1943.391383101019, -2471.105780117268]
Time
11.6784029006958
The result for the 19th execution is
Query Result
[365541.31464479957, 354595.01237649895, 355266.41305460193, 367146.95912100043, 350285.61253259995, 358930.7472158012, 335115.5118889009, 350842.7559774011, 341934.1614588988, 360109.82293700037, 364872.00455929915, 334897.3674181992, 377721.1868949996, 316781.7920492998, 322217.5306327995, 311377.1336412005, 321449.45382389985, 371200.0205161989, 362094.3465016991, 351387.0598025007, 366826.4801416996, 353692.87767350057, 341125.04411569936, 343207.3316316993, 350126.3749764003]
Noised Result
[-1582.9339576156785, -1200.931682221832, -1696.816182673365, -1873.2104710915055, -1972.3969231946685, -1283.7783394579224, -1835.9339167440548, -2384.0653780401035, -1984.223887785799, -2227.4508276998286, -1398.1163569030446, 406310.57368156116, -1249.4142701275387, -1691.9779020700958, -1381.9919549195129, -1815.2508544361344, -1712.5440841881918, -1795.9371961786933, -1489.510133031475, -1653.0534104082271, -1380.0240356217828, -1253.46363185488, -1573.303992757425, -1737.6822930731068, -1311.7736716774875]
Time
11.661224126815796
