The result for the 0th execution is
Query Result
[168005.36949560014, 170539.9540516996, 176370.20360180008, 181065.21424099937, 194580.3102972002, 169507.9040189001, 171786.37201600045, 171956.40360649934, 179965.36066919964, 182559.55167350086, 165843.59786499993, 157455.84402829985, 182763.76817230016, 164402.4750886999, 149154.4094004002, 162713.1724077004, 156923.12497799972, 173259.21062400105, 169003.62967379976, 157199.56732859995, 165952.8613323002, 162121.6657314002, 161655.57655609978, 175037.9320912001, 159053.0425961008]
Noised Result
[-2159.132535164614, -1796.3063338211632, -2181.4584468696953, -1740.5518605978777, -2387.2748625952013, -1968.7987434402985, -2671.3320926857027, -1583.0449198951205, -1696.700085679931, -2106.408907549103, -2241.337621763852, -2042.3879412270949, -2531.8152551776407, -2833.014739822196, -693.3647951451835, -2142.985978214341, -2208.228058586723, -1891.1966950948513, -1780.968488059183, -2146.5639154205296, -2283.1915489689436, -2335.9099232039803, -1683.0212333950317, -1733.8694798078227, -2329.130509297818]
Time
7.563655138015747
The result for the 1th execution is
Query Result
[168005.36949560014, 170539.9540516996, 176370.20360180008, 181065.21424099937, 194580.3102972002, 169507.9040189001, 171786.37201600045, 171956.40360649934, 179965.36066919964, 182559.55167350086, 165843.59786499993, 157455.84402829985, 182763.76817230016, 164402.4750886999, 149154.4094004002, 162713.1724077004, 156923.12497799972, 173259.21062400105, 169003.62967379976, 157199.56732859995, 165952.8613323002, 162121.6657314002, 161655.57655609978, 175037.9320912001, 159053.0425961008]
Noised Result
[-2038.7822720250779, -1004.7955268385429, -2413.206889636718, -3282.1770878232774, -1956.8685180826137, -1722.0503173900138, -2598.453365423846, -1701.2393116173594, -1981.9260794672086, -2077.144966208268, -2293.459216454718, -2095.735479935992, -2029.34033971393, -1959.7463023886949, -2126.1071590689244, -1877.0896059498104, -2175.5593771503836, -2584.6730611046805, -2268.6867083571074, -2224.887540677818, -2358.1740507002764, -1905.6946260600344, -2163.856035892379, -2290.623446969275, -2504.975075178245]
Time
7.342350006103516
The result for the 2th execution is
Query Result
[168005.36949560014, 170539.9540516996, 176370.20360180008, 181065.21424099937, 194580.3102972002, 169507.9040189001, 171786.37201600045, 171956.40360649934, 179965.36066919964, 182559.55167350086, 165843.59786499993, 157455.84402829985, 182763.76817230016, 164402.4750886999, 149154.4094004002, 162713.1724077004, 156923.12497799972, 173259.21062400105, 169003.62967379976, 157199.56732859995, 165952.8613323002, 162121.6657314002, 161655.57655609978, 175037.9320912001, 159053.0425961008]
Noised Result
[-2124.817250779505, -1849.3988555338915, -2195.2959270767724, -1938.4337642645755, -2056.8946235775206, -2060.6258818532533, -1891.857343803128, -2638.8341161869103, -2545.252677949791, -2164.2468840835304, -2033.0702109064878, -2233.82367312262, -2075.54168442435, -1763.9145846294368, -2550.4699457883, -682.4950049484498, -1177.215669453097, -1633.3884684082914, -2332.563440240996, -2235.942326183737, -2477.2136783641668, -1868.9116990698299, -2195.4417890278537, -2273.2286403096946, -2038.8207493457871]
Time
7.4442198276519775
The result for the 3th execution is
Query Result
[168005.36949560014, 170539.9540516996, 176370.20360180008, 181065.21424099937, 194580.3102972002, 169507.9040189001, 171786.37201600045, 171956.40360649934, 179965.36066919964, 182559.55167350086, 165843.59786499993, 157455.84402829985, 182763.76817230016, 164402.4750886999, 149154.4094004002, 162713.1724077004, 156923.12497799972, 173259.21062400105, 169003.62967379976, 157199.56732859995, 165952.8613323002, 162121.6657314002, 161655.57655609978, 175037.9320912001, 159053.0425961008]
Noised Result
[-2884.907758670846, -1529.652624181076, -1600.2150518283268, -2237.9952516615954, -2104.332004175502, -2418.023262484761, -1850.428301099782, -1717.0225308563477, -1975.6198209362415, -2118.202625086372, -2135.4557171869524, -2563.3874590916357, -3087.2325883446783, -1503.248372450473, -2456.777916891886, -2072.4338425052824, -2089.410600041311, -2174.7696002190264, -1598.2226689076274, -2146.8223153619465, -2182.5499510598406, -2955.632607767816, -2233.397404891709, -1268.3664953468633, -2357.619325014546]
Time
7.430612802505493
The result for the 4th execution is
Query Result
[168005.36949560014, 170539.9540516996, 176370.20360180008, 181065.21424099937, 194580.3102972002, 169507.9040189001, 171786.37201600045, 171956.40360649934, 179965.36066919964, 182559.55167350086, 165843.59786499993, 157455.84402829985, 182763.76817230016, 164402.4750886999, 149154.4094004002, 162713.1724077004, 156923.12497799972, 173259.21062400105, 169003.62967379976, 157199.56732859995, 165952.8613323002, 162121.6657314002, 161655.57655609978, 175037.9320912001, 159053.0425961008]
Noised Result
[-2367.845262735152, -1594.902308498458, -1247.4070514044229, -2215.1120861320705, -1959.862757812105, -2300.4613681152064, -2120.8124861786914, -1993.2551396954932, -1553.591697149631, -2373.230602299073, -2770.328280350544, -1616.6365863862138, -2061.6800035650695, -2390.856411007916, -2162.8314190634383, -2069.2125641541425, -2210.2553719257526, -2362.2580554396723, -2110.827256966765, -2048.6771837183956, -2522.577403081398, -1586.4476544694135, -2280.742092779613, -1461.9721076744331, -1595.2501186483596]
Time
7.643476247787476
The result for the 5th execution is
Query Result
[168005.36949560014, 170539.9540516996, 176370.20360180008, 181065.21424099937, 194580.3102972002, 169507.9040189001, 171786.37201600045, 171956.40360649934, 179965.36066919964, 182559.55167350086, 165843.59786499993, 157455.84402829985, 182763.76817230016, 164402.4750886999, 149154.4094004002, 162713.1724077004, 156923.12497799972, 173259.21062400105, 169003.62967379976, 157199.56732859995, 165952.8613323002, 162121.6657314002, 161655.57655609978, 175037.9320912001, 159053.0425961008]
Noised Result
[-1807.350155286389, -2086.4088106252716, -2387.2225853046593, -2205.745012135233, -2342.601864242473, -2095.2325620152633, -2536.1819326198693, -2042.4554026680448, -2171.203337290429, -1920.3461565713592, -2422.3557957408816, -2186.4262163330327, -2157.353623170469, -1702.391036634638, -1999.9895088456483, -1959.6978233376249, -2731.0803879281757, -2223.8331889351375, -1271.1931563615317, -1350.144374600348, -2204.2326512502796, -2095.6588217725434, -1894.2400451600502, -2195.1152740866783, -2368.4179597455336]
Time
7.5871195793151855
The result for the 6th execution is
Query Result
[168005.36949560014, 170539.9540516996, 176370.20360180008, 181065.21424099937, 194580.3102972002, 169507.9040189001, 171786.37201600045, 171956.40360649934, 179965.36066919964, 182559.55167350086, 165843.59786499993, 157455.84402829985, 182763.76817230016, 164402.4750886999, 149154.4094004002, 162713.1724077004, 156923.12497799972, 173259.21062400105, 169003.62967379976, 157199.56732859995, 165952.8613323002, 162121.6657314002, 161655.57655609978, 175037.9320912001, 159053.0425961008]
Noised Result
[-2514.7393425854125, -2082.787869758894, -2861.417241482626, -1735.1646467960568, -2131.925663395018, -2401.172661981482, -2025.4072214113976, -2739.2443548623633, -1168.7933953742004, -1862.041668158452, -1893.7534969612307, -1618.0823209198775, -3746.845203371754, -1903.48291740675, -2269.8734603096063, -2066.344139215912, -1816.7244141275974, -2514.869246599728, -2106.214682540729, -3024.16569437458, -1568.049200435676, -2136.2567170338593, -2281.2838737425095, -2105.814003482327, -2185.5084688822744]
Time
7.4270713329315186
The result for the 7th execution is
Query Result
[168005.36949560014, 170539.9540516996, 176370.20360180008, 181065.21424099937, 194580.3102972002, 169507.9040189001, 171786.37201600045, 171956.40360649934, 179965.36066919964, 182559.55167350086, 165843.59786499993, 157455.84402829985, 182763.76817230016, 164402.4750886999, 149154.4094004002, 162713.1724077004, 156923.12497799972, 173259.21062400105, 169003.62967379976, 157199.56732859995, 165952.8613323002, 162121.6657314002, 161655.57655609978, 175037.9320912001, 159053.0425961008]
Noised Result
[-2644.525936806348, -1947.1317389305405, -1714.1433893217632, -1948.895886761462, -1889.7044980375504, -2456.013501210148, -2150.506969559015, -2708.3552715167207, -1971.4865178986902, -2854.571464411693, -2116.0834322789096, -2375.7411031212855, -2080.4567871063878, -2882.572720003417, -2079.5466130726477, -3076.7330383177073, -2287.3552425927674, -1856.5633344172707, -2334.68040376337, -2317.259570649662, -2617.965843059343, -2439.5595416761203, -2299.2215528430493, -2255.985482876085, -2761.6955975703117]
Time
7.421031951904297
The result for the 8th execution is
Query Result
[168005.36949560014, 170539.9540516996, 176370.20360180008, 181065.21424099937, 194580.3102972002, 169507.9040189001, 171786.37201600045, 171956.40360649934, 179965.36066919964, 182559.55167350086, 165843.59786499993, 157455.84402829985, 182763.76817230016, 164402.4750886999, 149154.4094004002, 162713.1724077004, 156923.12497799972, 173259.21062400105, 169003.62967379976, 157199.56732859995, 165952.8613323002, 162121.6657314002, 161655.57655609978, 175037.9320912001, 159053.0425961008]
Noised Result
[-2165.8766658673676, -1916.6414758626747, -2049.5871813165, -2279.091256065901, -2409.460499332456, -2369.6898718413504, -3386.888212722933, -2271.2758087700313, -2287.0426817002585, -2098.6450865835523, -2068.0125431559795, -1594.0171037380887, -2177.602393789619, -2526.6892645952607, -2175.409361046542, -2418.941564501273, -2496.243111036554, -2091.859177667027, -2450.6221262314825, -1044.228333862302, -1277.7550042120292, -2159.933629925086, -2080.118084417226, -540.7787015337094, -1557.7250670915919]
Time
7.317230939865112
The result for the 9th execution is
Query Result
[168005.36949560014, 170539.9540516996, 176370.20360180008, 181065.21424099937, 194580.3102972002, 169507.9040189001, 171786.37201600045, 171956.40360649934, 179965.36066919964, 182559.55167350086, 165843.59786499993, 157455.84402829985, 182763.76817230016, 164402.4750886999, 149154.4094004002, 162713.1724077004, 156923.12497799972, 173259.21062400105, 169003.62967379976, 157199.56732859995, 165952.8613323002, 162121.6657314002, 161655.57655609978, 175037.9320912001, 159053.0425961008]
Noised Result
[-2201.652635690916, -2109.699453474621, -2574.0328156726414, -2233.4972602388752, -1510.2680925907443, -1603.7067659648692, -2331.681683719886, -1279.007411064777, -2346.1149627550635, -2008.540269042785, -2108.8853997343494, -1391.9859954997787, -1768.8720618467055, -2328.029170375749, -2304.902499040104, -2605.7502622523793, -3185.4971443647955, -2134.3738482573135, -2965.604468794254, -2254.5213197842745, -1749.3369580988365, -1991.9199268808693, -1429.1950649884225, -2528.0455681879353, -3722.6613044862506]
Time
7.426711082458496
The result for the 10th execution is
Query Result
[168005.36949560014, 170539.9540516996, 176370.20360180008, 181065.21424099937, 194580.3102972002, 169507.9040189001, 171786.37201600045, 171956.40360649934, 179965.36066919964, 182559.55167350086, 165843.59786499993, 157455.84402829985, 182763.76817230016, 164402.4750886999, 149154.4094004002, 162713.1724077004, 156923.12497799972, 173259.21062400105, 169003.62967379976, 157199.56732859995, 165952.8613323002, 162121.6657314002, 161655.57655609978, 175037.9320912001, 159053.0425961008]
Noised Result
[-1474.0382269124034, 96182.08450261084, -2321.885831505933, -1900.9687177589203, -1973.7746903602197, -1980.959399745495, -2185.997072285161, -2147.489061787866, -2769.4716965729995, -2151.393400156068, -2684.6694233894045, -1406.342159103614, -2836.2106472442047, -2322.642151285168, -3031.1754841779484, -2610.636074999891, -3118.8360520308715, -2065.0834345110798, -1943.8898208173055, -1953.9437592428335, -2399.9540272094687, -1482.7431407186778, -2022.93558762275, -1397.6465603812221, -2108.6637760520744]
Time
7.485910415649414
The result for the 11th execution is
Query Result
[168005.36949560014, 170539.9540516996, 176370.20360180008, 181065.21424099937, 194580.3102972002, 169507.9040189001, 171786.37201600045, 171956.40360649934, 179965.36066919964, 182559.55167350086, 165843.59786499993, 157455.84402829985, 182763.76817230016, 164402.4750886999, 149154.4094004002, 162713.1724077004, 156923.12497799972, 173259.21062400105, 169003.62967379976, 157199.56732859995, 165952.8613323002, 162121.6657314002, 161655.57655609978, 175037.9320912001, 159053.0425961008]
Noised Result
[-1948.994745536706, -2290.2752068412688, -2164.3205518576647, -1819.3832348668025, -2325.644874624588, -2056.254813302214, -2370.09379281946, -3431.1215027634307, -2523.9691095775997, -3150.5215355049604, -2797.6160976302144, -1917.9126674097724, -2661.2916284160674, -2262.0916942780386, -2186.522205199973, -2287.870087714559, -2398.481532258626, -2269.0308239489623, -3354.723256503318, -1754.0469184208428, -3176.6126588301317, -2116.749380929173, -2075.8063849691903, -2157.6017684395265, -1988.3943570902156]
Time
7.538046598434448
The result for the 12th execution is
Query Result
[168005.36949560014, 170539.9540516996, 176370.20360180008, 181065.21424099937, 194580.3102972002, 169507.9040189001, 171786.37201600045, 171956.40360649934, 179965.36066919964, 182559.55167350086, 165843.59786499993, 157455.84402829985, 182763.76817230016, 164402.4750886999, 149154.4094004002, 162713.1724077004, 156923.12497799972, 173259.21062400105, 169003.62967379976, 157199.56732859995, 165952.8613323002, 162121.6657314002, 161655.57655609978, 175037.9320912001, 159053.0425961008]
Noised Result
[-2406.4077899471386, -2139.2710860238585, -2885.7292276021985, -2691.5609618591684, -2437.503110645017, -2217.344635430292, -2733.7843903198473, -2457.81717489491, -1645.3243840914479, -2141.7206025621335, -2877.427001442419, -2918.7268308491803, -1844.5048479715988, -2786.9645724638995, -2359.903512334866, -2430.1615975215527, -2647.1347993384197, -2013.437002759079, -1984.9065265159352, -2251.5943691892444, -2085.2296419863383, -2762.9652014841927, -1985.7459697472395, -2560.3892493467124, -3053.496298345985]
Time
7.500827312469482
The result for the 13th execution is
Query Result
[168005.36949560014, 170539.9540516996, 176370.20360180008, 181065.21424099937, 194580.3102972002, 169507.9040189001, 171786.37201600045, 171956.40360649934, 179965.36066919964, 182559.55167350086, 165843.59786499993, 157455.84402829985, 182763.76817230016, 164402.4750886999, 149154.4094004002, 162713.1724077004, 156923.12497799972, 173259.21062400105, 169003.62967379976, 157199.56732859995, 165952.8613323002, 162121.6657314002, 161655.57655609978, 175037.9320912001, 159053.0425961008]
Noised Result
[-1736.1120794119784, -1363.9672582336364, -2281.026916825231, -2232.6635313699603, -2073.206685894987, -2548.856289749764, -1724.7401470917075, -2300.646677976958, -1913.1629328091199, -2557.3765494958384, -2136.4143362432787, -2821.1445355828787, -2055.591989150451, -2219.8427938251093, -2018.4444002327227, -2126.644813395609, -1271.5853266130382, -1841.3565697335825, -1880.9458545826483, -1327.776118890417, -2403.6338992028545, -2176.253034200017, -2180.42169369753, -1501.3131552259133, -1841.102525640989]
Time
7.640078783035278
The result for the 14th execution is
Query Result
[168005.36949560014, 170539.9540516996, 176370.20360180008, 181065.21424099937, 194580.3102972002, 169507.9040189001, 171786.37201600045, 171956.40360649934, 179965.36066919964, 182559.55167350086, 165843.59786499993, 157455.84402829985, 182763.76817230016, 164402.4750886999, 149154.4094004002, 162713.1724077004, 156923.12497799972, 173259.21062400105, 169003.62967379976, 157199.56732859995, 165952.8613323002, 162121.6657314002, 161655.57655609978, 175037.9320912001, 159053.0425961008]
Noised Result
[-2852.26385325193, -1691.3800289767337, -1625.7445728591492, -2053.955593311332, -1715.3958961845588, -2180.9028786292783, -1804.5459394550394, -1832.6411122357877, -1687.5634611147425, -2222.5718745789036, -1454.540211175554, -2147.073974479011, -2218.679349942871, -2379.1177248714503, -2190.8923065315157, -1725.6606971952324, -2058.1203316171495, -2263.8793326885766, -1749.691292337397, -1915.0815409772226, -2070.793151863989, -2598.895810261542, -2103.6009772026046, -1527.5067376218158, -2209.276259144642]
Time
7.583434820175171
The result for the 15th execution is
Query Result
[168005.36949560014, 170539.9540516996, 176370.20360180008, 181065.21424099937, 194580.3102972002, 169507.9040189001, 171786.37201600045, 171956.40360649934, 179965.36066919964, 182559.55167350086, 165843.59786499993, 157455.84402829985, 182763.76817230016, 164402.4750886999, 149154.4094004002, 162713.1724077004, 156923.12497799972, 173259.21062400105, 169003.62967379976, 157199.56732859995, 165952.8613323002, 162121.6657314002, 161655.57655609978, 175037.9320912001, 159053.0425961008]
Noised Result
[-2132.477791257486, -2146.0127166335164, -1393.2027746404242, -2044.4198933602738, -2075.1171086070017, -1972.799565997017, -1837.1189434035937, -2416.962926531637, -2266.0052255358137, -2149.7254177195664, -2205.0287413599967, -2194.402284299048, -1650.1381980260608, -1651.0815725767443, -2276.0368350945305, -1764.9438464157515, -1347.4972127417532, -3005.765626963979, -2161.445529872276, -2299.112522800014, -2002.1055127024156, -3065.699725065161, -1993.9886654275815, -1975.9613475764768, -2179.8593255239794]
Time
7.640278339385986
The result for the 16th execution is
Query Result
[168005.36949560014, 170539.9540516996, 176370.20360180008, 181065.21424099937, 194580.3102972002, 169507.9040189001, 171786.37201600045, 171956.40360649934, 179965.36066919964, 182559.55167350086, 165843.59786499993, 157455.84402829985, 182763.76817230016, 164402.4750886999, 149154.4094004002, 162713.1724077004, 156923.12497799972, 173259.21062400105, 169003.62967379976, 157199.56732859995, 165952.8613323002, 162121.6657314002, 161655.57655609978, 175037.9320912001, 159053.0425961008]
Noised Result
[-2101.433981703757, -2033.928034570819, -2100.7749695815764, -2088.497241408227, -2080.4686248851303, -1761.3136785108622, -2193.442933665994, -2017.1591252128078, -2636.9342314394107, -2157.149984413712, -2150.233196352818, -2488.1916939111907, -2365.5072287439916, -2347.3107349551146, -2345.155070735878, -2389.0241665387784, -2204.3831481420043, -1696.5482975558325, -2605.6340646003136, -2008.6452752351897, -2546.289673892898, -2359.087622713823, -1758.2235703651527, -1543.7013883555178, -2070.212678443679]
Time
7.5792765617370605
The result for the 17th execution is
Query Result
[168005.36949560014, 170539.9540516996, 176370.20360180008, 181065.21424099937, 194580.3102972002, 169507.9040189001, 171786.37201600045, 171956.40360649934, 179965.36066919964, 182559.55167350086, 165843.59786499993, 157455.84402829985, 182763.76817230016, 164402.4750886999, 149154.4094004002, 162713.1724077004, 156923.12497799972, 173259.21062400105, 169003.62967379976, 157199.56732859995, 165952.8613323002, 162121.6657314002, 161655.57655609978, 175037.9320912001, 159053.0425961008]
Noised Result
[-1928.9848867800624, -1137.065972307117, -1941.003671077116, -2254.664158353815, -2142.005341266717, -1074.0024168300215, -1115.5799711607729, -2241.2027595830573, -3023.678550909339, -1796.1273478037501, -2745.5528396732843, -1841.3409918471862, -2407.7494373129393, -1717.7090278043925, -1833.0601974702722, -2566.2115012517925, -2234.1719470626654, -2479.771123129633, -2237.0115249266873, -2297.9311862536356, -2846.8300936891605, -3320.9615605430454, -1055.8394053602217, -2428.8888969472364, -2374.4891717611413]
Time
7.394362688064575
The result for the 18th execution is
Query Result
[168005.36949560014, 170539.9540516996, 176370.20360180008, 181065.21424099937, 194580.3102972002, 169507.9040189001, 171786.37201600045, 171956.40360649934, 179965.36066919964, 182559.55167350086, 165843.59786499993, 157455.84402829985, 182763.76817230016, 164402.4750886999, 149154.4094004002, 162713.1724077004, 156923.12497799972, 173259.21062400105, 169003.62967379976, 157199.56732859995, 165952.8613323002, 162121.6657314002, 161655.57655609978, 175037.9320912001, 159053.0425961008]
Noised Result
[-1779.7783795226796, -856.2735287022856, -819.7010755029005, -2388.9702447545014, -2507.4635581710086, -1320.3872868725152, -2349.345606431279, -1585.1897728022718, -1465.9984346362967, -1767.2744959490947, -2750.4759449693893, -1136.8434836210977, -2144.2946221218735, -1313.233424981778, -1523.2926923714795, -1774.3200745703725, -2757.0054173605868, -1805.6394826299784, -2184.4482458939124, -1963.4280438269989, -1716.2812389563983, -1898.9527395618074, -3198.913451840113, -2019.7542232531073, -2141.697583363913]
Time
7.395673990249634
The result for the 19th execution is
Query Result
[168005.36949560014, 170539.9540516996, 176370.20360180008, 181065.21424099937, 194580.3102972002, 169507.9040189001, 171786.37201600045, 171956.40360649934, 179965.36066919964, 182559.55167350086, 165843.59786499993, 157455.84402829985, 182763.76817230016, 164402.4750886999, 149154.4094004002, 162713.1724077004, 156923.12497799972, 173259.21062400105, 169003.62967379976, 157199.56732859995, 165952.8613323002, 162121.6657314002, 161655.57655609978, 175037.9320912001, 159053.0425961008]
Noised Result
[-2270.2884816204523, -1895.826445935651, -1700.9620146320735, -2367.6990905579505, -2087.456249568382, -2977.0248838185585, -1929.1478325315747, -3350.031379555169, -1529.3936468998631, -2001.0897187803635, -1994.792707439583, -2427.025584905679, -2083.027447296653, -2168.5798457312335, -1879.610606380245, -2834.8783006849326, -1921.7808261754335, -2636.836749247327, -2226.858584467695, -1423.126599190682, -2592.0895644439915, -630.7708792196818, -2257.2473037479326, -1945.5879889014077, -1972.4418176220465]
Time
7.228368282318115
