The result for the 0th execution is
Query Result
[365541.31464479957, 354595.01237649895, 355266.41305460193, 367146.95912100043, 350285.61253259995, 358930.7472158012, 335115.5118889009, 350842.7559774011, 341934.1614588988, 360109.82293700037, 364872.00455929915, 334897.3674181992, 377721.1868949996, 316781.7920492998, 322217.5306327995, 311377.1336412005, 321449.45382389985, 371200.0205161989, 362094.3465016991, 351387.0598025007, 366826.4801416996, 353692.87767350057, 341125.04411569936, 343207.3316316993, 350126.3749764003]
Noised Result
[-1760.6196410220232, -807.4230917636203, 1756.6988856490516, -237.08973833045275, -595.2057769129885, -637.6828351277652, -683.3362939633964, -512.0285761218092, 4181.253457991505, -637.290263041896, -376.0911724461191, -1371.187769851178, 841.4205901991145, -705.2762982029185, -609.9316217228643, -996.1255825947578, -700.8908874047434, -1204.4936183375723, -393.83643019151805, -988.4327713071043, -678.8689048482163, -544.2600294901197, -549.510699157069, -646.7383495150473, 376.30469928616003]
Time
11.55348801612854
The result for the 1th execution is
Query Result
[365541.31464479957, 354595.01237649895, 355266.41305460193, 367146.95912100043, 350285.61253259995, 358930.7472158012, 335115.5118889009, 350842.7559774011, 341934.1614588988, 360109.82293700037, 364872.00455929915, 334897.3674181992, 377721.1868949996, 316781.7920492998, 322217.5306327995, 311377.1336412005, 321449.45382389985, 371200.0205161989, 362094.3465016991, 351387.0598025007, 366826.4801416996, 353692.87767350057, 341125.04411569936, 343207.3316316993, 350126.3749764003]
Noised Result
[7277.982880376032, -246.33542444655586, -362.92917536421146, 24736.046700527637, -501.00452100451525, -551.4779277731304, -748.9587896237904, -611.004164322294, -496.77744022600814, -631.981771279085, -668.841153412091, -181.0257287327072, 285.4707526908469, -1036.1228898916763, -633.9389461398393, 274.71553481536955, -783.3983908550858, 1390.3725493940656, -525.769643051234, -821.2378652385705, -617.4604752045896, -653.1115558894255, -617.1943031602136, -532.0208332454558, 684.3873499277106]
Time
11.596152782440186
The result for the 2th execution is
Query Result
[365541.31464479957, 354595.01237649895, 355266.41305460193, 367146.95912100043, 350285.61253259995, 358930.7472158012, 335115.5118889009, 350842.7559774011, 341934.1614588988, 360109.82293700037, 364872.00455929915, 334897.3674181992, 377721.1868949996, 316781.7920492998, 322217.5306327995, 311377.1336412005, 321449.45382389985, 371200.0205161989, 362094.3465016991, 351387.0598025007, 366826.4801416996, 353692.87767350057, 341125.04411569936, 343207.3316316993, 350126.3749764003]
Noised Result
[-524.5071806909166, -631.0845716168526, -443.45158046532174, -680.4998214298544, 506.5343811962391, -690.1281168566636, -198.81474300708362, -746.8395624787067, -803.5896744542868, -537.3531235089993, -386.79496709626824, -1693.0791436871132, -595.3208390989562, -630.6721887867404, -675.0007268979364, -452.4891583761564, -669.663449216793, -539.7045892484705, -552.4183258835881, -631.7337628861392, -562.7698284917394, -665.7515476743606, -592.083039776584, -601.2186389729261, -1102.7475796697495]
Time
11.813066720962524
The result for the 3th execution is
Query Result
[365541.31464479957, 354595.01237649895, 355266.41305460193, 367146.95912100043, 350285.61253259995, 358930.7472158012, 335115.5118889009, 350842.7559774011, 341934.1614588988, 360109.82293700037, 364872.00455929915, 334897.3674181992, 377721.1868949996, 316781.7920492998, 322217.5306327995, 311377.1336412005, 321449.45382389985, 371200.0205161989, 362094.3465016991, 351387.0598025007, 366826.4801416996, 353692.87767350057, 341125.04411569936, 343207.3316316993, 350126.3749764003]
Noised Result
[3951.3125339959915, -486.1677455621498, -1882.8472304810057, -859.1893886538687, -400.00962915677064, -710.6718886552562, -808.1148070112718, -614.0048978229913, -863.0553074213872, -501.35536947785386, -494.14933171310895, -530.2371889408503, -385.41810507191803, -683.6827099140789, -699.9952038834265, -671.3120806150328, 371.52026523527866, -531.0081867088297, 8507.091223672454, -499.5887754835039, -459.6110224528318, -272.2479449342618, -731.7993915858549, -493.85197190286794, -490.37491016244417]
Time
11.961631298065186
The result for the 4th execution is
Query Result
[365541.31464479957, 354595.01237649895, 355266.41305460193, 367146.95912100043, 350285.61253259995, 358930.7472158012, 335115.5118889009, 350842.7559774011, 341934.1614588988, 360109.82293700037, 364872.00455929915, 334897.3674181992, 377721.1868949996, 316781.7920492998, 322217.5306327995, 311377.1336412005, 321449.45382389985, 371200.0205161989, 362094.3465016991, 351387.0598025007, 366826.4801416996, 353692.87767350057, 341125.04411569936, 343207.3316316993, 350126.3749764003]
Noised Result
[-480.18412946051285, 165.86997481310232, -401.3822858283777, -699.4588871389105, -514.1498662419369, -1337.0283846846132, -646.9043768734682, 13822.036746219033, -404.50185851381957, -436.61452748647775, -1182.559784613648, 801.8229732183063, -667.5042349377911, -694.1570226927308, -300.3820837663375, -667.8769747866609, -759.9305720217874, -440.27027489978536, -487.2752677817971, -1933.1567575545919, -583.4472582462618, -841.9475472059705, -1881.4330629082847, -693.2791228201547, -322.3084750612086]
Time
11.601717710494995
The result for the 5th execution is
Query Result
[365541.31464479957, 354595.01237649895, 355266.41305460193, 367146.95912100043, 350285.61253259995, 358930.7472158012, 335115.5118889009, 350842.7559774011, 341934.1614588988, 360109.82293700037, 364872.00455929915, 334897.3674181992, 377721.1868949996, 316781.7920492998, 322217.5306327995, 311377.1336412005, 321449.45382389985, 371200.0205161989, 362094.3465016991, 351387.0598025007, 366826.4801416996, 353692.87767350057, 341125.04411569936, 343207.3316316993, 350126.3749764003]
Noised Result
[-480.0579894878754, 907.4955364520833, -766.4202330051974, 182.01872191779194, -431.4606918573527, 13163.317510086163, 29825.04758678988, -1360.3620408666443, -412.03062217074717, -592.3406707434683, 412.5979878283006, -1516.8305725665869, -307.50470504964665, -454.8911622209082, -163.88069222128297, -649.7032365542048, -720.3023276555023, -749.2408187689402, 13601.707203543148, -446.2095861076491, -588.0576240636201, -692.0869456955375, -422.6580548976017, -262.1033598938109, -1381.8734304578181]
Time
11.683470726013184
The result for the 6th execution is
Query Result
[365541.31464479957, 354595.01237649895, 355266.41305460193, 367146.95912100043, 350285.61253259995, 358930.7472158012, 335115.5118889009, 350842.7559774011, 341934.1614588988, 360109.82293700037, 364872.00455929915, 334897.3674181992, 377721.1868949996, 316781.7920492998, 322217.5306327995, 311377.1336412005, 321449.45382389985, 371200.0205161989, 362094.3465016991, 351387.0598025007, 366826.4801416996, 353692.87767350057, 341125.04411569936, 343207.3316316993, 350126.3749764003]
Noised Result
[-473.297493753719, -869.2084433465127, -833.6274248477439, -624.4936254578222, -1990.4964239095023, -756.6446004622969, -583.2682253375347, -590.4900627593354, -441.1716607075648, -658.3293155308991, -1918.0810175523343, -1130.4289263046535, 245.09313275507407, -206.98990841123646, -802.1977691478978, -772.3956553431533, -675.8075889145284, -603.7496204303268, -560.1573971895693, -890.8062514780581, -850.8351613221664, -662.9547049722792, -806.5030217761844, -849.2132833099745, 10065.909190528175]
Time
11.717763662338257
The result for the 7th execution is
Query Result
[365541.31464479957, 354595.01237649895, 355266.41305460193, 367146.95912100043, 350285.61253259995, 358930.7472158012, 335115.5118889009, 350842.7559774011, 341934.1614588988, 360109.82293700037, 364872.00455929915, 334897.3674181992, 377721.1868949996, 316781.7920492998, 322217.5306327995, 311377.1336412005, 321449.45382389985, 371200.0205161989, 362094.3465016991, 351387.0598025007, 366826.4801416996, 353692.87767350057, 341125.04411569936, 343207.3316316993, 350126.3749764003]
Noised Result
[-767.5071045544439, -410.6958664474762, -638.8966515964441, -617.8283089515646, -1712.8416580469013, 9218.354159407754, 506.83803149332016, -686.675971372094, -275.3485218851238, -460.0861124160451, -391.591268043594, -555.5975362949939, -574.8193841139428, -1280.7134867963505, -913.8035329859526, -556.0429384178356, -551.5298509471972, 16.41024103584698, 1314.88056486783, -579.8717492687392, -1096.9608328564614, -568.0286543764521, -501.1960799089204, -378.00065940669765, -195.21413139595165]
Time
11.20321273803711
The result for the 8th execution is
Query Result
[365541.31464479957, 354595.01237649895, 355266.41305460193, 367146.95912100043, 350285.61253259995, 358930.7472158012, 335115.5118889009, 350842.7559774011, 341934.1614588988, 360109.82293700037, 364872.00455929915, 334897.3674181992, 377721.1868949996, 316781.7920492998, 322217.5306327995, 311377.1336412005, 321449.45382389985, 371200.0205161989, 362094.3465016991, 351387.0598025007, 366826.4801416996, 353692.87767350057, 341125.04411569936, 343207.3316316993, 350126.3749764003]
Noised Result
[-515.675973282101, -612.8192533726153, 2174.459995435296, -132.60089067216643, -292.6520063221044, -669.3494170801714, 381.5804082719219, -798.4945240677198, -405.1531623831786, -908.9343610167407, -734.1098178736104, -733.6490266068988, -605.4689757011947, -591.0303089019399, 1644.957472205292, -762.5224639680039, -642.2764281192051, -1493.8357702339217, -1136.0231224450135, -585.9303434322705, -761.5831160704388, -698.1055690203257, -835.1349088780075, -523.3755587500507, -493.7248798667747]
Time
12.000814199447632
The result for the 9th execution is
Query Result
[365541.31464479957, 354595.01237649895, 355266.41305460193, 367146.95912100043, 350285.61253259995, 358930.7472158012, 335115.5118889009, 350842.7559774011, 341934.1614588988, 360109.82293700037, 364872.00455929915, 334897.3674181992, 377721.1868949996, 316781.7920492998, 322217.5306327995, 311377.1336412005, 321449.45382389985, 371200.0205161989, 362094.3465016991, 351387.0598025007, 366826.4801416996, 353692.87767350057, 341125.04411569936, 343207.3316316993, 350126.3749764003]
Noised Result
[4428.496624839096, -491.1800910906568, -705.3776836259717, -541.1627822431797, -479.57972230195014, -587.2212546683847, 249.80559074839766, 5416.540042867084, -814.8085742883327, -635.3387821225895, 1484.4548658576095, -888.7985529271277, -525.673365482806, -639.2207038690865, -609.5339611901545, -833.6430076863844, -807.1127561629926, -873.3661026140999, -522.9881818812955, 122.67136461402276, -856.1087758163594, -537.3503137498462, -212.0385167163414, -933.5669785258096, -619.79190976206]
Time
11.961617708206177
The result for the 10th execution is
Query Result
[365541.31464479957, 354595.01237649895, 355266.41305460193, 367146.95912100043, 350285.61253259995, 358930.7472158012, 335115.5118889009, 350842.7559774011, 341934.1614588988, 360109.82293700037, 364872.00455929915, 334897.3674181992, 377721.1868949996, 316781.7920492998, 322217.5306327995, 311377.1336412005, 321449.45382389985, 371200.0205161989, 362094.3465016991, 351387.0598025007, 366826.4801416996, 353692.87767350057, 341125.04411569936, 343207.3316316993, 350126.3749764003]
Noised Result
[490.1526816405094, -555.4421455708296, -803.3030183563942, -271.0836364562647, -991.6505494405762, -1064.8179193107621, -650.1566051429061, -124.07303247684672, -458.60309546104554, 31154.341783241616, -666.8874717772576, -339.63036518439776, 5549.783994798825, -645.8416513392353, -311.674870261611, -593.3677005685995, -113.89919040228574, -613.3436389913004, -466.08031507171563, -436.8489112134787, -500.9848857695065, -874.5000329425229, -1515.1400708862773, -647.6455555055866, -698.7788966360711]
Time
11.994149446487427
The result for the 11th execution is
Query Result
[365541.31464479957, 354595.01237649895, 355266.41305460193, 367146.95912100043, 350285.61253259995, 358930.7472158012, 335115.5118889009, 350842.7559774011, 341934.1614588988, 360109.82293700037, 364872.00455929915, 334897.3674181992, 377721.1868949996, 316781.7920492998, 322217.5306327995, 311377.1336412005, 321449.45382389985, 371200.0205161989, 362094.3465016991, 351387.0598025007, 366826.4801416996, 353692.87767350057, 341125.04411569936, 343207.3316316993, 350126.3749764003]
Noised Result
[-711.6891383733905, -554.1910406660595, -472.01961472149765, -652.9570111294304, -327.28163588345797, -507.82856737628526, -680.3788632156654, 22.745046040023, -294.4716360272914, -641.0319721869521, -522.7624097175626, -646.658055175601, 856.6348991088089, -743.0216771004198, -632.6325469526446, -322.5304733936184, -656.3628951009262, -332.4707212872961, -679.5489969691455, -664.6011734414965, -271.6177183739983, -494.97455789399464, -670.0214185618318, 13418.649257153884, -579.8329697257166]
Time
12.131847858428955
The result for the 12th execution is
Query Result
[365541.31464479957, 354595.01237649895, 355266.41305460193, 367146.95912100043, 350285.61253259995, 358930.7472158012, 335115.5118889009, 350842.7559774011, 341934.1614588988, 360109.82293700037, 364872.00455929915, 334897.3674181992, 377721.1868949996, 316781.7920492998, 322217.5306327995, 311377.1336412005, 321449.45382389985, 371200.0205161989, 362094.3465016991, 351387.0598025007, 366826.4801416996, 353692.87767350057, 341125.04411569936, 343207.3316316993, 350126.3749764003]
Noised Result
[13258.169368498122, -630.9727926069527, -462.7060410711115, -529.0791242087023, 3126.053621701908, -636.1433720704265, -848.3452781600226, -364.2544082896843, -743.3435802544004, -464.39516027040486, -518.038063703413, -638.0435561557872, -565.4061769816767, -629.7574097757517, -1688.6622415678803, 457.2248956602298, -950.1564829851236, -1129.3856742072508, -622.8151979804118, -563.820948390492, -455.43986871376933, -483.304245189511, -614.1166777846329, -1674.4742935754734, -580.153088558246]
Time
11.712692260742188
The result for the 13th execution is
Query Result
[365541.31464479957, 354595.01237649895, 355266.41305460193, 367146.95912100043, 350285.61253259995, 358930.7472158012, 335115.5118889009, 350842.7559774011, 341934.1614588988, 360109.82293700037, 364872.00455929915, 334897.3674181992, 377721.1868949996, 316781.7920492998, 322217.5306327995, 311377.1336412005, 321449.45382389985, 371200.0205161989, 362094.3465016991, 351387.0598025007, 366826.4801416996, 353692.87767350057, 341125.04411569936, 343207.3316316993, 350126.3749764003]
Noised Result
[-302.1914036173164, 188082.21633193298, -336.90018578371087, 27866.11253799984, 3237.991428434919, -551.1018468481861, -682.9224004785062, 3289.625905978355, 10467.260269954248, -608.2841281900378, -762.857345619422, -408.84700739679147, 1969.147035179758, -532.0556900694517, -694.2892401953486, -396.570265549371, 438.5858919466482, -529.480720035006, -541.2371172236733, -637.3543189386546, -686.5706629223669, -557.9184484677342, -765.0696579925841, -213.54929294306203, -550.0788040380323]
Time
11.786234378814697
The result for the 14th execution is
Query Result
[365541.31464479957, 354595.01237649895, 355266.41305460193, 367146.95912100043, 350285.61253259995, 358930.7472158012, 335115.5118889009, 350842.7559774011, 341934.1614588988, 360109.82293700037, 364872.00455929915, 334897.3674181992, 377721.1868949996, 316781.7920492998, 322217.5306327995, 311377.1336412005, 321449.45382389985, 371200.0205161989, 362094.3465016991, 351387.0598025007, 366826.4801416996, 353692.87767350057, 341125.04411569936, 343207.3316316993, 350126.3749764003]
Noised Result
[-1481.3940935539822, -131.10489959752215, -584.5345453874638, -564.9156931839457, -364.22283320477186, -510.86322867147896, -331.94960889499885, -632.3271582476468, -603.8826850045259, -417.0826298326683, -902.3462925632462, -569.53271826061, -668.8125076900728, -618.2201760748892, -785.0256890597436, -539.9550519444142, -127.64860846334102, -527.9747772430858, 22.619656747375984, -792.4866926661791, -644.2055046381683, 86.7734808360558, -376.48945504266703, -703.2852163103546, -560.2456778146975]
Time
11.97943639755249
The result for the 15th execution is
Query Result
[365541.31464479957, 354595.01237649895, 355266.41305460193, 367146.95912100043, 350285.61253259995, 358930.7472158012, 335115.5118889009, 350842.7559774011, 341934.1614588988, 360109.82293700037, 364872.00455929915, 334897.3674181992, 377721.1868949996, 316781.7920492998, 322217.5306327995, 311377.1336412005, 321449.45382389985, 371200.0205161989, 362094.3465016991, 351387.0598025007, 366826.4801416996, 353692.87767350057, 341125.04411569936, 343207.3316316993, 350126.3749764003]
Noised Result
[-600.3139629554316, -602.0278213665667, -530.2066413250429, 51469.88512161805, -315.29011578387326, -605.9391778844276, -706.6655378216722, -284.1334484735826, -956.3510872220979, -820.2496080929723, -193.92999513743553, -581.4820361602947, -576.5769909796904, -309.37542566342677, -648.6391372819751, -658.7207975270812, -1043.3908911063063, -507.4068142447197, -455.9258350543778, -612.414750739616, -790.9361146766576, -470.9003977102691, -312.1746491796273, -504.96137990220564, 208.27050701098005]
Time
11.965473890304565
The result for the 16th execution is
Query Result
[365541.31464479957, 354595.01237649895, 355266.41305460193, 367146.95912100043, 350285.61253259995, 358930.7472158012, 335115.5118889009, 350842.7559774011, 341934.1614588988, 360109.82293700037, 364872.00455929915, 334897.3674181992, 377721.1868949996, 316781.7920492998, 322217.5306327995, 311377.1336412005, 321449.45382389985, 371200.0205161989, 362094.3465016991, 351387.0598025007, 366826.4801416996, 353692.87767350057, 341125.04411569936, 343207.3316316993, 350126.3749764003]
Noised Result
[-751.1236260480218, -240.89426408349027, -837.4903258804916, 6.842172051068701, -838.7202452604483, -528.1735863341751, -682.2220402584396, -670.67625075651, -947.5839719533847, -546.1253986337956, -563.0633864826705, -604.019461727418, -507.68955642237484, -515.1637033505267, -607.8324615178665, -432.5413008357159, 64448.485915751226, -821.5981300928884, -398.958671049872, -529.9421731275147, -484.14702493034633, 2973.963924199281, -1118.96375419669, -735.97066335474, -402.84716667687826]
Time
11.459253787994385
The result for the 17th execution is
Query Result
[365541.31464479957, 354595.01237649895, 355266.41305460193, 367146.95912100043, 350285.61253259995, 358930.7472158012, 335115.5118889009, 350842.7559774011, 341934.1614588988, 360109.82293700037, 364872.00455929915, 334897.3674181992, 377721.1868949996, 316781.7920492998, 322217.5306327995, 311377.1336412005, 321449.45382389985, 371200.0205161989, 362094.3465016991, 351387.0598025007, 366826.4801416996, 353692.87767350057, 341125.04411569936, 343207.3316316993, 350126.3749764003]
Noised Result
[-559.0123932948986, -643.7233201965482, -545.9954539870855, 20096.493776401265, -910.6683510706762, -606.1686793143617, 222.7310959359762, -653.584041168981, -480.5349523914815, -566.7576170740488, -198.64380443075538, -622.5968197742302, -611.0852742136653, -619.0364854609109, 99.65513762416799, -1747.548712169644, 3774.039357409907, -526.2576878201855, 1506.6686127794665, -492.5928502048623, -603.3069447438181, -316.7169927901698, -563.8557708965891, -545.7255363955903, 1616.0442665668816]
Time
11.998294115066528
The result for the 18th execution is
Query Result
[365541.31464479957, 354595.01237649895, 355266.41305460193, 367146.95912100043, 350285.61253259995, 358930.7472158012, 335115.5118889009, 350842.7559774011, 341934.1614588988, 360109.82293700037, 364872.00455929915, 334897.3674181992, 377721.1868949996, 316781.7920492998, 322217.5306327995, 311377.1336412005, 321449.45382389985, 371200.0205161989, 362094.3465016991, 351387.0598025007, 366826.4801416996, 353692.87767350057, 341125.04411569936, 343207.3316316993, 350126.3749764003]
Noised Result
[-40.54024376887469, -445.852810271766, -1878.7562097939478, 78.34373912930732, -867.7036794245093, -318.20862149320305, -643.6557375145762, -780.091065070786, -549.0375250564259, -624.2075597681626, -376.53446375598196, -623.1246855391928, -459.2578517343052, 484.45802108869475, -118.80786009597432, -396.5907655160879, -565.1059182828731, -746.4848582066998, -408.5568133124941, -778.2959624308221, -303.9709834973878, -694.0754127354653, -588.147955578577, -566.9394748180237, -549.3461937972033]
Time
11.758586883544922
The result for the 19th execution is
Query Result
[365541.31464479957, 354595.01237649895, 355266.41305460193, 367146.95912100043, 350285.61253259995, 358930.7472158012, 335115.5118889009, 350842.7559774011, 341934.1614588988, 360109.82293700037, 364872.00455929915, 334897.3674181992, 377721.1868949996, 316781.7920492998, 322217.5306327995, 311377.1336412005, 321449.45382389985, 371200.0205161989, 362094.3465016991, 351387.0598025007, 366826.4801416996, 353692.87767350057, 341125.04411569936, 343207.3316316993, 350126.3749764003]
Noised Result
[-346.12679180066766, -550.8146046078086, -1424.352479341307, -710.8907444921401, -621.6914972963618, -1394.4548222837095, -628.1024235547229, 2246.7019140992325, -610.8463460544331, -545.4166876221559, 24894.555470076826, -626.3104882855068, 39.94945720933288, -559.9615711563092, -440.8785230345661, -470.72290934509533, -578.1256378280611, -400.4226228210389, -534.2323893007797, 18239.216086383472, -375.02827631412765, -658.1841121262642, -894.0437069411696, -436.31484766068, -301.52345086721357]
Time
11.674642562866211
