The result for the 0th execution is
Query Result
[2720019.4121472244, 2835894.282625002, 2760699.7566585997, 2865417.530207791, 2787411.8115976905, 2785106.699887135, 2801806.693251025, 2744348.3736281106, 2780514.4290772323, 2855014.5367263085, 2801530.809516005, 2747741.292394577, 2870253.5975333103, 2756300.288831114, 2752934.990517395, 2748918.5063033043, 2776952.6599566997, 2749537.127971379, 2766627.949587367, 2764061.9979970944, 2840495.1870375713, 2772855.943581495, 2817262.233039793, 2844715.1197668896, 2809049.573360803]
Noised Result
[1909224.9357073868, 1951676.3376276258, 1806242.8135865403, 2244285.7023473615, 1787386.1058760267, 1762514.956389648, 2214308.974435281, 1853976.2868160033, 1912336.9346528407, 1949454.3084901506, 1950075.47993775, 1916856.6036862878, 2009720.2046026022, 2050000.0531361892, 1921786.5320651855, 1873335.3677818233, 1917695.0644845027, 1727497.2354180682, 2003697.7420910578, 2137349.130978382, 2153788.4041304993, 2079761.3405094221, 1893491.9250170742, 1867375.5905416084, 1953198.5593284424]
Time
28.687800645828247
The result for the 1th execution is
Query Result
[2720019.4121472244, 2835894.282625002, 2760699.7566585997, 2865417.530207791, 2787411.8115976905, 2785106.699887135, 2801806.693251025, 2744348.3736281106, 2780514.4290772323, 2855014.5367263085, 2801530.809516005, 2747741.292394577, 2870253.5975333103, 2756300.288831114, 2752934.990517395, 2748918.5063033043, 2776952.6599566997, 2749537.127971379, 2766627.949587367, 2764061.9979970944, 2840495.1870375713, 2772855.943581495, 2817262.233039793, 2844715.1197668896, 2809049.573360803]
Noised Result
[1791228.1229270266, 1877287.6881914898, 1907849.2321915757, 1957583.5732536167, 1917750.5452209478, 1771760.2436744485, 1840011.2753551686, 2167799.2052200725, 1968695.1638412154, 1962481.9512658045, 1860979.4200143975, 1704134.0291357012, 2008983.3420358845, 1846706.7186146327, 1861733.1952846218, 1644734.5917426073, 1786461.2070972316, 1857010.4882685216, 1898867.8696506114, 1915720.4391329354, 1923975.9368092427, 1580403.643438088, 2040051.3972172267, 1926471.1351443813, 1925119.899132269]
Time
28.16522789001465
The result for the 2th execution is
Query Result
[2720019.4121472244, 2835894.282625002, 2760699.7566585997, 2865417.530207791, 2787411.8115976905, 2785106.699887135, 2801806.693251025, 2744348.3736281106, 2780514.4290772323, 2855014.5367263085, 2801530.809516005, 2747741.292394577, 2870253.5975333103, 2756300.288831114, 2752934.990517395, 2748918.5063033043, 2776952.6599566997, 2749537.127971379, 2766627.949587367, 2764061.9979970944, 2840495.1870375713, 2772855.943581495, 2817262.233039793, 2844715.1197668896, 2809049.573360803]
Noised Result
[1815386.5637390635, 1950089.9734334766, 1754267.491379473, 1990517.0095096421, 2208859.9844307797, 1991343.5176858995, 1974304.1343090432, 1953779.9468959894, 1897236.5417256462, 1890657.3659744938, 1964129.812174929, 1760011.0648777136, 1945851.562648149, 2003181.193948886, 1983361.2078777014, 1864650.0560928928, 1961866.4542056094, 1909074.3693011943, 2005740.9123158394, 1955794.8281189902, 2056909.859984424, 1781602.9368539327, 1868008.9929415584, 1753144.130746179, 1864846.2652873183]
Time
28.72387385368347
The result for the 3th execution is
Query Result
[2720019.4121472244, 2835894.282625002, 2760699.7566585997, 2865417.530207791, 2787411.8115976905, 2785106.699887135, 2801806.693251025, 2744348.3736281106, 2780514.4290772323, 2855014.5367263085, 2801530.809516005, 2747741.292394577, 2870253.5975333103, 2756300.288831114, 2752934.990517395, 2748918.5063033043, 2776952.6599566997, 2749537.127971379, 2766627.949587367, 2764061.9979970944, 2840495.1870375713, 2772855.943581495, 2817262.233039793, 2844715.1197668896, 2809049.573360803]
Noised Result
[1853434.3937702025, 1699710.567633419, 2005971.292113012, 1764595.6957096215, 1986649.5934310541, 1940062.3415782112, 2051132.3766563938, 1777502.3469330382, 1987088.309962874, 2037508.6785579808, 2085162.6760622396, 1819357.2843692335, 2043345.6315884755, 1945953.1420805908, 1718207.7599880404, 1771231.590200097, 1832323.8142318185, 1830587.5365909494, 1779684.0315323854, 1544132.1011285167, 2060753.3682583566, 1918223.3434704174, 1962358.0047278535, 1934051.833362447, 1992028.2218999097]
Time
28.754956483840942
The result for the 4th execution is
Query Result
[2720019.4121472244, 2835894.282625002, 2760699.7566585997, 2865417.530207791, 2787411.8115976905, 2785106.699887135, 2801806.693251025, 2744348.3736281106, 2780514.4290772323, 2855014.5367263085, 2801530.809516005, 2747741.292394577, 2870253.5975333103, 2756300.288831114, 2752934.990517395, 2748918.5063033043, 2776952.6599566997, 2749537.127971379, 2766627.949587367, 2764061.9979970944, 2840495.1870375713, 2772855.943581495, 2817262.233039793, 2844715.1197668896, 2809049.573360803]
Noised Result
[1938850.699417478, 1881953.2601948646, 1839586.1440021135, 1997810.671507128, 1847900.7696060427, 1888187.3710589046, 1880069.5888883257, 1863900.1486582872, 1777545.635720394, 2095141.5217544723, 1912592.1337467444, 1792146.0421589916, 2006376.5959417273, 1734805.4369820545, 1881060.8602045984, 1819435.9031342564, 1568560.344635176, 1914633.002405863, 1885905.0557874767, 1909022.3505593538, 1987151.1572739314, 1944119.269054262, 1929760.8854161622, 1940829.3084337919, 1924907.143902531]
Time
28.997987985610962
The result for the 5th execution is
Query Result
[2720019.4121472244, 2835894.282625002, 2760699.7566585997, 2865417.530207791, 2787411.8115976905, 2785106.699887135, 2801806.693251025, 2744348.3736281106, 2780514.4290772323, 2855014.5367263085, 2801530.809516005, 2747741.292394577, 2870253.5975333103, 2756300.288831114, 2752934.990517395, 2748918.5063033043, 2776952.6599566997, 2749537.127971379, 2766627.949587367, 2764061.9979970944, 2840495.1870375713, 2772855.943581495, 2817262.233039793, 2844715.1197668896, 2809049.573360803]
Noised Result
[1861642.1381893272, 1988942.2177435064, 2041237.4931432167, 1924000.9730028687, 1911618.9501268507, 1987763.6713751303, 2012326.3448914913, 1894558.5521658058, 1865680.6398990843, 1955908.0815407068, 1938582.476294049, 1891247.2093166807, 1918721.835927821, 2058222.3939264016, 1830789.7136148761, 1964009.2382774628, 1977063.6578948828, 1924899.4491139338, 1701354.2722038946, 2111370.357814742, 2024080.5251732245, 1919754.3976012005, 1851515.903131231, 1928140.388454721, 1774752.9133242185]
Time
28.564759731292725
The result for the 6th execution is
Query Result
[2720019.4121472244, 2835894.282625002, 2760699.7566585997, 2865417.530207791, 2787411.8115976905, 2785106.699887135, 2801806.693251025, 2744348.3736281106, 2780514.4290772323, 2855014.5367263085, 2801530.809516005, 2747741.292394577, 2870253.5975333103, 2756300.288831114, 2752934.990517395, 2748918.5063033043, 2776952.6599566997, 2749537.127971379, 2766627.949587367, 2764061.9979970944, 2840495.1870375713, 2772855.943581495, 2817262.233039793, 2844715.1197668896, 2809049.573360803]
Noised Result
[1939501.6410438837, 1934657.705357561, 1845608.582387892, 2008986.6778132007, 1936992.1797526923, 1639336.315067273, 1881987.2189943355, 1957968.2793655004, 2013406.6255476628, 2027899.639105917, 1829448.096145707, 1842446.6606908, 1984117.0034596818, 1891020.919623157, 1940541.6865364749, 1950588.6129050928, 1829804.7211349513, 1842140.5829515168, 1898121.8525327155, 1861337.6666797996, 1880492.0934257559, 1975219.641868362, 1875874.4109925195, 1862966.9888722622, 1796692.3555460102]
Time
28.53402018547058
The result for the 7th execution is
Query Result
[2720019.4121472244, 2835894.282625002, 2760699.7566585997, 2865417.530207791, 2787411.8115976905, 2785106.699887135, 2801806.693251025, 2744348.3736281106, 2780514.4290772323, 2855014.5367263085, 2801530.809516005, 2747741.292394577, 2870253.5975333103, 2756300.288831114, 2752934.990517395, 2748918.5063033043, 2776952.6599566997, 2749537.127971379, 2766627.949587367, 2764061.9979970944, 2840495.1870375713, 2772855.943581495, 2817262.233039793, 2844715.1197668896, 2809049.573360803]
Noised Result
[1835022.5565102866, 1898242.3694630177, 2006456.8725680443, 1805848.8784201175, 2033366.3734512366, 1837908.0321119074, 1890841.4736117523, 1848761.1216293327, 1875477.5933700465, 1897063.6253209838, 1970363.5333401642, 1777830.5908186005, 1926016.0661294698, 1997544.4257452097, 1848385.4860540591, 1976178.5706069013, 2009070.6949006438, 1833315.2782850147, 1928695.4081240501, 1732252.9897538505, 1937572.5572976684, 1911633.4118451993, 2058580.6249229345, 1965891.8487871194, 2183348.278916278]
Time
28.99925184249878
The result for the 8th execution is
Query Result
[2720019.4121472244, 2835894.282625002, 2760699.7566585997, 2865417.530207791, 2787411.8115976905, 2785106.699887135, 2801806.693251025, 2744348.3736281106, 2780514.4290772323, 2855014.5367263085, 2801530.809516005, 2747741.292394577, 2870253.5975333103, 2756300.288831114, 2752934.990517395, 2748918.5063033043, 2776952.6599566997, 2749537.127971379, 2766627.949587367, 2764061.9979970944, 2840495.1870375713, 2772855.943581495, 2817262.233039793, 2844715.1197668896, 2809049.573360803]
Noised Result
[2000449.2338298024, 2022664.8814215895, 1836594.2780017264, 1969570.4848445612, 1775478.4189229156, 2308424.6739772228, 1750777.190092396, 1853515.66241996, 1897449.2089190024, 2038472.828143748, 2054146.0323250685, 1936867.50244481, 1941757.8885376714, 1781887.653296912, 2088230.663932805, 1776374.93088964, 1811253.0219096164, 2106267.3587826197, 1849174.400169761, 2155393.2047216306, 1934182.7405466083, 1969338.6038306588, 2098641.2002585013, 1796138.5991641104, 1929250.0342516734]
Time
29.111863374710083
The result for the 9th execution is
Query Result
[2720019.4121472244, 2835894.282625002, 2760699.7566585997, 2865417.530207791, 2787411.8115976905, 2785106.699887135, 2801806.693251025, 2744348.3736281106, 2780514.4290772323, 2855014.5367263085, 2801530.809516005, 2747741.292394577, 2870253.5975333103, 2756300.288831114, 2752934.990517395, 2748918.5063033043, 2776952.6599566997, 2749537.127971379, 2766627.949587367, 2764061.9979970944, 2840495.1870375713, 2772855.943581495, 2817262.233039793, 2844715.1197668896, 2809049.573360803]
Noised Result
[1874181.8761157985, 2035272.119525334, 1885479.2957286867, 2059952.9049590887, 2043067.6389694486, 1881620.709869273, 2001410.5098766696, 1873910.0913408669, 1753741.9072654448, 1972713.106180723, 2012471.4761110288, 1960613.071380099, 1963681.3678016881, 1859740.5284076554, 1903816.5075694895, 1820014.0375126787, 1807390.8004943384, 1867459.450335681, 1878453.729177746, 2028218.554576835, 1752938.5623907205, 1909181.7971594068, 1906409.0013743958, 1966825.1947058071, 1914385.800913372]
Time
28.36081886291504
The result for the 10th execution is
Query Result
[2720019.4121472244, 2835894.282625002, 2760699.7566585997, 2865417.530207791, 2787411.8115976905, 2785106.699887135, 2801806.693251025, 2744348.3736281106, 2780514.4290772323, 2855014.5367263085, 2801530.809516005, 2747741.292394577, 2870253.5975333103, 2756300.288831114, 2752934.990517395, 2748918.5063033043, 2776952.6599566997, 2749537.127971379, 2766627.949587367, 2764061.9979970944, 2840495.1870375713, 2772855.943581495, 2817262.233039793, 2844715.1197668896, 2809049.573360803]
Noised Result
[1861212.3085126118, 1894748.3787550912, 1956233.3864697716, 1941322.8304450284, 1841028.2737768341, 1931115.6008806063, 1885304.9917494562, 1812422.5800009938, 1911021.9712721845, 1854675.791695545, 1978048.3465414806, 1925429.5813736047, 1918471.3069039197, 1953795.6463243472, 1819524.2946239398, 1880678.0322499245, 1918998.5727265682, 1862835.587813584, 1817576.7685514628, 1863592.9032724288, 1901762.309830241, 2116766.2472592145, 1736244.7557742281, 2048756.1342600076, 2191387.9374123635]
Time
28.486408233642578
The result for the 11th execution is
Query Result
[2720019.4121472244, 2835894.282625002, 2760699.7566585997, 2865417.530207791, 2787411.8115976905, 2785106.699887135, 2801806.693251025, 2744348.3736281106, 2780514.4290772323, 2855014.5367263085, 2801530.809516005, 2747741.292394577, 2870253.5975333103, 2756300.288831114, 2752934.990517395, 2748918.5063033043, 2776952.6599566997, 2749537.127971379, 2766627.949587367, 2764061.9979970944, 2840495.1870375713, 2772855.943581495, 2817262.233039793, 2844715.1197668896, 2809049.573360803]
Noised Result
[2229575.1841545557, 1880381.241228493, 1915194.0268419804, 2042739.4430960822, 1860409.4214908995, 1853342.144371821, 1850598.4781474848, 1801232.776332087, 2248830.742347346, 1949817.6278082908, 1907702.1600277715, 1905838.5286321947, 2025321.1383815047, 1812669.1212095572, 1877528.0578573097, 1783213.254554919, 1966205.5155437877, 1844942.3214842635, 1993406.4587501013, 1916024.8003659884, 1839258.4509250768, 1970534.0009815628, 1985571.5660712589, 2084253.5168537106, 2041697.7611866987]
Time
29.03392720222473
The result for the 12th execution is
Query Result
[2720019.4121472244, 2835894.282625002, 2760699.7566585997, 2865417.530207791, 2787411.8115976905, 2785106.699887135, 2801806.693251025, 2744348.3736281106, 2780514.4290772323, 2855014.5367263085, 2801530.809516005, 2747741.292394577, 2870253.5975333103, 2756300.288831114, 2752934.990517395, 2748918.5063033043, 2776952.6599566997, 2749537.127971379, 2766627.949587367, 2764061.9979970944, 2840495.1870375713, 2772855.943581495, 2817262.233039793, 2844715.1197668896, 2809049.573360803]
Noised Result
[1813022.82824662, 1873213.9908419398, 1874614.1857121089, 1973847.874977456, 1918603.0906106215, 1840464.3897571685, 1975500.3463240988, 1948998.2703070967, 2062293.0782093867, 1951831.18623539, 1988466.8738865294, 1907099.9582300633, 2117186.2709605377, 2085267.049994442, 1882711.2402452566, 1869590.1293104035, 1848922.2004675432, 1920612.7928235468, 1969848.6618901882, 1986100.9080534608, 1953891.296651635, 1923289.5086703813, 2141149.7650565905, 2121360.397227315, 1909079.1807400417]
Time
28.41414976119995
The result for the 13th execution is
Query Result
[2720019.4121472244, 2835894.282625002, 2760699.7566585997, 2865417.530207791, 2787411.8115976905, 2785106.699887135, 2801806.693251025, 2744348.3736281106, 2780514.4290772323, 2855014.5367263085, 2801530.809516005, 2747741.292394577, 2870253.5975333103, 2756300.288831114, 2752934.990517395, 2748918.5063033043, 2776952.6599566997, 2749537.127971379, 2766627.949587367, 2764061.9979970944, 2840495.1870375713, 2772855.943581495, 2817262.233039793, 2844715.1197668896, 2809049.573360803]
Noised Result
[1871445.5783659655, 1950814.668648572, 2009656.13269528, 1951529.551310656, 1851756.3123632888, 1935242.8788795213, 2091224.8654902063, 1886936.3604302902, 1875042.1756599937, 1886032.7608511862, 1619143.6445149053, 1867864.1761610357, 1908255.6857895846, 2009723.222680326, 1666330.8819043592, 1944794.9837639518, 1913429.4492570153, 1815813.2540427404, 1902321.074423151, 1922754.0689652741, 1963597.0498228087, 1861397.0147916987, 1894482.0883244867, 1900523.8358596703, 2095986.8202732825]
Time
28.41776752471924
The result for the 14th execution is
Query Result
[2720019.4121472244, 2835894.282625002, 2760699.7566585997, 2865417.530207791, 2787411.8115976905, 2785106.699887135, 2801806.693251025, 2744348.3736281106, 2780514.4290772323, 2855014.5367263085, 2801530.809516005, 2747741.292394577, 2870253.5975333103, 2756300.288831114, 2752934.990517395, 2748918.5063033043, 2776952.6599566997, 2749537.127971379, 2766627.949587367, 2764061.9979970944, 2840495.1870375713, 2772855.943581495, 2817262.233039793, 2844715.1197668896, 2809049.573360803]
Noised Result
[1825104.700183511, 1861659.9270189733, 1845028.8366291537, 1646537.0701979839, 2045612.4220817406, 1893062.9575674818, 1857081.0213778054, 1891678.9693762562, 1721567.7975005673, 1933656.2824053885, 1645906.303906653, 1845309.1690045348, 2092301.2899460732, 1866495.6947981992, 2032498.6445663304, 1842520.0777438548, 2028846.0473065353, 1647312.062992334, 2225533.19208642, 1933257.7448790753, 1865115.36466082, 2015279.562309954, 2149942.866311152, 2055547.5754997146, 2030242.0140480078]
Time
28.771284580230713
The result for the 15th execution is
Query Result
[2720019.4121472244, 2835894.282625002, 2760699.7566585997, 2865417.530207791, 2787411.8115976905, 2785106.699887135, 2801806.693251025, 2744348.3736281106, 2780514.4290772323, 2855014.5367263085, 2801530.809516005, 2747741.292394577, 2870253.5975333103, 2756300.288831114, 2752934.990517395, 2748918.5063033043, 2776952.6599566997, 2749537.127971379, 2766627.949587367, 2764061.9979970944, 2840495.1870375713, 2772855.943581495, 2817262.233039793, 2844715.1197668896, 2809049.573360803]
Noised Result
[1890779.550145269, 2099747.5894044987, 1801616.4986027952, 2014678.4007884306, 1815895.0105597756, 2076723.7773626917, 2408733.44225191, 1864675.517844158, 1932907.173690464, 2102805.7316378984, 1931256.7880740743, 2058793.7986166617, 1879529.7471288114, 1923968.124794606, 1873946.3127540948, 1884149.5138509874, 2011717.322360484, 1918295.1653487561, 1881423.1581688924, 1882917.9242015376, 1895080.822568528, 2149663.077297658, 1974906.6993304156, 1790436.7574108923, 1888867.985422442]
Time
28.258607625961304
The result for the 16th execution is
Query Result
[2720019.4121472244, 2835894.282625002, 2760699.7566585997, 2865417.530207791, 2787411.8115976905, 2785106.699887135, 2801806.693251025, 2744348.3736281106, 2780514.4290772323, 2855014.5367263085, 2801530.809516005, 2747741.292394577, 2870253.5975333103, 2756300.288831114, 2752934.990517395, 2748918.5063033043, 2776952.6599566997, 2749537.127971379, 2766627.949587367, 2764061.9979970944, 2840495.1870375713, 2772855.943581495, 2817262.233039793, 2844715.1197668896, 2809049.573360803]
Noised Result
[1841377.310909648, 2070881.292920888, 1894999.890437398, 1986176.158932722, 1925596.452338776, 2149637.7797406465, 1955655.9577352847, 2034322.5826658267, 2064483.4926629397, 2019127.3396833271, 1829779.928393981, 1882883.6919150173, 2125377.7382961814, 1842572.0515670776, 1996618.3710014708, 1878493.3732111552, 1598098.9275623644, 1996948.648673138, 2206351.251980017, 2004442.560540753, 1865463.855729594, 1987005.3676759368, 1979455.9487521353, 1835084.6876074506, 1941495.4670729435]
Time
28.590630292892456
The result for the 17th execution is
Query Result
[2720019.4121472244, 2835894.282625002, 2760699.7566585997, 2865417.530207791, 2787411.8115976905, 2785106.699887135, 2801806.693251025, 2744348.3736281106, 2780514.4290772323, 2855014.5367263085, 2801530.809516005, 2747741.292394577, 2870253.5975333103, 2756300.288831114, 2752934.990517395, 2748918.5063033043, 2776952.6599566997, 2749537.127971379, 2766627.949587367, 2764061.9979970944, 2840495.1870375713, 2772855.943581495, 2817262.233039793, 2844715.1197668896, 2809049.573360803]
Noised Result
[2034255.6576415387, 2117009.0389411133, 1785722.4029280655, 1957272.9189230613, 2160111.004202066, 1988068.0809363648, 2012819.3849327737, 1930423.847535828, 1750789.5954735163, 2000988.2120228487, 1554137.78486213, 1958066.598695041, 2057071.7276736759, 1912419.697784847, 2200900.2616806934, 1847704.7682390814, 1855796.5488966708, 1852434.959342178, 1841204.2028687636, 1887101.728216636, 1914396.5676830416, 1959296.4699735409, 1887784.6668005534, 1849709.8436844226, 2115416.649233725]
Time
28.347641229629517
The result for the 18th execution is
Query Result
[2720019.4121472244, 2835894.282625002, 2760699.7566585997, 2865417.530207791, 2787411.8115976905, 2785106.699887135, 2801806.693251025, 2744348.3736281106, 2780514.4290772323, 2855014.5367263085, 2801530.809516005, 2747741.292394577, 2870253.5975333103, 2756300.288831114, 2752934.990517395, 2748918.5063033043, 2776952.6599566997, 2749537.127971379, 2766627.949587367, 2764061.9979970944, 2840495.1870375713, 2772855.943581495, 2817262.233039793, 2844715.1197668896, 2809049.573360803]
Noised Result
[1850689.8456027342, 2031709.726121772, 1851171.5061963096, 1946326.3325246666, 1818980.872146118, 2035274.50162861, 1796202.6748264919, 1865122.6968326252, 1936705.7752090027, 1961114.7133900505, 1933407.166526835, 2219618.4977074554, 2007087.926600207, 1940028.1073862165, 1925078.4380805271, 1838379.3218318284, 1800923.009837362, 1891954.5924234507, 1750834.6501633, 1898513.7583129203, 1904852.5889739145, 1994509.0591127125, 1809817.9538121438, 1858011.2879279992, 2122937.9596157097]
Time
28.179221153259277
The result for the 19th execution is
Query Result
[2720019.4121472244, 2835894.282625002, 2760699.7566585997, 2865417.530207791, 2787411.8115976905, 2785106.699887135, 2801806.693251025, 2744348.3736281106, 2780514.4290772323, 2855014.5367263085, 2801530.809516005, 2747741.292394577, 2870253.5975333103, 2756300.288831114, 2752934.990517395, 2748918.5063033043, 2776952.6599566997, 2749537.127971379, 2766627.949587367, 2764061.9979970944, 2840495.1870375713, 2772855.943581495, 2817262.233039793, 2844715.1197668896, 2809049.573360803]
Noised Result
[1916545.7748429137, 1956477.7194066346, 1918994.0210810748, 1975656.9745830945, 1813029.8263037922, 1941918.517206999, 1849878.4218172454, 1742026.3545489986, 2042916.8099065337, 1960575.8514544126, 2136957.770870102, 1698909.0801317217, 2009704.270994672, 1723899.1572724436, 1797286.464769232, 1890923.2887517705, 1937542.9509128, 1813894.5628785738, 2018908.520148416, 1831326.5046585002, 1911532.9757044201, 1920619.9246150865, 2151411.140492213, 1884650.847177413, 1965808.8485119785]
Time
28.422191858291626
