The result for the 0th execution is
Query Result
[12126.0, 12188.0, 12507.0, 12546.0, 12147.0, 12183.0, 12190.0, 12235.0, 12357.0, 12444.0, 12359.0, 12468.0, 12625.0, 12376.0, 12578.0, 12752.0, 12775.0, 12270.0, 12535.0, 12143.0, 12635.0, 12875.0, 12367.0, 12433.0, 12459.0, 12839.0, 12250.0, 12591.0, 12321.0, 12304.0, 12376.0, 12318.0, 12395.0, 11879.0, 12293.0, 12324.0, 12317.0, 12130.0, 12369.0, 12258.0, 12518.0, 12762.0, 12048.0, 12156.0, 12427.0, 12368.0, 12553.0, 12010.0, 12333.0, 12225.0]
Noised Result
[7501.903038764737, 7175.53975666913, 8162.285919755101, 7914.850239814894, 7735.888577068603, 7072.9335718900775, 7460.07986123988, 7163.472649122461, 7772.410419995919, 7505.441179155654, 8768.185444077411, 7947.119983056286, 7605.597371306411, 8051.096832834221, 7850.69303359139, 8610.857954266496, 8282.724468416089, 8182.418460489054, 7916.111002532532, 6973.158268343212, 8231.889080747967, 7945.720400599688, 7580.446362028258, 8616.321452013057, 8553.077610493263, 8452.227780370042, 8174.900087727309, 7426.999538734102, 7457.361150118822, 7715.154387820228, 7516.8942436382595, 7377.202567403918, 8234.367668023757, 7418.882089300008, 7687.505529545759, 7191.507363913331, 8082.326374089513, 7443.209009962196, 7220.5879294334845, 7897.375216371818, 8100.7086961393015, 7693.5059342492195, 7343.27360901453, 9562.148732919839, 7576.4852063482285, 7980.607570464581, 7539.259017246723, 7205.343721264492, 7867.032297847848, 7468.589275441145]
Time
10.302901983261108
The result for the 1th execution is
Query Result
[12126.0, 12188.0, 12507.0, 12546.0, 12147.0, 12183.0, 12190.0, 12235.0, 12357.0, 12444.0, 12359.0, 12468.0, 12625.0, 12376.0, 12578.0, 12752.0, 12775.0, 12270.0, 12535.0, 12143.0, 12635.0, 12875.0, 12367.0, 12433.0, 12459.0, 12839.0, 12250.0, 12591.0, 12321.0, 12304.0, 12376.0, 12318.0, 12395.0, 11879.0, 12293.0, 12324.0, 12317.0, 12130.0, 12369.0, 12258.0, 12518.0, 12762.0, 12048.0, 12156.0, 12427.0, 12368.0, 12553.0, 12010.0, 12333.0, 12225.0]
Noised Result
[7440.274144920019, 7393.880978169639, 9109.279419385559, 7950.427158347493, 7761.2645676550765, 7886.867702302692, 8176.2304293596435, 7525.460651729336, 8594.099820869704, 7610.86972077, 7882.67698665311, 7878.3790988950095, 7429.633177384986, 8016.081696283067, 7925.047552360642, 8078.44818678317, 8362.908320569371, 7188.521431575109, 8127.859620508119, 7324.178276221231, 7639.487274041603, 9135.356663880288, 8211.530684709822, 7955.404783313678, 8058.631349051663, 7854.153857886359, 6842.466511589534, 7882.680101193703, 7767.960873255025, 9467.729020795603, 8892.186693592832, 7476.964800877167, 8129.414791377238, 7215.5987668549915, 7344.990259811384, 7177.714079418181, 8430.083877980052, 8548.563704188897, 7733.502754701654, 7488.823594156261, 7398.306525174484, 7430.0752761271, 7792.658987357118, 7417.599525857569, 7435.0739572260245, 8932.244459338152, 6863.4479787438195, 7134.900363533048, 7739.356949037223, 7780.923736863372]
Time
10.285478830337524
The result for the 2th execution is
Query Result
[12126.0, 12188.0, 12507.0, 12546.0, 12147.0, 12183.0, 12190.0, 12235.0, 12357.0, 12444.0, 12359.0, 12468.0, 12625.0, 12376.0, 12578.0, 12752.0, 12775.0, 12270.0, 12535.0, 12143.0, 12635.0, 12875.0, 12367.0, 12433.0, 12459.0, 12839.0, 12250.0, 12591.0, 12321.0, 12304.0, 12376.0, 12318.0, 12395.0, 11879.0, 12293.0, 12324.0, 12317.0, 12130.0, 12369.0, 12258.0, 12518.0, 12762.0, 12048.0, 12156.0, 12427.0, 12368.0, 12553.0, 12010.0, 12333.0, 12225.0]
Noised Result
[7937.201832256508, 7564.2688797350165, 7966.278677871804, 7893.484601581093, 8480.301262640627, 9119.382490255564, 7586.106175712533, 7686.780214322146, 7835.443429654429, 7545.761118692336, 8109.769757196891, 7828.241663316023, 8135.0182768207, 7455.654284396446, 7898.769136222253, 9516.979354693032, 8263.470896331677, 7812.693480433463, 9356.905357792011, 8357.126747067034, 8851.333019588787, 7874.271479648359, 7254.468315059134, 8322.82884957781, 7822.804417384196, 9489.172721158227, 7959.572155148244, 7751.49854877362, 7377.815579147804, 8898.679046813595, 7451.300921395259, 7993.802877125674, 7599.483894363355, 7011.570643154399, 7715.686912129402, 7874.731671225563, 7562.951637770321, 6834.158945464795, 8685.013637192485, 6855.691998399803, 7523.399998000034, 7806.034043003041, 7670.725971903517, 7366.181025081494, 7768.139583338723, 7266.101575434672, 8127.027334418106, 7118.830020039505, 7943.170114185739, 8145.633322668044]
Time
10.332423686981201
The result for the 3th execution is
Query Result
[12126.0, 12188.0, 12507.0, 12546.0, 12147.0, 12183.0, 12190.0, 12235.0, 12357.0, 12444.0, 12359.0, 12468.0, 12625.0, 12376.0, 12578.0, 12752.0, 12775.0, 12270.0, 12535.0, 12143.0, 12635.0, 12875.0, 12367.0, 12433.0, 12459.0, 12839.0, 12250.0, 12591.0, 12321.0, 12304.0, 12376.0, 12318.0, 12395.0, 11879.0, 12293.0, 12324.0, 12317.0, 12130.0, 12369.0, 12258.0, 12518.0, 12762.0, 12048.0, 12156.0, 12427.0, 12368.0, 12553.0, 12010.0, 12333.0, 12225.0]
Noised Result
[6382.084907303827, 8214.14251915155, 8117.757197362128, 7953.459217250393, 7533.703245460958, 8012.393185109151, 7932.798219801345, 7232.546364283655, 7518.306241924314, 7584.683029888486, 7609.374895029361, 7900.576418024575, 7788.025599316842, 8276.408818152715, 8277.546080089394, 8879.295704465812, 7600.219365268018, 8434.961606570254, 7734.981051544101, 7659.883037804952, 7677.476512843995, 8128.254147266046, 8607.712329722277, 7931.911326570729, 7314.044019319723, 7697.367775849974, 7452.151310368404, 7841.501837928645, 7221.480753350488, 7210.963377985575, 7834.0673494001985, 7568.1741345475575, 7460.991387919258, 6870.668365528182, 7600.411522727831, 7421.676427559925, 7679.522154661391, 7683.888798180919, 7472.353461200373, 8734.893143969628, 7596.084113145426, 8209.185826423209, 7348.77826059963, 8325.894078183786, 7558.246258348851, 7719.456454906924, 8354.661118568809, 7835.092456892153, 7690.085120022615, 7917.513479517498]
Time
10.43007755279541
The result for the 4th execution is
Query Result
[12126.0, 12188.0, 12507.0, 12546.0, 12147.0, 12183.0, 12190.0, 12235.0, 12357.0, 12444.0, 12359.0, 12468.0, 12625.0, 12376.0, 12578.0, 12752.0, 12775.0, 12270.0, 12535.0, 12143.0, 12635.0, 12875.0, 12367.0, 12433.0, 12459.0, 12839.0, 12250.0, 12591.0, 12321.0, 12304.0, 12376.0, 12318.0, 12395.0, 11879.0, 12293.0, 12324.0, 12317.0, 12130.0, 12369.0, 12258.0, 12518.0, 12762.0, 12048.0, 12156.0, 12427.0, 12368.0, 12553.0, 12010.0, 12333.0, 12225.0]
Noised Result
[7345.2592348598355, 7219.909650300291, 7501.785223731301, 9320.766075633903, 7735.628812011499, 7541.366141046469, 7595.946028913162, 8314.958099349038, 7478.3078083106475, 8715.93916105686, 7198.13901203197, 7830.70948353557, 7641.327459125885, 7871.802992509281, 7396.146446383429, 7674.177142162724, 9087.027012041714, 7384.509788835805, 7916.8683763287145, 7350.881182255228, 7627.460013312222, 8805.40179119119, 8842.11952814931, 7725.461383879845, 7769.437182100164, 7938.9230904414, 8484.169180868366, 7991.626196386658, 7755.3866812024, 8238.986334193683, 7895.63493556307, 7358.3147550570375, 7676.29552118458, 8848.487221309475, 8327.032405061138, 7734.656512168845, 7748.289274652215, 7575.812641753531, 8035.728734339904, 7353.096229746603, 8336.846353183693, 8573.083072711528, 7473.0139468618645, 7120.7348247288355, 7427.151742648388, 7604.681497316009, 8134.953991125039, 7263.333051224867, 7705.834639892781, 7167.2913927487525]
Time
10.465531826019287
The result for the 5th execution is
Query Result
[12126.0, 12188.0, 12507.0, 12546.0, 12147.0, 12183.0, 12190.0, 12235.0, 12357.0, 12444.0, 12359.0, 12468.0, 12625.0, 12376.0, 12578.0, 12752.0, 12775.0, 12270.0, 12535.0, 12143.0, 12635.0, 12875.0, 12367.0, 12433.0, 12459.0, 12839.0, 12250.0, 12591.0, 12321.0, 12304.0, 12376.0, 12318.0, 12395.0, 11879.0, 12293.0, 12324.0, 12317.0, 12130.0, 12369.0, 12258.0, 12518.0, 12762.0, 12048.0, 12156.0, 12427.0, 12368.0, 12553.0, 12010.0, 12333.0, 12225.0]
Noised Result
[6712.92288542216, 9464.977611155322, 8468.136476301956, 7798.416795900196, 7417.44915647017, 6801.653900240692, 7219.140278274918, 7652.082852836447, 7813.563276231858, 7821.0380541315335, 7905.300404913909, 7870.952457115207, 7895.247468263793, 9300.396895542319, 8092.9324260453295, 8063.492942044775, 8196.577805461193, 8406.21061157171, 7936.05384775324, 7569.4419906908, 8256.407937491687, 9094.308148476039, 7374.919053960244, 8136.505464463548, 8078.324830846499, 8230.202196134524, 7919.891168991126, 8290.56285290112, 8512.062038504178, 7155.6375407457435, 7223.9070223519675, 8145.609822375886, 7622.18273098731, 7517.591742794972, 6994.250614714094, 7603.8086593597955, 8431.856551766485, 7423.162235073158, 7422.986366877788, 7638.240060938661, 7869.137241159879, 8171.93089809865, 7361.256281930819, 7030.495385870413, 7454.771526478067, 7619.44970866095, 8102.896404383659, 8124.734970678919, 7239.148933908301, 8483.727967396233]
Time
10.2556893825531
The result for the 6th execution is
Query Result
[12126.0, 12188.0, 12507.0, 12546.0, 12147.0, 12183.0, 12190.0, 12235.0, 12357.0, 12444.0, 12359.0, 12468.0, 12625.0, 12376.0, 12578.0, 12752.0, 12775.0, 12270.0, 12535.0, 12143.0, 12635.0, 12875.0, 12367.0, 12433.0, 12459.0, 12839.0, 12250.0, 12591.0, 12321.0, 12304.0, 12376.0, 12318.0, 12395.0, 11879.0, 12293.0, 12324.0, 12317.0, 12130.0, 12369.0, 12258.0, 12518.0, 12762.0, 12048.0, 12156.0, 12427.0, 12368.0, 12553.0, 12010.0, 12333.0, 12225.0]
Noised Result
[8256.667168148884, 7220.925317752626, 7848.351818380693, 8379.632436235292, 7758.756664215216, 7447.266780173815, 7432.537859188699, 8014.649283652515, 9743.41703260731, 7816.271595886132, 7410.602368213494, 7522.416818872749, 7930.634678629428, 9457.58919704801, 7547.153030901816, 8460.95019938166, 7994.925666280454, 7443.983799939844, 7456.929067595939, 8317.815023329273, 7609.281998438748, 7990.815543097756, 7381.88765303145, 7537.501586125526, 7348.060793428289, 9050.506178687949, 7389.831795673281, 7447.50379265226, 7518.146776169349, 7577.256204644176, 7964.941982233651, 8314.927314561548, 7558.394462278337, 7092.803451243327, 7449.346928590097, 7482.76674295191, 7382.68041918119, 7141.252752071694, 7739.79889091247, 7461.105031927639, 7712.710657478997, 7487.752852659116, 7328.398026967308, 7159.371701475688, 7397.885699754196, 7714.162578800772, 8724.70310935631, 7944.164969205274, 8433.715361040991, 7432.642305244196]
Time
10.250587701797485
The result for the 7th execution is
Query Result
[12126.0, 12188.0, 12507.0, 12546.0, 12147.0, 12183.0, 12190.0, 12235.0, 12357.0, 12444.0, 12359.0, 12468.0, 12625.0, 12376.0, 12578.0, 12752.0, 12775.0, 12270.0, 12535.0, 12143.0, 12635.0, 12875.0, 12367.0, 12433.0, 12459.0, 12839.0, 12250.0, 12591.0, 12321.0, 12304.0, 12376.0, 12318.0, 12395.0, 11879.0, 12293.0, 12324.0, 12317.0, 12130.0, 12369.0, 12258.0, 12518.0, 12762.0, 12048.0, 12156.0, 12427.0, 12368.0, 12553.0, 12010.0, 12333.0, 12225.0]
Noised Result
[7467.103898338907, 8009.50861486316, 7679.226318942366, 8008.914593165474, 7218.598752999839, 7853.193602474135, 7362.489802742977, 7989.109556153324, 7254.623378165125, 9141.461403244914, 7737.235593196963, 7518.51582742463, 7975.1524587237, 7654.737050716105, 7733.576963708722, 7760.805311811495, 8245.672359751714, 8840.178048839114, 7748.616524298897, 7854.16445525209, 8017.740059581211, 9059.669062425375, 7494.6745630254145, 7716.5678433777575, 7325.777662878017, 8650.50959394389, 7065.521332837241, 8397.99199535885, 7788.167272838227, 7919.281006406596, 8171.800029081033, 7251.815303868334, 7613.389440476834, 7140.079642682287, 7649.188725527801, 7343.479029166753, 7786.008633420711, 7835.173548826784, 7920.22817812691, 7625.964578133836, 8091.483362848074, 8526.173204386492, 7297.918131931101, 8396.406278603103, 7516.264139056241, 7510.279124813249, 7822.0515170584, 7323.331822836793, 7820.181111127557, 7630.028465458655]
Time
10.29990029335022
The result for the 8th execution is
Query Result
[12126.0, 12188.0, 12507.0, 12546.0, 12147.0, 12183.0, 12190.0, 12235.0, 12357.0, 12444.0, 12359.0, 12468.0, 12625.0, 12376.0, 12578.0, 12752.0, 12775.0, 12270.0, 12535.0, 12143.0, 12635.0, 12875.0, 12367.0, 12433.0, 12459.0, 12839.0, 12250.0, 12591.0, 12321.0, 12304.0, 12376.0, 12318.0, 12395.0, 11879.0, 12293.0, 12324.0, 12317.0, 12130.0, 12369.0, 12258.0, 12518.0, 12762.0, 12048.0, 12156.0, 12427.0, 12368.0, 12553.0, 12010.0, 12333.0, 12225.0]
Noised Result
[7371.047532042134, 7168.475545750773, 7876.707564476487, 8096.5274137262695, 8026.148747254923, 7317.810800672103, 7573.976750157938, 7058.005265916487, 7932.814052010041, 7888.24788508559, 7698.665397444784, 7765.867374938753, 7591.194454811075, 8759.613607358635, 9341.216530463298, 9654.80495748001, 8760.450136998426, 7900.997897477839, 7598.505533684449, 7031.240067789749, 8451.171773665777, 8038.314860082678, 7625.492078337878, 7825.408696407831, 8248.527691032661, 8561.956882104529, 8021.910612899314, 8342.538224225977, 7341.040350539207, 8434.809800202613, 7594.661268271543, 8102.423912660355, 9495.375099147674, 7530.715584669653, 7675.561992889561, 7626.4821212622, 8148.563037781838, 7176.343571703173, 8132.828596013416, 7186.639312270676, 9121.763281676682, 7633.106605535144, 8211.765194585558, 7477.577075128143, 8290.604369270794, 7858.841845954433, 7745.361511548351, 7604.707486844384, 7678.8879833576575, 7793.413412296909]
Time
10.2104012966156
The result for the 9th execution is
Query Result
[12126.0, 12188.0, 12507.0, 12546.0, 12147.0, 12183.0, 12190.0, 12235.0, 12357.0, 12444.0, 12359.0, 12468.0, 12625.0, 12376.0, 12578.0, 12752.0, 12775.0, 12270.0, 12535.0, 12143.0, 12635.0, 12875.0, 12367.0, 12433.0, 12459.0, 12839.0, 12250.0, 12591.0, 12321.0, 12304.0, 12376.0, 12318.0, 12395.0, 11879.0, 12293.0, 12324.0, 12317.0, 12130.0, 12369.0, 12258.0, 12518.0, 12762.0, 12048.0, 12156.0, 12427.0, 12368.0, 12553.0, 12010.0, 12333.0, 12225.0]
Noised Result
[7424.622554830794, 7786.905092211577, 8116.976902236331, 8408.239566692475, 6844.499386890265, 7387.401466111695, 7471.371573523071, 7472.945548117092, 8115.680245106374, 7957.454160057061, 7505.449505904308, 7453.124823224506, 7419.4894012322875, 8967.246443306845, 7465.329969221602, 7687.10212448418, 7765.860602217641, 7631.00106210312, 7435.751127972146, 7813.658776103134, 7663.396025061628, 7938.25620359424, 7394.799374053591, 7718.620976381939, 7692.863337433868, 11171.715202503943, 7865.743879780162, 8663.847943011302, 7524.800335188923, 8649.523558858973, 7457.659475146334, 7640.548876036511, 8227.260137245557, 7036.549863439048, 6958.259704306651, 7695.064512518139, 11556.848691163159, 9321.441240608914, 7891.294615047409, 7230.55133780526, 8004.242187762458, 7558.383825053154, 7408.216455532414, 8079.6072274571925, 7287.251730656034, 8036.170875476051, 7985.911655304011, 7195.9409473784735, 7068.502212688219, 8109.298001499863]
Time
10.292821645736694
The result for the 10th execution is
Query Result
[12126.0, 12188.0, 12507.0, 12546.0, 12147.0, 12183.0, 12190.0, 12235.0, 12357.0, 12444.0, 12359.0, 12468.0, 12625.0, 12376.0, 12578.0, 12752.0, 12775.0, 12270.0, 12535.0, 12143.0, 12635.0, 12875.0, 12367.0, 12433.0, 12459.0, 12839.0, 12250.0, 12591.0, 12321.0, 12304.0, 12376.0, 12318.0, 12395.0, 11879.0, 12293.0, 12324.0, 12317.0, 12130.0, 12369.0, 12258.0, 12518.0, 12762.0, 12048.0, 12156.0, 12427.0, 12368.0, 12553.0, 12010.0, 12333.0, 12225.0]
Noised Result
[7919.32909186771, 7661.368308893902, 8603.371105794973, 8358.01854146167, 8613.106808433413, 7392.420271013437, 7522.441583543831, 7491.606968742966, 8430.370779873556, 7897.848287130806, 8303.227039118767, 8043.015877894814, 7545.641460157358, 7946.0903233345125, 8310.565141669285, 8421.414508911725, 7841.534922302115, 7788.892420985849, 8040.0995433895205, 7672.414926390787, 8528.639523649996, 7888.604065590591, 7547.920544666424, 7872.937774949629, 7822.042828655687, 7931.730486157304, 7471.760657966193, 7894.624845031921, 7314.063961701877, 7542.878497218211, 7819.490118317535, 7468.62532545648, 7311.933410076314, 7360.070880977757, 8257.202283970628, 7251.842934349785, 7990.16988772787, 7107.257489700307, 7697.030663250636, 7486.284649404657, 8629.98095747022, 7318.571791852857, 7785.045195465136, 10108.10123082551, 7580.738566863245, 7578.764102124471, 7357.014087331425, 7820.402392131145, 7096.470326702938, 9026.062977798892]
Time
10.443524837493896
The result for the 11th execution is
Query Result
[12126.0, 12188.0, 12507.0, 12546.0, 12147.0, 12183.0, 12190.0, 12235.0, 12357.0, 12444.0, 12359.0, 12468.0, 12625.0, 12376.0, 12578.0, 12752.0, 12775.0, 12270.0, 12535.0, 12143.0, 12635.0, 12875.0, 12367.0, 12433.0, 12459.0, 12839.0, 12250.0, 12591.0, 12321.0, 12304.0, 12376.0, 12318.0, 12395.0, 11879.0, 12293.0, 12324.0, 12317.0, 12130.0, 12369.0, 12258.0, 12518.0, 12762.0, 12048.0, 12156.0, 12427.0, 12368.0, 12553.0, 12010.0, 12333.0, 12225.0]
Noised Result
[7359.286159662648, 7478.0791821287685, 7844.530803890508, 8286.840185618421, 7551.466324185161, 7617.602762488097, 8190.365368658047, 7543.497340641225, 7729.627669357295, 7734.882523816932, 7618.369917197092, 8076.754440777186, 8411.333561832238, 7876.9158505867645, 7987.793295687676, 8319.428281098752, 7819.92702729227, 7831.57627515344, 8269.161615528139, 7251.03139450126, 8342.437997299869, 8017.629223677548, 7618.758689122596, 7630.193729003704, 7935.401000440794, 9585.675927623084, 7314.733956634472, 8631.368979035968, 7058.389078059707, 8489.936606980005, 7853.600269764786, 7556.131083528608, 7968.9946781592425, 7453.672532087385, 7198.567419887644, 7659.315316801136, 7567.5005450321705, 7478.140444602094, 7929.122609852282, 7825.213233860193, 8194.721804000284, 8298.833455008136, 7524.5507355574355, 8784.564788290856, 7704.039861496814, 7442.523413308518, 7848.315304338794, 7350.02731739607, 6777.101881575557, 8843.21795946586]
Time
10.243083953857422
The result for the 12th execution is
Query Result
[12126.0, 12188.0, 12507.0, 12546.0, 12147.0, 12183.0, 12190.0, 12235.0, 12357.0, 12444.0, 12359.0, 12468.0, 12625.0, 12376.0, 12578.0, 12752.0, 12775.0, 12270.0, 12535.0, 12143.0, 12635.0, 12875.0, 12367.0, 12433.0, 12459.0, 12839.0, 12250.0, 12591.0, 12321.0, 12304.0, 12376.0, 12318.0, 12395.0, 11879.0, 12293.0, 12324.0, 12317.0, 12130.0, 12369.0, 12258.0, 12518.0, 12762.0, 12048.0, 12156.0, 12427.0, 12368.0, 12553.0, 12010.0, 12333.0, 12225.0]
Noised Result
[8099.179822720471, 7308.079447342745, 7425.423468228716, 7511.417885607623, 8816.455768023801, 8305.16682563713, 7905.00133474031, 7212.486057928507, 8053.955735107895, 7859.626780885049, 7598.659389259978, 7350.4298296788165, 7358.976633326271, 7641.596722366616, 8643.573253398674, 8081.210600290325, 7690.651739557265, 9729.817557829287, 8484.46187522999, 7698.760994424404, 7627.594640430666, 8424.024029436443, 8438.408758374528, 7384.799826082488, 8554.145015625601, 8292.74480408464, 7321.555986604134, 7690.208874125209, 7713.43956971948, 7726.248509149716, 7861.873823837024, 7296.98670340816, 8486.754714884915, 7883.531772975239, 7526.777905937358, 7523.354313035596, 8419.986059605832, 7961.850670408593, 7478.962013438193, 7833.020332750406, 7704.372118830148, 8106.5086798528955, 7728.21211573905, 7520.8333770139, 7302.514996932967, 8908.437619726206, 7743.105366635822, 7242.036129878212, 7275.719183242477, 7472.065243405161]
Time
10.319080352783203
The result for the 13th execution is
Query Result
[12126.0, 12188.0, 12507.0, 12546.0, 12147.0, 12183.0, 12190.0, 12235.0, 12357.0, 12444.0, 12359.0, 12468.0, 12625.0, 12376.0, 12578.0, 12752.0, 12775.0, 12270.0, 12535.0, 12143.0, 12635.0, 12875.0, 12367.0, 12433.0, 12459.0, 12839.0, 12250.0, 12591.0, 12321.0, 12304.0, 12376.0, 12318.0, 12395.0, 11879.0, 12293.0, 12324.0, 12317.0, 12130.0, 12369.0, 12258.0, 12518.0, 12762.0, 12048.0, 12156.0, 12427.0, 12368.0, 12553.0, 12010.0, 12333.0, 12225.0]
Noised Result
[7470.8980330138975, 7604.713934178433, 7065.59729323333, 7697.742053658781, 8126.558638926215, 6863.581781775843, 7947.300699247611, 7249.159908315747, 7720.8469937003365, 7879.638182348308, 7488.074551037156, 8896.328182940008, 8733.696171760428, 8059.4036733469475, 7930.246777935768, 8293.446931320075, 7579.80451876315, 7248.885011170183, 7993.020179582071, 7382.965628552158, 8170.342466380245, 8625.536329651488, 7986.3858841123265, 7507.660751172739, 7717.554939859228, 8247.7131360072, 7457.640207129724, 8891.578158851655, 8181.814865233725, 7443.07143363582, 7594.6512199539075, 9067.20670710634, 7257.3778424575175, 7423.470840436531, 7566.601973777834, 7265.107272333287, 7814.984332445651, 7062.150639818556, 7757.223377730278, 7987.073600430836, 8662.057156028513, 8378.176999175412, 7767.598444089332, 7772.724880570807, 7631.156459692248, 8488.954615780269, 8620.630149135304, 8105.08357888074, 7844.582054656748, 7902.174992760671]
Time
10.201251029968262
The result for the 14th execution is
Query Result
[12126.0, 12188.0, 12507.0, 12546.0, 12147.0, 12183.0, 12190.0, 12235.0, 12357.0, 12444.0, 12359.0, 12468.0, 12625.0, 12376.0, 12578.0, 12752.0, 12775.0, 12270.0, 12535.0, 12143.0, 12635.0, 12875.0, 12367.0, 12433.0, 12459.0, 12839.0, 12250.0, 12591.0, 12321.0, 12304.0, 12376.0, 12318.0, 12395.0, 11879.0, 12293.0, 12324.0, 12317.0, 12130.0, 12369.0, 12258.0, 12518.0, 12762.0, 12048.0, 12156.0, 12427.0, 12368.0, 12553.0, 12010.0, 12333.0, 12225.0]
Noised Result
[7488.285786059184, 7204.2687186659, 7851.819596785639, 8088.668692576783, 7490.3463457031075, 7665.681353059754, 7288.763675834074, 7567.3412507816065, 8811.042849645197, 7569.160086416376, 8094.881953840363, 7654.902267141659, 7478.58552383433, 7659.253851618104, 7771.966845757364, 7887.74577689279, 8524.130046433977, 7548.968669409456, 7451.048772544657, 7256.568603327949, 8120.505781759004, 7503.437002106237, 7686.128188617483, 8514.15692642071, 7836.134231120565, 7634.856917441184, 8577.145654830209, 7946.46457229881, 7571.399923448146, 7830.262041777773, 7890.857007830693, 7887.008026427151, 8325.680784406628, 7948.672174055868, 7940.445111354338, 7391.684825281491, 7571.66099278942, 7227.8462176545845, 8318.206712551757, 7083.458616452164, 7463.076207089094, 7971.149485318884, 7047.569781289392, 7240.825981110987, 7775.507018420304, 7779.6224932012465, 8037.824120820586, 7165.0843929749235, 7989.676553048197, 7887.424972257551]
Time
10.313971519470215
The result for the 15th execution is
Query Result
[12126.0, 12188.0, 12507.0, 12546.0, 12147.0, 12183.0, 12190.0, 12235.0, 12357.0, 12444.0, 12359.0, 12468.0, 12625.0, 12376.0, 12578.0, 12752.0, 12775.0, 12270.0, 12535.0, 12143.0, 12635.0, 12875.0, 12367.0, 12433.0, 12459.0, 12839.0, 12250.0, 12591.0, 12321.0, 12304.0, 12376.0, 12318.0, 12395.0, 11879.0, 12293.0, 12324.0, 12317.0, 12130.0, 12369.0, 12258.0, 12518.0, 12762.0, 12048.0, 12156.0, 12427.0, 12368.0, 12553.0, 12010.0, 12333.0, 12225.0]
Noised Result
[7872.288968591259, 7449.127288369648, 7842.462817226874, 8624.166349487441, 7851.220679396874, 7796.442718738188, 12624.191153264954, 7648.784111940493, 7234.030884973975, 8566.114093222473, 7709.422735395402, 8013.966121883128, 7221.453202996068, 8150.4555629518945, 8284.281751939703, 8176.364801892508, 8063.369954818567, 7586.633538273277, 7722.086901011664, 7209.44744252831, 7978.268206280601, 8036.12942675378, 8153.111988964775, 8183.667379096863, 7774.700555164287, 8454.124216071928, 7171.303174137163, 8841.446404570746, 7218.437026762633, 7862.50451452748, 7944.230911631296, 7437.386792879635, 8732.691757241671, 7155.360547404605, 8063.947530007717, 7535.32826544055, 7424.306746408105, 7468.771322617817, 7806.900788715126, 7848.034770145372, 8185.063352262114, 8954.283732148318, 8055.123057675464, 8118.951353769791, 7736.606914826976, 7728.024252884717, 7670.201966168641, 7793.420371500826, 7339.39688040846, 8177.348088149415]
Time
10.220545768737793
The result for the 16th execution is
Query Result
[12126.0, 12188.0, 12507.0, 12546.0, 12147.0, 12183.0, 12190.0, 12235.0, 12357.0, 12444.0, 12359.0, 12468.0, 12625.0, 12376.0, 12578.0, 12752.0, 12775.0, 12270.0, 12535.0, 12143.0, 12635.0, 12875.0, 12367.0, 12433.0, 12459.0, 12839.0, 12250.0, 12591.0, 12321.0, 12304.0, 12376.0, 12318.0, 12395.0, 11879.0, 12293.0, 12324.0, 12317.0, 12130.0, 12369.0, 12258.0, 12518.0, 12762.0, 12048.0, 12156.0, 12427.0, 12368.0, 12553.0, 12010.0, 12333.0, 12225.0]
Noised Result
[8297.533570588941, 7236.227537510893, 8418.130572233324, 8159.546675927242, 7297.34471036097, 7465.211541215034, 8079.013371191391, 7124.883990784109, 7365.744276203758, 7486.186249869968, 7707.335781743308, 7822.120478894642, 8312.345092968062, 7475.884912471654, 8349.038196302372, 9055.751275744999, 9600.481310635525, 7957.063249206036, 7350.949044131639, 8376.466522390168, 7825.467175859505, 8143.111846007214, 7804.115209933674, 7736.561845975633, 7492.1661960084275, 7516.867492939544, 7407.816919388016, 7423.654188280883, 7559.149860685552, 8423.822667924112, 7624.322728701944, 9203.696376466523, 7375.4651312294445, 8048.720755634469, 7511.625849235559, 8054.454379503426, 7645.157107040084, 7743.1382253562, 7262.531406135688, 7645.82275314026, 7862.986388961203, 8663.37774448824, 7326.952987707319, 7596.343720895615, 7999.323962249377, 8098.804072989111, 7968.409315650588, 7143.964763184029, 7336.860571861581, 7666.403119993177]
Time
10.310930967330933
The result for the 17th execution is
Query Result
[12126.0, 12188.0, 12507.0, 12546.0, 12147.0, 12183.0, 12190.0, 12235.0, 12357.0, 12444.0, 12359.0, 12468.0, 12625.0, 12376.0, 12578.0, 12752.0, 12775.0, 12270.0, 12535.0, 12143.0, 12635.0, 12875.0, 12367.0, 12433.0, 12459.0, 12839.0, 12250.0, 12591.0, 12321.0, 12304.0, 12376.0, 12318.0, 12395.0, 11879.0, 12293.0, 12324.0, 12317.0, 12130.0, 12369.0, 12258.0, 12518.0, 12762.0, 12048.0, 12156.0, 12427.0, 12368.0, 12553.0, 12010.0, 12333.0, 12225.0]
Noised Result
[7590.935206042684, 9351.12533324433, 7712.631546637563, 7848.763517678308, 7341.4471560057855, 7641.215126740646, 7570.473443426065, 7819.951643450871, 7887.772817239705, 7951.936707145748, 8213.011688483957, 7541.842462357175, 7929.826231220585, 7620.637262714481, 7810.091563813831, 7946.958680514776, 8447.609389249214, 8195.612605139628, 7932.231726141099, 7538.293736918237, 8113.416504371835, 8153.033760377387, 8236.164625605834, 7755.547091179696, 7132.0575732110465, 8268.708350294923, 7591.156707770515, 7967.766064656136, 7825.7600147184085, 7717.018280994204, 7590.005879583234, 8399.226450847314, 7735.581362352438, 7428.4306668497775, 7823.246198314852, 7693.732561627856, 7018.936324190639, 7158.976147204121, 8291.811420370494, 7432.97870183668, 7025.643989689386, 8328.866775966531, 7679.353351761381, 10670.237338064098, 8091.0134168471905, 8356.472027031316, 9301.435321973924, 7732.691737551895, 7724.453165401437, 8307.785945441698]
Time
10.197667360305786
The result for the 18th execution is
Query Result
[12126.0, 12188.0, 12507.0, 12546.0, 12147.0, 12183.0, 12190.0, 12235.0, 12357.0, 12444.0, 12359.0, 12468.0, 12625.0, 12376.0, 12578.0, 12752.0, 12775.0, 12270.0, 12535.0, 12143.0, 12635.0, 12875.0, 12367.0, 12433.0, 12459.0, 12839.0, 12250.0, 12591.0, 12321.0, 12304.0, 12376.0, 12318.0, 12395.0, 11879.0, 12293.0, 12324.0, 12317.0, 12130.0, 12369.0, 12258.0, 12518.0, 12762.0, 12048.0, 12156.0, 12427.0, 12368.0, 12553.0, 12010.0, 12333.0, 12225.0]
Noised Result
[7788.181585397784, 7485.208397901813, 8477.664610302125, 8177.919625382729, 7678.377223257296, 7551.547375506054, 8419.891755936018, 7468.053171429029, 7945.741194284459, 7072.164800449517, 8689.440787473273, 7728.623153459496, 8410.544682099364, 8021.752227583675, 8404.276885059038, 7740.502972697018, 8056.142940748133, 7539.764808588482, 8124.799746803183, 7582.949935482091, 7863.7454715951535, 8031.767576449652, 8015.912603849825, 8668.776293049918, 7753.78533221924, 8951.192031602113, 7855.938763310993, 7603.378937835496, 7556.201035948698, 7629.819292404204, 7347.627411166868, 7595.140581274819, 7544.915409163139, 10964.769391312915, 7343.7759119983675, 7474.21150509941, 8522.714508234678, 7916.375819252459, 7629.848600683594, 7315.55528915618, 7743.511729795729, 8058.93515781939, 7397.690156302892, 7485.820823707389, 7711.555047346049, 7619.939443046368, 7566.373302061067, 7348.634107400852, 7884.344893772106, 7794.027219499561]
Time
10.207812547683716
The result for the 19th execution is
Query Result
[12126.0, 12188.0, 12507.0, 12546.0, 12147.0, 12183.0, 12190.0, 12235.0, 12357.0, 12444.0, 12359.0, 12468.0, 12625.0, 12376.0, 12578.0, 12752.0, 12775.0, 12270.0, 12535.0, 12143.0, 12635.0, 12875.0, 12367.0, 12433.0, 12459.0, 12839.0, 12250.0, 12591.0, 12321.0, 12304.0, 12376.0, 12318.0, 12395.0, 11879.0, 12293.0, 12324.0, 12317.0, 12130.0, 12369.0, 12258.0, 12518.0, 12762.0, 12048.0, 12156.0, 12427.0, 12368.0, 12553.0, 12010.0, 12333.0, 12225.0]
Noised Result
[7497.478110789321, 7287.271780745168, 8347.588995342168, 8169.395935690869, 7460.419828139635, 7526.561844563404, 7745.372145266703, 7522.384408844434, 7908.288586960381, 7895.095201458952, 7624.555143410821, 7241.426400761057, 7691.2196839851995, 7851.736024976232, 8020.556858240678, 7467.996613526585, 8237.080972330137, 7603.1171689805515, 7705.476514247764, 8676.172748591605, 8112.389213118868, 8698.956261925057, 7819.648473080124, 7805.5259049094075, 7717.244687786931, 7749.84619235553, 7412.028229976218, 8859.198663092988, 8334.294983809481, 595640.5513100345, 8065.738967361509, 7908.780635547566, 7558.034455019511, 7403.578666386025, 7462.423828324331, 7855.34226430779, 7819.68386094356, 7166.832012609391, 8008.206986573064, 7363.282615250698, 8028.6854990135525, 7585.147685414437, 6960.144416813169, 7241.6651676294705, 7594.055614136181, 7721.461439621647, 7773.318005060027, 7333.771068768828, 8393.937478789121, 7418.223460479507]
Time
10.148309469223022
