The result for the 0th execution is
Query Result
[331.0, 355.0, 407.0, 396.0, 395.0, 393.0, 369.0, 382.0, 393.0, 424.0, 370.0, 391.0, 443.0, 377.0, 412.0, 361.0, 351.0, 375.0, 378.0, 362.0, 373.0, 357.0, 428.0, 426.0, 370.0, 431.0, 401.0, 376.0, 407.0, 388.0, 406.0, 390.0, 432.0, 439.0, 356.0, 396.0, 340.0, 368.0, 379.0, 418.0, 390.0, 360.0, 345.0, 404.0, 371.0, 392.0, 378.0, 337.0, 430.0, 382.0]
Noised Result
[-6958.251541856464, -9770.213044754368, -7209.3046628726415, -7141.479115776365, -8602.719138637682, -8201.775090991334, -7386.2422638399785, -9250.526514237412, -5786.226819373278, -7393.238724226039, -6950.409866542879, -6577.514298858484, -7360.270529287207, -8592.276488738378, -6615.029904891027, -9803.402671093632, -6428.454629724449, -6411.906811383264, -7471.459531114057, -6836.660545517249, -7269.200164753887, -6917.847722734369, -10293.226983786772, -7096.013878034419, -6767.675852317334, -6310.811562728172, -4630.0686872217175, -7255.42484884509, -7433.37377828797, -6942.484257401296, -7284.203974454626, -6948.045866016472, -8854.66272180278, -9672.606838600088, -7929.811751590603, -8069.031336577555, -6800.134357457977, -6784.248541975102, -8187.092401812262, -6603.503369895141, -6958.840952744897, -5532.820726096707, -8581.739327006462, -8085.160317210999, -6824.33141223689, -7679.399076511266, -7163.416120403256, -7950.121298003905, -6635.244416575127, -8091.778652808005]
Time
3.781773805618286
The result for the 1th execution is
Query Result
[331.0, 355.0, 407.0, 396.0, 395.0, 393.0, 369.0, 382.0, 393.0, 424.0, 370.0, 391.0, 443.0, 377.0, 412.0, 361.0, 351.0, 375.0, 378.0, 362.0, 373.0, 357.0, 428.0, 426.0, 370.0, 431.0, 401.0, 376.0, 407.0, 388.0, 406.0, 390.0, 432.0, 439.0, 356.0, 396.0, 340.0, 368.0, 379.0, 418.0, 390.0, 360.0, 345.0, 404.0, 371.0, 392.0, 378.0, 337.0, 430.0, 382.0]
Noised Result
[-8232.573886684759, -6999.665950589, -7533.627662354101, -7607.206334087704, -7107.49630436551, -5764.830277607898, -6763.211981731862, -7504.509745636791, -7694.179722008642, -7041.555562554491, -7546.592949936454, -6841.6018094298415, -7598.801661377779, -3167.9234859621497, -6984.0520053744085, -7845.3516586394535, -7549.732289493956, -6009.644625481673, -8370.695725416084, -6494.985494107562, -8149.092501430461, -6779.8643750187985, -6637.371895643162, -7246.383968279721, -7293.119070692294, -7270.2690063488735, -7886.499507617489, -7186.981513818982, -8168.366036968249, -6161.455063001044, -6649.833924736637, -4795.021906408603, -7253.815144408662, -5473.726185875203, -6727.919077224895, -7524.995318376986, -5348.565746378041, -6253.953904643113, -7539.350544647023, -7283.548412619457, -7095.066804257174, -6749.559526228975, -7512.847928702028, -6930.841244886555, -8708.225559943512, -5673.745014040608, -7166.971415193686, -7122.718864327291, -7858.2410859777865, -6221.5312422632705]
Time
3.9486002922058105
The result for the 2th execution is
Query Result
[331.0, 355.0, 407.0, 396.0, 395.0, 393.0, 369.0, 382.0, 393.0, 424.0, 370.0, 391.0, 443.0, 377.0, 412.0, 361.0, 351.0, 375.0, 378.0, 362.0, 373.0, 357.0, 428.0, 426.0, 370.0, 431.0, 401.0, 376.0, 407.0, 388.0, 406.0, 390.0, 432.0, 439.0, 356.0, 396.0, 340.0, 368.0, 379.0, 418.0, 390.0, 360.0, 345.0, 404.0, 371.0, 392.0, 378.0, 337.0, 430.0, 382.0]
Noised Result
[-6992.603782960224, -8273.183924494893, -8381.956756214377, -5413.172062005586, -5438.821278189282, -6443.192288736907, -6870.148406538732, -8119.3671312138285, -8559.405566693507, -7252.837172572286, -7103.995716577238, -9514.324263152583, -7282.662534510178, -8202.137587097548, -7064.126250070829, -6105.791726324083, -6424.738182522762, -8361.715790626331, -7776.504568366191, -6238.22566758692, -8207.238649706675, -9820.495901923789, -4756.261454857879, -7525.277262671689, -8194.440539604053, -7347.589093612373, -7139.010944337121, -6957.267413504269, -7120.872132099312, -6510.8818165655075, -6514.011773915006, -7999.7152542124295, -7527.108268857802, -5944.200443161176, -6001.457912143456, -7151.088448602602, -6687.19067268429, -6929.362911162082, -7074.732058627175, -5957.665782773413, -5670.205437362183, -6237.357431772742, -7126.409405846482, -6941.473011031955, -8085.236670284536, -10344.266649774007, -7227.356313492744, -6415.175895132605, -7527.331668116405, -7391.941603820951]
Time
3.6057674884796143
The result for the 3th execution is
Query Result
[331.0, 355.0, 407.0, 396.0, 395.0, 393.0, 369.0, 382.0, 393.0, 424.0, 370.0, 391.0, 443.0, 377.0, 412.0, 361.0, 351.0, 375.0, 378.0, 362.0, 373.0, 357.0, 428.0, 426.0, 370.0, 431.0, 401.0, 376.0, 407.0, 388.0, 406.0, 390.0, 432.0, 439.0, 356.0, 396.0, 340.0, 368.0, 379.0, 418.0, 390.0, 360.0, 345.0, 404.0, 371.0, 392.0, 378.0, 337.0, 430.0, 382.0]
Noised Result
[-6866.209564167866, -6215.293991443339, -7127.5004920928295, -5874.467663177122, -5631.580377860253, -7089.558707075604, -8441.851657968751, -7139.861157918399, -6918.586526108387, -7300.388858420013, -7253.445257208611, -5421.175568250978, -6723.241848066463, -7501.65560804908, -6519.436631569396, -6890.265618331412, -7045.671309431001, -5205.605172250931, -7569.852138803285, -7567.274970617552, -6369.467264099553, -6539.163270606333, -6327.320476205521, -7875.72407741317, -7949.494651128904, -8248.225704818704, -7061.047890704144, -7124.025064785875, -6932.791211145605, -6973.887401382075, -7161.726652529797, -6555.644955995544, -6519.585624571065, -10517.617368730713, -5648.1770994399585, -7866.6110739868855, -8911.870006732557, -6901.116180872755, -7020.357523475583, -6848.611231598435, -7543.477856156855, -7499.432351989911, -9067.764531685027, -7012.740950015229, -5937.114383507228, -7950.634475928917, -8345.96347750605, -7512.158995934366, -6615.352747303057, -6929.51263185255]
Time
3.9474878311157227
The result for the 4th execution is
Query Result
[331.0, 355.0, 407.0, 396.0, 395.0, 393.0, 369.0, 382.0, 393.0, 424.0, 370.0, 391.0, 443.0, 377.0, 412.0, 361.0, 351.0, 375.0, 378.0, 362.0, 373.0, 357.0, 428.0, 426.0, 370.0, 431.0, 401.0, 376.0, 407.0, 388.0, 406.0, 390.0, 432.0, 439.0, 356.0, 396.0, 340.0, 368.0, 379.0, 418.0, 390.0, 360.0, 345.0, 404.0, 371.0, 392.0, 378.0, 337.0, 430.0, 382.0]
Noised Result
[-2150.9665011961824, -8685.657279702304, -6806.471780576541, -6884.996439178341, -4962.879961475712, -7395.852350565658, -8168.06560976593, -7189.850144164736, -7067.335778787256, -7066.515867766808, -7140.544998111059, -9297.35043660217, -6981.488915999295, -6637.2272797216265, -7869.901060289576, -8273.845904171123, -8865.239835040693, -6775.6971833157, -6995.188987230418, -5459.159314781825, -6225.943106955435, -7442.068245826155, -6414.79329674204, -6056.106377135738, -6899.507744020903, -6536.243417432195, -8865.155462884808, -7482.215512158698, -6512.761735355285, -6268.803865025662, -8084.012252395776, -6866.549523147885, -5095.331549747742, -6695.6218985628175, -6361.749789089608, -8518.884844143786, -7238.882873860426, -7346.149133755776, -6939.713028276988, -6745.140538918986, -6905.186003070978, -7934.228460763823, -8373.530959283218, -8101.26337988665, -7155.850720428801, -7624.016615743301, -7088.629883167827, -8845.135353058904, -8238.171625399173, -7153.934390624881]
Time
3.77091121673584
The result for the 5th execution is
Query Result
[331.0, 355.0, 407.0, 396.0, 395.0, 393.0, 369.0, 382.0, 393.0, 424.0, 370.0, 391.0, 443.0, 377.0, 412.0, 361.0, 351.0, 375.0, 378.0, 362.0, 373.0, 357.0, 428.0, 426.0, 370.0, 431.0, 401.0, 376.0, 407.0, 388.0, 406.0, 390.0, 432.0, 439.0, 356.0, 396.0, 340.0, 368.0, 379.0, 418.0, 390.0, 360.0, 345.0, 404.0, 371.0, 392.0, 378.0, 337.0, 430.0, 382.0]
Noised Result
[-6181.534713571682, -10354.388833043617, -7640.832522150216, -9863.729940420433, -8325.715001258663, -8193.090370314394, -6733.971358686731, -5836.844114634283, -6042.1295740455225, -6243.326596125868, -10345.582638219079, -6392.488109454592, -6936.360837964838, -9562.730449494647, -8691.854937893111, -5933.042069411454, -7441.520669628938, -7656.083918236693, -5261.078496579611, -5156.271341739146, -8040.782414474794, -6634.965402216803, -9146.9381353193, -8841.66827358603, -10165.904041287999, -6248.274502759654, -7859.638126628128, -5394.123027848699, -7731.968454369336, -2622.249372872061, -7914.8804670208865, -5598.898267769656, -7703.840560033061, -6638.943093014015, -4965.384258879871, -8242.737245178801, -8237.308211808018, -8050.154822026894, -5188.019839396561, -6162.097067438991, -4683.614600590572, -7825.046319140674, -5057.840250268802, -7179.246368980659, -8398.230198161982, -7245.526981024907, -6678.25131252371, -6994.759993680728, -6900.506831311714, -7666.937212053881]
Time
3.8190600872039795
The result for the 6th execution is
Query Result
[331.0, 355.0, 407.0, 396.0, 395.0, 393.0, 369.0, 382.0, 393.0, 424.0, 370.0, 391.0, 443.0, 377.0, 412.0, 361.0, 351.0, 375.0, 378.0, 362.0, 373.0, 357.0, 428.0, 426.0, 370.0, 431.0, 401.0, 376.0, 407.0, 388.0, 406.0, 390.0, 432.0, 439.0, 356.0, 396.0, 340.0, 368.0, 379.0, 418.0, 390.0, 360.0, 345.0, 404.0, 371.0, 392.0, 378.0, 337.0, 430.0, 382.0]
Noised Result
[-7104.032708316691, -8104.921966705657, -7202.460813541242, -6798.350805017645, -7468.282769834767, -7459.39553758153, -7993.807326242288, -6792.239187867254, -6847.06840641694, -6432.928277657644, -7508.1112280903335, -8009.584141684099, -7682.33364412451, -7151.454445529671, -6175.86288716245, -7232.784878163486, -7141.163735318289, -7602.745071758739, -7634.870818100717, -6806.874865649861, -7778.288876257821, -6527.659158445901, -5880.687426721711, -7662.520834425053, -7374.5423585576, -6946.942534739393, -6807.983594362337, -7496.2747378129725, -7394.449372997603, -8653.678654553627, -6708.991403834673, -6411.59092779355, -7584.65096454504, -7043.222019658844, -8151.0167356418515, -8904.210413173108, -7264.749597023255, -7470.677270195064, -7151.422035509711, -9745.819109117576, -9195.769180205267, -8696.347401768717, -8038.78929201002, -6917.731509170472, -6267.702176169907, -7470.654184079074, -6535.221145015657, -7214.30442905472, -7187.9675900453385, -7625.060145547406]
Time
3.7327041625976562
The result for the 7th execution is
Query Result
[331.0, 355.0, 407.0, 396.0, 395.0, 393.0, 369.0, 382.0, 393.0, 424.0, 370.0, 391.0, 443.0, 377.0, 412.0, 361.0, 351.0, 375.0, 378.0, 362.0, 373.0, 357.0, 428.0, 426.0, 370.0, 431.0, 401.0, 376.0, 407.0, 388.0, 406.0, 390.0, 432.0, 439.0, 356.0, 396.0, 340.0, 368.0, 379.0, 418.0, 390.0, 360.0, 345.0, 404.0, 371.0, 392.0, 378.0, 337.0, 430.0, 382.0]
Noised Result
[-7107.406089590696, -6172.581394212115, -10455.076350155692, -4863.604220644753, -8170.669108346425, -6038.5173069446755, -6705.43841993793, -5155.762929697007, -6223.020122495643, -6062.3466483702205, -7292.957573518914, -7173.052470612182, -7399.277783694404, -3840.88814566415, -9701.147123215565, -7832.941237086333, -6379.104846572765, -7436.658966250358, -7245.8632770042295, -6415.542863477096, -7521.579480946349, -6724.703321378432, -3228.920865470913, -5553.404465064876, -7038.486841957769, -7107.310395417534, -5909.517842113679, -8397.823235897016, -6719.137940676113, -4882.79239102547, -7467.515743661826, -6590.1492050095685, -6535.246265883214, -7157.747503693788, -6753.235152551915, -8003.6520916185145, -8333.013448779442, -5903.645661616975, -8559.610966815446, -8778.434466553084, -7538.832243976088, -8292.346452247692, -7501.332945091138, -8226.59089824462, -7767.363938067998, -7038.509349874737, -6391.281576124425, -8952.71850889853, -7010.383515351513, -8289.281446158202]
Time
3.809251070022583
The result for the 8th execution is
Query Result
[331.0, 355.0, 407.0, 396.0, 395.0, 393.0, 369.0, 382.0, 393.0, 424.0, 370.0, 391.0, 443.0, 377.0, 412.0, 361.0, 351.0, 375.0, 378.0, 362.0, 373.0, 357.0, 428.0, 426.0, 370.0, 431.0, 401.0, 376.0, 407.0, 388.0, 406.0, 390.0, 432.0, 439.0, 356.0, 396.0, 340.0, 368.0, 379.0, 418.0, 390.0, 360.0, 345.0, 404.0, 371.0, 392.0, 378.0, 337.0, 430.0, 382.0]
Noised Result
[-6101.37580954492, -6291.4329098940925, -8152.400563114703, -6604.648611872756, -6795.268740884033, -7534.209884057036, -8121.07649277129, -6949.092119353233, -7385.039249680209, -6548.727722420049, -9123.988709544103, -7164.939463067977, -6706.431913067856, -5913.287963865706, -7044.906312375936, -7295.503370915089, -6138.0322852048175, -5755.3163338546065, -7833.765223225555, -4134.325986005466, -7149.705443271798, -5083.866973717426, -6988.939548346713, -5940.46988432137, -6810.834172179142, -7025.523803143166, -7102.566830625763, -6930.402144561105, -7031.93807181955, -6185.300347700651, -7196.788144553181, -8945.999537249581, -8045.897172417393, -6763.170548755182, -7126.866913070422, -6972.15628490736, -7744.041348338727, -7814.265296790788, -7418.763740935229, -7120.057619339397, -7836.2396589919745, -6360.697154719835, -6877.91100707025, -5776.66905445094, -7161.216902743355, -7681.10915514682, -5247.070552256207, -6997.621552458772, -7118.298128776059, -7632.81800135187]
Time
3.9036457538604736
The result for the 9th execution is
Query Result
[331.0, 355.0, 407.0, 396.0, 395.0, 393.0, 369.0, 382.0, 393.0, 424.0, 370.0, 391.0, 443.0, 377.0, 412.0, 361.0, 351.0, 375.0, 378.0, 362.0, 373.0, 357.0, 428.0, 426.0, 370.0, 431.0, 401.0, 376.0, 407.0, 388.0, 406.0, 390.0, 432.0, 439.0, 356.0, 396.0, 340.0, 368.0, 379.0, 418.0, 390.0, 360.0, 345.0, 404.0, 371.0, 392.0, 378.0, 337.0, 430.0, 382.0]
Noised Result
[-6551.985874205812, -6743.2534557097315, -2044.8717701440437, -6409.303178724378, -6179.037767449459, -8126.390719836867, -7568.612285137474, -7560.904035958548, -4298.9941787449825, -6367.441256171418, -6711.930240126756, -7149.235390691059, -7067.117207456822, -7026.1456808318435, -5296.195727474797, -6914.34953701009, -7219.52735901387, -6532.95783730565, -7163.143328525947, -7456.858153714054, -5551.475019811947, -7309.474663915175, -7236.831056287561, -7016.757295381911, -5284.302169622163, -8199.477604223619, -7018.0969774058785, -6869.520630108233, -8210.085893780673, -6581.513972775818, -5289.43002825823, -6849.90268625231, -8900.64379011393, -5593.274787070743, -7972.46291867366, -6800.62480147941, -7504.934237481794, -6868.367150011301, -8385.97179914294, -9777.803640073165, -6398.562588986387, -9095.33127971823, -7271.573880167761, -6269.616499733075, -5213.778216844677, -9548.114572728035, -9843.80251487766, -6501.070423193077, -4903.701631643724, -5606.92593388215]
Time
3.8457837104797363
The result for the 10th execution is
Query Result
[331.0, 355.0, 407.0, 396.0, 395.0, 393.0, 369.0, 382.0, 393.0, 424.0, 370.0, 391.0, 443.0, 377.0, 412.0, 361.0, 351.0, 375.0, 378.0, 362.0, 373.0, 357.0, 428.0, 426.0, 370.0, 431.0, 401.0, 376.0, 407.0, 388.0, 406.0, 390.0, 432.0, 439.0, 356.0, 396.0, 340.0, 368.0, 379.0, 418.0, 390.0, 360.0, 345.0, 404.0, 371.0, 392.0, 378.0, 337.0, 430.0, 382.0]
Noised Result
[-7115.975094086757, -7091.353277331873, -6734.375159509292, -5396.844211249121, -6802.8053390529085, -8031.751807487946, -6849.231898584414, -6903.098144054834, -6842.631515417103, -6895.376904726109, -5873.949642068793, -7452.51791848232, -6644.447988744217, -5630.904086313909, -5157.965367151578, -7296.767931990782, -6979.0431101725635, -6924.7563665111475, -7008.7392556066525, -7287.411357536399, -9484.8176348585, -4312.1500861396635, -6733.944133488452, -6583.928221953276, -7296.34509856939, -7142.151079793193, -4276.438051727597, -8791.046964772191, -7499.708589859904, -6801.859873999152, -6466.641278326794, -7313.6249796095235, -6245.761215172694, -6320.395740330482, -6352.521668784039, -9074.832919184162, -6447.688294251784, -7285.695381537932, -6656.8577383840275, -7435.208316762011, -7975.121730519741, -6804.373651183955, -12551.485882653393, -7140.061173374541, -8158.626275226912, -6996.3816272065715, -7255.249087130414, -7461.741316675101, -6579.4036929409585, -6530.765320726716]
Time
3.9273438453674316
The result for the 11th execution is
Query Result
[331.0, 355.0, 407.0, 396.0, 395.0, 393.0, 369.0, 382.0, 393.0, 424.0, 370.0, 391.0, 443.0, 377.0, 412.0, 361.0, 351.0, 375.0, 378.0, 362.0, 373.0, 357.0, 428.0, 426.0, 370.0, 431.0, 401.0, 376.0, 407.0, 388.0, 406.0, 390.0, 432.0, 439.0, 356.0, 396.0, 340.0, 368.0, 379.0, 418.0, 390.0, 360.0, 345.0, 404.0, 371.0, 392.0, 378.0, 337.0, 430.0, 382.0]
Noised Result
[-5870.633167256277, -5220.756399184747, -6866.990188557957, -7688.094460528651, -7989.323986425958, -7731.981068749804, -7168.015113834605, -7929.4439032802275, -5495.896064116485, -5754.987788240807, -6693.724178128529, -7275.050844258756, -7559.102829003479, -7083.181924011257, -6490.492220271301, -6587.464426581728, -8734.917370429805, -6687.696556657973, -7607.045219414783, -6376.147982481077, -7928.566803612799, -7261.5062697088915, -7247.026962779312, -7127.724102397547, -6730.10233042767, -7265.157179026378, -8999.346367531118, -7317.747557071368, -7171.316832345296, -9343.056838728267, -6720.306945777689, -4083.8612099291367, -6931.745545485386, -6227.280740109469, -7322.868628969709, -7129.129168108562, -7523.577133239802, -8470.297010875265, -8055.920755173771, -5650.370546146796, -6352.091632285602, -7046.961256530749, -7437.51275129171, -9035.941905360405, -7452.427016575201, -6555.038381739975, -6867.5478066664045, -6117.936423706313, -6145.803645068358, -4151.625405016696]
Time
3.81742787361145
The result for the 12th execution is
Query Result
[331.0, 355.0, 407.0, 396.0, 395.0, 393.0, 369.0, 382.0, 393.0, 424.0, 370.0, 391.0, 443.0, 377.0, 412.0, 361.0, 351.0, 375.0, 378.0, 362.0, 373.0, 357.0, 428.0, 426.0, 370.0, 431.0, 401.0, 376.0, 407.0, 388.0, 406.0, 390.0, 432.0, 439.0, 356.0, 396.0, 340.0, 368.0, 379.0, 418.0, 390.0, 360.0, 345.0, 404.0, 371.0, 392.0, 378.0, 337.0, 430.0, 382.0]
Noised Result
[-6827.183089792304, -7349.970422043283, -7238.420202466284, -9559.427606752255, -4899.762221082505, -7699.753300167572, -7796.375699556281, -7029.295338244972, -7127.426239501756, -7138.920669639413, -7113.393706908258, -6943.415632825649, -8287.233404964147, -8438.590236134307, -6406.899983410888, -6719.18011488634, -6966.160957105699, -8402.095072546495, -9446.083497113916, -8828.413604947385, -7497.479281787766, -6142.717862133068, -7327.505454986817, -6022.40675683914, -7016.081755690216, -7584.095161360872, -7491.724844281347, -6872.930570387589, -8653.073339513638, -4979.974965583629, -7473.75574625091, -4727.736091685375, -6926.148747486041, -6941.208983035393, -7207.958229019099, -6659.8713378610655, -5932.91623658114, -8420.971110032955, -5943.005798013403, -8457.40216031438, -2774.6241079105666, -6811.10420276401, -7141.072090908923, -7381.065921748429, -6569.7768921363795, -7346.71147330232, -6681.315205482297, -5587.61438974112, -7178.117742795917, -7514.169002184886]
Time
3.929682731628418
The result for the 13th execution is
Query Result
[331.0, 355.0, 407.0, 396.0, 395.0, 393.0, 369.0, 382.0, 393.0, 424.0, 370.0, 391.0, 443.0, 377.0, 412.0, 361.0, 351.0, 375.0, 378.0, 362.0, 373.0, 357.0, 428.0, 426.0, 370.0, 431.0, 401.0, 376.0, 407.0, 388.0, 406.0, 390.0, 432.0, 439.0, 356.0, 396.0, 340.0, 368.0, 379.0, 418.0, 390.0, 360.0, 345.0, 404.0, 371.0, 392.0, 378.0, 337.0, 430.0, 382.0]
Noised Result
[-6931.466336608043, -7044.946674707437, -6455.702637736439, -7062.964280513319, -6689.480877851314, -8700.854686047176, -7173.641659351944, -6651.136853320624, -7494.695375039367, -6684.802563527146, -10540.605263033729, -7277.863627907174, -6228.697069982159, -7399.953699075606, -6867.130677244397, -6416.915468256271, -6794.707895638038, -7142.697061277401, -7309.470876548839, -6453.478278669514, -7757.909946557748, -5788.95335910333, -7589.282015183536, -6762.889594309302, -6984.713148351015, -7677.3075288209475, -6985.070880774671, -6915.188303238819, -6102.414986869814, -6095.237580639669, -9068.309510345644, -6059.036911079412, -9771.991704192962, -6639.141314118762, -7051.386610495205, -7021.58123581482, -7248.104891470803, -6921.177345372716, -7498.696208176053, -6052.18349918427, -7759.953088770014, -7880.04459589924, -6856.715440588112, -6916.728835805079, -5156.401902354941, -5639.929837755492, -7198.821528814453, -8149.143007378487, -7564.024518552795, -6561.201247414491]
Time
3.9677369594573975
The result for the 14th execution is
Query Result
[331.0, 355.0, 407.0, 396.0, 395.0, 393.0, 369.0, 382.0, 393.0, 424.0, 370.0, 391.0, 443.0, 377.0, 412.0, 361.0, 351.0, 375.0, 378.0, 362.0, 373.0, 357.0, 428.0, 426.0, 370.0, 431.0, 401.0, 376.0, 407.0, 388.0, 406.0, 390.0, 432.0, 439.0, 356.0, 396.0, 340.0, 368.0, 379.0, 418.0, 390.0, 360.0, 345.0, 404.0, 371.0, 392.0, 378.0, 337.0, 430.0, 382.0]
Noised Result
[-7091.215409511711, -7079.3288486079955, -5677.41212983258, -7366.0589354003305, -6641.856949472803, -5934.306539664836, -6109.984518781678, -8850.08245826202, -8204.448489037946, -5290.210809200606, -7337.912901629436, -8415.0460052345, -6503.67239287138, -5826.419475872789, -6607.61522649708, -5036.97485207118, -6828.821188308608, -8065.288408264874, -7553.640426067068, -6978.139752455339, -5014.459095024151, -6757.667161051378, -7229.347582034972, -7227.187661560564, -6932.793898895387, -3895.655435292989, -5112.882375085977, -6131.373963612873, -7612.367321514825, -7235.919243803594, -6764.013703785257, -7360.226023242517, -6583.997858919005, -6947.073157489854, -7098.861513201682, -5983.356661487349, -5566.394848782121, -5638.720896854476, -7379.910569055362, -6737.7167547830095, -5572.557115897952, -7091.5810579300905, -7122.295750803157, -6780.239832078384, -8093.698335322695, -4261.846361623736, -7382.428292693373, -7131.525497156297, -7109.691838359552, -6304.470302306644]
Time
3.8227405548095703
The result for the 15th execution is
Query Result
[331.0, 355.0, 407.0, 396.0, 395.0, 393.0, 369.0, 382.0, 393.0, 424.0, 370.0, 391.0, 443.0, 377.0, 412.0, 361.0, 351.0, 375.0, 378.0, 362.0, 373.0, 357.0, 428.0, 426.0, 370.0, 431.0, 401.0, 376.0, 407.0, 388.0, 406.0, 390.0, 432.0, 439.0, 356.0, 396.0, 340.0, 368.0, 379.0, 418.0, 390.0, 360.0, 345.0, 404.0, 371.0, 392.0, 378.0, 337.0, 430.0, 382.0]
Noised Result
[-4634.254107529488, -6443.918532217756, -5284.346916742104, -6105.212269262978, -7508.476125811807, -5976.0744966228995, -7090.700203496545, -7613.634625148554, -7364.925800909269, -10315.989087841741, -5758.7156230223345, -7071.980843727632, -8241.917878421224, -7133.65727500885, -8194.49059264917, -8445.340477018108, -6837.754822611093, -6309.009209311937, -6641.063485545684, -5834.660345044254, -9635.054031932026, -7972.975020846383, -6547.637532999245, -7554.1125101623, -7524.60849749229, -7968.994062027592, -7118.663425255375, -7201.581090797322, -7511.301472737096, -6504.262280611838, -7810.276335347928, -7584.7780902604745, -6621.528789324429, -6688.091355131483, -7176.101988268096, -6776.7917990461565, -10560.127493191916, -9662.278199914688, -5778.517488594811, -5132.633622009452, -7256.113211713252, -7322.0719575271105, -7979.26876339814, -6706.944617963078, -7952.562516816168, -7474.885184466945, -6644.769697434266, -7017.219264287853, -5609.194395868511, -10332.207207723292]
Time
3.815971612930298
The result for the 16th execution is
Query Result
[331.0, 355.0, 407.0, 396.0, 395.0, 393.0, 369.0, 382.0, 393.0, 424.0, 370.0, 391.0, 443.0, 377.0, 412.0, 361.0, 351.0, 375.0, 378.0, 362.0, 373.0, 357.0, 428.0, 426.0, 370.0, 431.0, 401.0, 376.0, 407.0, 388.0, 406.0, 390.0, 432.0, 439.0, 356.0, 396.0, 340.0, 368.0, 379.0, 418.0, 390.0, 360.0, 345.0, 404.0, 371.0, 392.0, 378.0, 337.0, 430.0, 382.0]
Noised Result
[-7611.77017101385, -7302.666958804204, -7424.453308512871, -6898.610247077727, -6954.844455286419, -7070.706540757325, -8005.878983459059, -6815.889457454955, -7315.505783764503, -6354.3693050333795, -2656.3716984263765, -8542.07162703455, -8762.08780209913, -7425.860486761844, -7515.466722319043, -5945.002113608308, -5776.543490416323, -7493.318644861538, -7322.201130146803, -7107.482489229262, -6785.995108018272, -6260.270171334381, -8725.706982036409, -6703.929760652174, -4982.514226897554, -6915.648749348872, -5273.991937629356, -4992.165308014454, -8778.092237748302, -6765.204060133075, -6146.712809314985, -6236.580207000394, -4810.225675501453, -6620.5626567682375, -6885.300269440637, -8447.870044914092, -8166.6873711789685, -6713.426713575844, -7184.994803238217, -9007.797045999137, -8118.50472439282, -6647.8259276813815, -6550.278138223679, -9952.302908966054, -7034.873882573033, -7352.042534537956, -6826.537732549718, -8057.7002662520135, -9683.253590895389, -6655.295419542482]
Time
3.7417683601379395
The result for the 17th execution is
Query Result
[331.0, 355.0, 407.0, 396.0, 395.0, 393.0, 369.0, 382.0, 393.0, 424.0, 370.0, 391.0, 443.0, 377.0, 412.0, 361.0, 351.0, 375.0, 378.0, 362.0, 373.0, 357.0, 428.0, 426.0, 370.0, 431.0, 401.0, 376.0, 407.0, 388.0, 406.0, 390.0, 432.0, 439.0, 356.0, 396.0, 340.0, 368.0, 379.0, 418.0, 390.0, 360.0, 345.0, 404.0, 371.0, 392.0, 378.0, 337.0, 430.0, 382.0]
Noised Result
[-7092.415477090545, -7207.17158489886, -7641.710803006518, -8004.816664928598, -7184.066153748555, -8157.630113453633, -9216.744555454889, -11112.917497336919, -7161.032405707203, -6675.0926146697675, -4819.767817509471, -6185.644256115627, -8161.754465025091, -6453.645382248957, -6354.464510536886, -6243.876738835188, -7212.930633743444, -4858.78558894215, -5564.752800858226, -8690.640213649509, -7341.404630183534, -6855.054458473875, -6270.840485017269, -6457.029011350291, -6959.879815676287, -6375.304235784519, -7942.773943509677, -6408.420425475592, -7166.747952253839, -5209.2577132434835, -9248.85833632009, -6624.402002893982, -6663.942612719237, -5130.745812901401, -7190.9383445659205, -7081.043118618755, -6697.11409608979, -7616.416196282433, -8995.468606026961, -5506.825733418975, -7257.557959752421, -9313.312473763526, -6681.099191790688, -7681.267091050387, -7629.872420967673, -7190.514717462211, -6199.540657210278, -7367.233942220843, -5729.558077909465, -8477.6008527268]
Time
3.911789894104004
The result for the 18th execution is
Query Result
[331.0, 355.0, 407.0, 396.0, 395.0, 393.0, 369.0, 382.0, 393.0, 424.0, 370.0, 391.0, 443.0, 377.0, 412.0, 361.0, 351.0, 375.0, 378.0, 362.0, 373.0, 357.0, 428.0, 426.0, 370.0, 431.0, 401.0, 376.0, 407.0, 388.0, 406.0, 390.0, 432.0, 439.0, 356.0, 396.0, 340.0, 368.0, 379.0, 418.0, 390.0, 360.0, 345.0, 404.0, 371.0, 392.0, 378.0, 337.0, 430.0, 382.0]
Noised Result
[-7268.580443125088, -7366.3812038648275, -6217.3914304377, -7480.577417412382, -6850.1808951733055, -7316.190363220868, -6975.233824310494, -5774.881589413498, -3473.9291382130114, -6360.175597244175, -7041.4232286529505, -7250.253438024242, -8881.95097199766, -7640.082258125244, -7121.608174517686, -7730.244003266985, -7110.13789766988, -8343.100220300501, -5874.435787409724, -6876.430500211127, -8736.91004865345, -6707.911845530612, -6573.580090037125, -7470.152874654924, -6330.971586390398, -6975.89783989473, -6624.274307623421, -6780.406232412631, -7767.059428939294, -6636.7655675257565, -8175.307215412819, -7997.50003004358, -9962.113832664767, -7055.995261919161, -8164.782000189447, -9251.065518526651, -8454.979407059553, -4147.569889278574, -6625.653867072958, -6917.052707067652, -7290.233238765716, -5557.884331686496, -7319.049878130999, -8867.406115272315, -7716.453897564389, -8162.8323542210655, -7770.135871511878, -7042.9454669792385, -7482.25051130594, -6180.029350502321]
Time
3.812079668045044
The result for the 19th execution is
Query Result
[331.0, 355.0, 407.0, 396.0, 395.0, 393.0, 369.0, 382.0, 393.0, 424.0, 370.0, 391.0, 443.0, 377.0, 412.0, 361.0, 351.0, 375.0, 378.0, 362.0, 373.0, 357.0, 428.0, 426.0, 370.0, 431.0, 401.0, 376.0, 407.0, 388.0, 406.0, 390.0, 432.0, 439.0, 356.0, 396.0, 340.0, 368.0, 379.0, 418.0, 390.0, 360.0, 345.0, 404.0, 371.0, 392.0, 378.0, 337.0, 430.0, 382.0]
Noised Result
[-5709.65953496789, -5591.40743925486, -7083.285565592375, -7361.96977817982, -7111.1109792819, -5103.121348145014, -4585.567031467239, -6575.404109963084, -6786.1838168259765, -10013.422890889653, -7075.094630575606, -7017.895614507829, -8226.579441836728, -7133.134812636061, -7952.642518796234, -7213.439674580903, -8576.854007228027, -8732.889632628814, -7633.964571840719, -7140.743572545777, -7539.749827095984, -8925.043564366184, -6126.1209420211735, -7142.0683690973265, -7039.739621852242, -5924.882482089732, -6045.841007491353, -7901.071248406958, -6443.84342287762, -5917.164498095809, -7336.11290071427, -7062.850227750216, -5833.2548739362255, -9211.062650505619, -6692.492657396336, -8617.223254927505, -6159.1175575726475, -7443.798241777301, -6640.946888072663, -7928.507951323705, -7076.4428741771735, -7219.704915963114, -7105.452297313883, -7706.468101333996, -6325.488575932955, -6302.175076913339, -7231.3922748565865, -6273.969859811787, -7124.560159356931, -6356.340720549459]
Time
3.9395692348480225
