The result for the 0th execution is
Query Result
[36031.78231759992, 41248.63908580002, 42551.344564000006, 30693.502856700015, 58822.714722800076, 43344.46914359991, 38256.79663579996, 37211.595373699965, 47077.86958910006, 40946.2602582, 49617.5850107, 44785.28793959994, 52519.76663470003, 41404.58317219997, 30252.720627799976, 34369.76909229997, 43846.35477460011, 35577.96574140007, 41439.13785259998, 31918.0852531, 44089.3442638, 50239.853476800075, 41942.332139799975, 29264.204497600007, 37622.8053879001]
Noised Result
[-3004.433457081106, -1887.358810817771, -2791.0732735054926, -1214.9100486116783, -2594.257654250214, -2275.460327815678, -2576.1167745404155, -2495.314893065716, -1795.9862920982555, -2171.0553237265285, -2497.720881776552, -2510.6223592948404, -2395.498497215954, -2467.6598322767018, -2884.287644819965, -2729.7576498698254, -2521.593603408547, -3432.6882600752297, -2998.978482006066, -3017.4506500926054, -2225.5564308643097, -2399.80743079833, -3217.990607171826, -2463.655483942121, -1609.2237475022864]
Time
2.938356399536133
The result for the 1th execution is
Query Result
[36031.78231759992, 41248.63908580002, 42551.344564000006, 30693.502856700015, 58822.714722800076, 43344.46914359991, 38256.79663579996, 37211.595373699965, 47077.86958910006, 40946.2602582, 49617.5850107, 44785.28793959994, 52519.76663470003, 41404.58317219997, 30252.720627799976, 34369.76909229997, 43846.35477460011, 35577.96574140007, 41439.13785259998, 31918.0852531, 44089.3442638, 50239.853476800075, 41942.332139799975, 29264.204497600007, 37622.8053879001]
Noised Result
[-2168.32646740114, -2566.7713871556325, -3038.6833416512654, -2647.469740361561, -2166.386610895366, -2425.427015560222, -1738.6581364497083, -2843.6888508553357, -2129.099626460846, -2329.0774194224114, -2455.9151916362607, -2264.0717250613634, -2272.927412662324, -2871.842884177329, -2491.8730317949435, -3430.7510336172427, -3237.220296174743, -2269.3936052137656, -2115.069962924839, -1649.4391651847905, -3020.7642940223436, -3307.2544870251613, -2100.5699545752996, -2396.151643600155, -2208.0003688953743]
Time
2.9948923587799072
The result for the 2th execution is
Query Result
[36031.78231759992, 41248.63908580002, 42551.344564000006, 30693.502856700015, 58822.714722800076, 43344.46914359991, 38256.79663579996, 37211.595373699965, 47077.86958910006, 40946.2602582, 49617.5850107, 44785.28793959994, 52519.76663470003, 41404.58317219997, 30252.720627799976, 34369.76909229997, 43846.35477460011, 35577.96574140007, 41439.13785259998, 31918.0852531, 44089.3442638, 50239.853476800075, 41942.332139799975, 29264.204497600007, 37622.8053879001]
Noised Result
[-2165.9715119723423, -2217.566952138638, -2344.5766050996513, -2888.0367942732687, -2078.815892976723, -2612.650207129964, -2512.3276684404127, -2693.8060992558317, -2267.02078611489, -2519.4584295902096, -2261.6291094571707, -3122.2084518629517, -2359.4088066796116, -2188.80305687685, -2358.7923263597054, -2292.7049046080074, -2505.260870629903, -2763.2110079425806, -2585.7534632784364, -2613.5136831293958, -1951.024688147088, -2563.7132745961444, -2155.5639339476306, -2337.3746364196086, -2339.2394048197843]
Time
2.998093605041504
The result for the 3th execution is
Query Result
[36031.78231759992, 41248.63908580002, 42551.344564000006, 30693.502856700015, 58822.714722800076, 43344.46914359991, 38256.79663579996, 37211.595373699965, 47077.86958910006, 40946.2602582, 49617.5850107, 44785.28793959994, 52519.76663470003, 41404.58317219997, 30252.720627799976, 34369.76909229997, 43846.35477460011, 35577.96574140007, 41439.13785259998, 31918.0852531, 44089.3442638, 50239.853476800075, 41942.332139799975, 29264.204497600007, 37622.8053879001]
Noised Result
[-2438.6839966881166, -3028.989873329779, -2321.167254009402, -2702.279193118794, -1960.3372117583804, -2984.161907798955, -3928.8503812137396, -2070.3333694609996, -2313.6360456372486, -2727.986127945288, -2475.9303231987537, -1450.3006089839432, -2914.38504334786, -2748.3212263091873, -2489.609097007265, -2698.9307272538194, -2542.065638418395, -1043.8675995097526, -3082.366717493902, -2920.4283247414214, -3419.2893092452728, -2889.2823656011474, -1747.0429326413682, -2618.702388072888, -2299.774472809695]
Time
2.9591712951660156
The result for the 4th execution is
Query Result
[36031.78231759992, 41248.63908580002, 42551.344564000006, 30693.502856700015, 58822.714722800076, 43344.46914359991, 38256.79663579996, 37211.595373699965, 47077.86958910006, 40946.2602582, 49617.5850107, 44785.28793959994, 52519.76663470003, 41404.58317219997, 30252.720627799976, 34369.76909229997, 43846.35477460011, 35577.96574140007, 41439.13785259998, 31918.0852531, 44089.3442638, 50239.853476800075, 41942.332139799975, 29264.204497600007, 37622.8053879001]
Noised Result
[-3234.965530940281, -2575.6161271341484, -3386.736771962305, -2272.7728611250795, -2553.521229635428, -3352.9157995845003, -2007.2131617197488, -2795.048894949419, -1853.6508250908546, -2267.4630150921926, -3930.584313610231, -2339.780096734091, -2586.9270310504116, -2319.1305701583397, -2197.613353135749, -2189.94473993531, -2035.0926042462002, -2762.67751652732, -2501.175576716004, -2130.8847381911373, -2686.370977649264, -2283.5751758949905, -2102.845361159561, -2811.757221583095, -1129.5409421640363]
Time
2.965996742248535
The result for the 5th execution is
Query Result
[36031.78231759992, 41248.63908580002, 42551.344564000006, 30693.502856700015, 58822.714722800076, 43344.46914359991, 38256.79663579996, 37211.595373699965, 47077.86958910006, 40946.2602582, 49617.5850107, 44785.28793959994, 52519.76663470003, 41404.58317219997, 30252.720627799976, 34369.76909229997, 43846.35477460011, 35577.96574140007, 41439.13785259998, 31918.0852531, 44089.3442638, 50239.853476800075, 41942.332139799975, 29264.204497600007, 37622.8053879001]
Noised Result
[-1442.649597880339, -2451.6351208109363, -2920.7847633754855, -1933.7809910918368, -2040.917496311151, -1919.9769803371664, -2688.0005984842337, -2902.792867026509, -3556.214921479378, -2053.7966008555213, -1083.9313350730724, -3335.0082030532635, -2357.313066197628, -2437.1989723144143, -2314.103833372171, -2447.0196587125624, -2230.942028042326, -2553.9146234688465, -2313.0580673303825, -2768.0272481317284, -2778.4157558168995, -2562.048921821295, -2320.147524807125, -2255.0170032488477, -2800.404744983919]
Time
3.030055284500122
The result for the 6th execution is
Query Result
[36031.78231759992, 41248.63908580002, 42551.344564000006, 30693.502856700015, 58822.714722800076, 43344.46914359991, 38256.79663579996, 37211.595373699965, 47077.86958910006, 40946.2602582, 49617.5850107, 44785.28793959994, 52519.76663470003, 41404.58317219997, 30252.720627799976, 34369.76909229997, 43846.35477460011, 35577.96574140007, 41439.13785259998, 31918.0852531, 44089.3442638, 50239.853476800075, 41942.332139799975, 29264.204497600007, 37622.8053879001]
Noised Result
[-3619.157647203161, -2252.405779454105, -2494.1939147783255, -2454.9699770134216, -2052.2644082035895, -2388.448393648352, -2405.972530158167, -2380.078271809815, -2620.628170005614, -2815.0045740268715, -2478.3289223777433, -3933.0142739194744, -2492.1522138984333, -2375.2767061650234, -2667.0091065981765, -2232.186346044421, -2922.438281641721, -2946.805289098984, -2407.607386622507, -3099.1388648838, -2194.2785630142125, -2261.8839491938247, -2493.324474733923, -2360.8708116953985, -2012.1959549480944]
Time
2.9494316577911377
The result for the 7th execution is
Query Result
[36031.78231759992, 41248.63908580002, 42551.344564000006, 30693.502856700015, 58822.714722800076, 43344.46914359991, 38256.79663579996, 37211.595373699965, 47077.86958910006, 40946.2602582, 49617.5850107, 44785.28793959994, 52519.76663470003, 41404.58317219997, 30252.720627799976, 34369.76909229997, 43846.35477460011, 35577.96574140007, 41439.13785259998, 31918.0852531, 44089.3442638, 50239.853476800075, 41942.332139799975, 29264.204497600007, 37622.8053879001]
Noised Result
[-2521.917936414563, -2920.236142386799, -2384.6921140798618, -2449.768754013534, -2169.0862841112075, -2443.9555083062182, -2488.7609060182012, -2078.8671300596648, -1933.619045398225, -2244.9883930213796, -2472.817280939856, -1740.8109034665777, -2417.692730958768, -1858.4416135320068, -2736.487333214298, -1723.979888868592, -2588.2956028772296, -2358.548855890395, -2201.2615364075014, -2377.6807977426674, -2323.1501884661257, -2421.6539812671735, -2390.2355768888956, -2298.8764369894334, -2672.9831466971386]
Time
3.0389459133148193
The result for the 8th execution is
Query Result
[36031.78231759992, 41248.63908580002, 42551.344564000006, 30693.502856700015, 58822.714722800076, 43344.46914359991, 38256.79663579996, 37211.595373699965, 47077.86958910006, 40946.2602582, 49617.5850107, 44785.28793959994, 52519.76663470003, 41404.58317219997, 30252.720627799976, 34369.76909229997, 43846.35477460011, 35577.96574140007, 41439.13785259998, 31918.0852531, 44089.3442638, 50239.853476800075, 41942.332139799975, 29264.204497600007, 37622.8053879001]
Noised Result
[-2747.067929809743, -2303.7547261793484, -2757.5850458535588, -3235.5440110370255, -1900.843486177669, -2389.7161055944052, -2323.4643297133694, -2643.9935198735975, -2342.9917394376525, -2146.859999756279, -2056.8260174028082, -2285.708380569222, -3350.353128314653, -2346.4288079324638, -2478.226189613948, -2467.7018651512562, -2508.3227216441446, -2334.481864520425, 321913819.6149216, -4342.168326530837, -1880.0687407507257, -2708.0354974221814, -1654.7461456418318, -2367.2052435432934, -2785.674505184616]
Time
2.8750109672546387
The result for the 9th execution is
Query Result
[36031.78231759992, 41248.63908580002, 42551.344564000006, 30693.502856700015, 58822.714722800076, 43344.46914359991, 38256.79663579996, 37211.595373699965, 47077.86958910006, 40946.2602582, 49617.5850107, 44785.28793959994, 52519.76663470003, 41404.58317219997, 30252.720627799976, 34369.76909229997, 43846.35477460011, 35577.96574140007, 41439.13785259998, 31918.0852531, 44089.3442638, 50239.853476800075, 41942.332139799975, 29264.204497600007, 37622.8053879001]
Noised Result
[-3287.6886439381933, -3151.485086021295, -2463.016150115427, -2520.352386836725, -2187.558998095478, -2806.5001311858446, -3082.39270916018, -2484.904948403316, -3159.873694209471, -2517.7850687797863, -3112.1199707190403, -2730.676858148083, -2227.4596334128346, -2739.451933236215, -2384.639874455214, -3562.4494727050496, -2270.572639881117, -2377.4289005721594, -2361.345420179308, -2512.437079434256, -2178.571629941861, -3095.983324621404, -3002.990452704756, -2347.972435853607, -1856.5296413351814]
Time
2.988032579421997
The result for the 10th execution is
Query Result
[36031.78231759992, 41248.63908580002, 42551.344564000006, 30693.502856700015, 58822.714722800076, 43344.46914359991, 38256.79663579996, 37211.595373699965, 47077.86958910006, 40946.2602582, 49617.5850107, 44785.28793959994, 52519.76663470003, 41404.58317219997, 30252.720627799976, 34369.76909229997, 43846.35477460011, 35577.96574140007, 41439.13785259998, 31918.0852531, 44089.3442638, 50239.853476800075, 41942.332139799975, 29264.204497600007, 37622.8053879001]
Noised Result
[-2038.861241765147, -1973.0344625690323, -2481.5956357848013, -2342.9990836641464, -1893.467999204321, -2047.935307680848, -2394.2932253468157, -2460.04187903882, -2007.1915393300187, -2539.2558830275207, -2899.0149377334906, -2996.539257125505, -1996.8591404147137, -2262.582411997069, -2630.245501007604, -3266.9402855797616, -2401.9317598993725, -1811.224153888177, -3102.890009431714, -2269.5985450278195, -2279.9365182776833, -2543.753390254225, -2432.108196009409, -2818.0312581228172, -3084.704724187877]
Time
2.926626682281494
The result for the 11th execution is
Query Result
[36031.78231759992, 41248.63908580002, 42551.344564000006, 30693.502856700015, 58822.714722800076, 43344.46914359991, 38256.79663579996, 37211.595373699965, 47077.86958910006, 40946.2602582, 49617.5850107, 44785.28793959994, 52519.76663470003, 41404.58317219997, 30252.720627799976, 34369.76909229997, 43846.35477460011, 35577.96574140007, 41439.13785259998, 31918.0852531, 44089.3442638, 50239.853476800075, 41942.332139799975, 29264.204497600007, 37622.8053879001]
Noised Result
[-2377.902304591798, -2042.4103229922748, -2386.879305919879, -2406.8629418609376, -2301.7420261177313, -1840.392088117931, -1859.3424969473117, -2315.673425579828, -2434.2626126998957, -2021.3895403461888, -2824.1851017776485, -2323.8160202373165, -2682.0010261651896, -2255.6551561483157, -3080.6194059867867, -2065.4898624418606, -2172.100527438309, -3140.477548658348, -2739.517704642326, -2457.4468870713417, -2476.025429193017, -2785.6078190378503, -2161.9438318676293, -3343.2155148166894, -2420.8976546326458]
Time
2.8973255157470703
The result for the 12th execution is
Query Result
[36031.78231759992, 41248.63908580002, 42551.344564000006, 30693.502856700015, 58822.714722800076, 43344.46914359991, 38256.79663579996, 37211.595373699965, 47077.86958910006, 40946.2602582, 49617.5850107, 44785.28793959994, 52519.76663470003, 41404.58317219997, 30252.720627799976, 34369.76909229997, 43846.35477460011, 35577.96574140007, 41439.13785259998, 31918.0852531, 44089.3442638, 50239.853476800075, 41942.332139799975, 29264.204497600007, 37622.8053879001]
Noised Result
[-2890.654719677026, -2450.529959979176, -1791.3522999756342, -2863.3628035419124, -2381.878088699702, -2494.694479495787, -2845.4955835212813, -2563.5570495672832, -3084.2807228876645, -3140.8747560009565, -2455.273765332331, -2281.873719955805, -3742.0039548711893, -2556.5380731249516, -2514.0735581188314, -2949.006458782611, -2388.5961055643206, -1789.7775590450963, -3541.0432609263125, -2269.556891311684, -2773.684859235914, -2485.441322827476, -2422.748613505338, -2643.768469091009, -2191.3071857184873]
Time
2.907137393951416
The result for the 13th execution is
Query Result
[36031.78231759992, 41248.63908580002, 42551.344564000006, 30693.502856700015, 58822.714722800076, 43344.46914359991, 38256.79663579996, 37211.595373699965, 47077.86958910006, 40946.2602582, 49617.5850107, 44785.28793959994, 52519.76663470003, 41404.58317219997, 30252.720627799976, 34369.76909229997, 43846.35477460011, 35577.96574140007, 41439.13785259998, 31918.0852531, 44089.3442638, 50239.853476800075, 41942.332139799975, 29264.204497600007, 37622.8053879001]
Noised Result
[-1814.26536821843, -2648.693682656722, -2437.1886890238284, -2549.3171214907534, -2596.2613333102317, -2004.0571726402668, -2800.524411626776, -3731.3297558432987, -2627.6961580404363, -2219.738386443057, -2247.5300855051923, -2370.501453419129, -2032.9687287112952, -2061.571964088419, -2487.8604209912687, -2410.294559144152, -2407.561888522076, -2400.5080209872594, -2394.611831955759, -2974.9792247885575, -2249.6852779983865, -1352.1117625078984, -2425.5685962069547, -2213.0699753285858, -2520.022076165931]
Time
2.879603147506714
The result for the 14th execution is
Query Result
[36031.78231759992, 41248.63908580002, 42551.344564000006, 30693.502856700015, 58822.714722800076, 43344.46914359991, 38256.79663579996, 37211.595373699965, 47077.86958910006, 40946.2602582, 49617.5850107, 44785.28793959994, 52519.76663470003, 41404.58317219997, 30252.720627799976, 34369.76909229997, 43846.35477460011, 35577.96574140007, 41439.13785259998, 31918.0852531, 44089.3442638, 50239.853476800075, 41942.332139799975, 29264.204497600007, 37622.8053879001]
Noised Result
[-2623.0058321892807, -1965.333690327794, -1428.5609474507278, -2498.3179307849837, -2323.6975968523043, -2343.8475094927016, -2408.673315972736, -2845.400618265286, -2223.5038663132705, -2539.936639284001, -2654.7650424879052, -1976.9210418771058, -2400.5387345612, -2050.502556649961, -2867.995639619893, -2504.601310152487, -1930.9482283010072, 156232.26127885695, -2379.3487194934723, -2736.613650618149, -2102.1098036632634, -3518.7923480520844, -2745.2239996899807, -3612.2022780424, -2505.0665850816495]
Time
2.889636516571045
The result for the 15th execution is
Query Result
[36031.78231759992, 41248.63908580002, 42551.344564000006, 30693.502856700015, 58822.714722800076, 43344.46914359991, 38256.79663579996, 37211.595373699965, 47077.86958910006, 40946.2602582, 49617.5850107, 44785.28793959994, 52519.76663470003, 41404.58317219997, 30252.720627799976, 34369.76909229997, 43846.35477460011, 35577.96574140007, 41439.13785259998, 31918.0852531, 44089.3442638, 50239.853476800075, 41942.332139799975, 29264.204497600007, 37622.8053879001]
Noised Result
[-3024.3043759145694, -2982.194371989499, -2321.4366142849176, -3096.8687587979443, -2452.065915885482, -1294.2065804146278, -2422.2340283884164, -2016.028564173946, -2289.577094641373, -2153.8454326302085, -2608.763139597182, -2602.467079864233, -2207.0206732381675, -2571.546271142981, -2678.844463549489, -1677.88685057041, -3008.779419506407, -2419.9124202551134, -1891.1161215191623, -1567.8987974315903, -2079.841022956146, -2367.417221764641, -2468.700751438608, -1936.289878166627, -2757.064845574689]
Time
2.9440391063690186
The result for the 16th execution is
Query Result
[36031.78231759992, 41248.63908580002, 42551.344564000006, 30693.502856700015, 58822.714722800076, 43344.46914359991, 38256.79663579996, 37211.595373699965, 47077.86958910006, 40946.2602582, 49617.5850107, 44785.28793959994, 52519.76663470003, 41404.58317219997, 30252.720627799976, 34369.76909229997, 43846.35477460011, 35577.96574140007, 41439.13785259998, 31918.0852531, 44089.3442638, 50239.853476800075, 41942.332139799975, 29264.204497600007, 37622.8053879001]
Noised Result
[-2433.108377992968, -2610.376443911383, -2614.033809812965, -2212.601381873508, -2805.815226170693, -2457.672058539706, -2241.483311318835, -2339.6588197162814, -2400.234385858692, -2554.130945757413, -2688.0786175323697, -2334.234568125184, -2649.526546220079, -2197.757823238223, -2178.8939409774266, -2650.9119834219277, -2940.014066818806, -2487.745117971389, -2354.6249496710307, -2532.5361437036067, -2761.045268381599, -2723.5936912804896, -2587.4437661407474, -2622.523308897123, -2515.1103423115856]
Time
3.0431017875671387
The result for the 17th execution is
Query Result
[36031.78231759992, 41248.63908580002, 42551.344564000006, 30693.502856700015, 58822.714722800076, 43344.46914359991, 38256.79663579996, 37211.595373699965, 47077.86958910006, 40946.2602582, 49617.5850107, 44785.28793959994, 52519.76663470003, 41404.58317219997, 30252.720627799976, 34369.76909229997, 43846.35477460011, 35577.96574140007, 41439.13785259998, 31918.0852531, 44089.3442638, 50239.853476800075, 41942.332139799975, 29264.204497600007, 37622.8053879001]
Noised Result
[-2661.842046047218, -2836.961200528644, -2147.438538354454, -1844.0105199269992, -3617.722987161469, -2698.4705400359458, -2370.7490460250465, -2786.566775770179, -592.8684680854749, -3172.9947074264637, -2180.9789154099603, -2525.7272292391845, -2167.972907677208, -2328.8712559426685, -2944.136636444645, -3257.1737404406485, -2872.5144097383704, -2551.557892394214, -2302.2954828783286, -2515.630410861446, -2128.9641700367706, -2619.1002814087647, -2115.7555061421203, -2633.5466361736526, -2294.610850009353]
Time
2.9528324604034424
The result for the 18th execution is
Query Result
[36031.78231759992, 41248.63908580002, 42551.344564000006, 30693.502856700015, 58822.714722800076, 43344.46914359991, 38256.79663579996, 37211.595373699965, 47077.86958910006, 40946.2602582, 49617.5850107, 44785.28793959994, 52519.76663470003, 41404.58317219997, 30252.720627799976, 34369.76909229997, 43846.35477460011, 35577.96574140007, 41439.13785259998, 31918.0852531, 44089.3442638, 50239.853476800075, 41942.332139799975, 29264.204497600007, 37622.8053879001]
Noised Result
[-2691.773972391097, -2471.185605202707, -2516.634530344501, -2631.917217501233, -1725.9583236946114, -2011.848072639305, -2127.492104502615, -2063.004598003288, -2813.5142422847616, -2671.893568283083, -2253.2947729517073, -2554.5188509352242, -2186.3602257368593, -2178.797584766594, -2476.0631237455254, -2751.382289582635, -3100.1918968038362, -2511.705071759986, -1625.9173147557153, -2573.1314770602003, -2448.2036482395383, -2435.487068065935, -2405.102555239542, -2502.535877626313, -2105.9678029606202]
Time
2.876070976257324
The result for the 19th execution is
Query Result
[36031.78231759992, 41248.63908580002, 42551.344564000006, 30693.502856700015, 58822.714722800076, 43344.46914359991, 38256.79663579996, 37211.595373699965, 47077.86958910006, 40946.2602582, 49617.5850107, 44785.28793959994, 52519.76663470003, 41404.58317219997, 30252.720627799976, 34369.76909229997, 43846.35477460011, 35577.96574140007, 41439.13785259998, 31918.0852531, 44089.3442638, 50239.853476800075, 41942.332139799975, 29264.204497600007, 37622.8053879001]
Noised Result
[-3289.3111608599042, -2483.125601838452, -2292.3471368718765, -1981.6405377461092, -2401.311227253508, -2209.632779565658, -2759.762966807028, -2389.0706296254384, -2429.6838527733275, -2136.9177294140645, -1790.3844852834816, -2027.3076750380337, -3224.9680278779215, -2385.313597799619, -2743.225733750376, -2928.223028571386, -2375.546482856515, -2644.5245757763937, -2461.8762091169538, -2946.087943268839, -2654.6888016744215, -2347.811779783048, -1987.5943248195745, -2697.8204232959224, -2496.992596352348]
Time
2.8865342140197754
