The result for the 0th execution is
Query Result
[168005.36949560014, 170539.9540516996, 176370.20360180008, 181065.21424099937, 194580.3102972002, 169507.9040189001, 171786.37201600045, 171956.40360649934, 179965.36066919964, 182559.55167350086, 165843.59786499993, 157455.84402829985, 182763.76817230016, 164402.4750886999, 149154.4094004002, 162713.1724077004, 156923.12497799972, 173259.21062400105, 169003.62967379976, 157199.56732859995, 165952.8613323002, 162121.6657314002, 161655.57655609978, 175037.9320912001, 159053.0425961008]
Noised Result
[-3524.859739518433, -4666.438532400606, -4985.776957635234, -4410.471806170239, -5212.343901496513, -4688.285083490481, -4885.064745799665, -5020.528025574555, -4059.326447832291, -3514.8513224958165, -3596.937154692387, -4631.929110332995, -4083.1032333030216, -4255.698046737938, -5330.372334473522, -4375.6126248907485, -3711.8788896798787, -4347.276701049475, -4302.233031122466, -4515.122901828129, -4563.121547556794, -6683.94411146245, -4229.83294981521, -5328.16156800589, -4956.655838433175]
Time
7.639215469360352
The result for the 1th execution is
Query Result
[168005.36949560014, 170539.9540516996, 176370.20360180008, 181065.21424099937, 194580.3102972002, 169507.9040189001, 171786.37201600045, 171956.40360649934, 179965.36066919964, 182559.55167350086, 165843.59786499993, 157455.84402829985, 182763.76817230016, 164402.4750886999, 149154.4094004002, 162713.1724077004, 156923.12497799972, 173259.21062400105, 169003.62967379976, 157199.56732859995, 165952.8613323002, 162121.6657314002, 161655.57655609978, 175037.9320912001, 159053.0425961008]
Noised Result
[-4290.863675370553, -3604.198391979935, -2185.623485745234, -4775.574170618215, -4430.987864593858, -4719.121970319201, -3724.7514462702848, -3697.4692321138104, -4299.981745614913, -4357.343382475832, -4527.6762535271955, -5297.109466127805, -3736.0919164845754, -2874.9932090406214, -4915.466084281257, -3911.153274628454, -5284.430105518469, -3717.7488302914144, -4267.398067216322, -4107.6574217115985, -4300.770954813893, -5125.807268985463, -3672.0837678584157, -5237.905003422471, -4797.285237229248]
Time
7.43064022064209
The result for the 2th execution is
Query Result
[168005.36949560014, 170539.9540516996, 176370.20360180008, 181065.21424099937, 194580.3102972002, 169507.9040189001, 171786.37201600045, 171956.40360649934, 179965.36066919964, 182559.55167350086, 165843.59786499993, 157455.84402829985, 182763.76817230016, 164402.4750886999, 149154.4094004002, 162713.1724077004, 156923.12497799972, 173259.21062400105, 169003.62967379976, 157199.56732859995, 165952.8613323002, 162121.6657314002, 161655.57655609978, 175037.9320912001, 159053.0425961008]
Noised Result
[-4763.145285819746, -3985.1469437114765, -4701.140235854862, -4654.654281694414, -4481.7352555899715, -4613.12456003928, -4329.302699332595, -5855.750059211835, -4584.509334518228, -5032.677512124825, -5381.165539134098, -4614.433533658641, -4510.439092674001, -4643.17773957032, -4644.485195649365, -4188.950206208708, -4573.153219749232, -3995.496703252835, -2911.34880369256, -4079.0798777976297, -4793.1685484210275, -4145.152804353699, -4609.9699024003285, -3937.0417363758725, -4817.950115840187]
Time
7.491059303283691
The result for the 3th execution is
Query Result
[168005.36949560014, 170539.9540516996, 176370.20360180008, 181065.21424099937, 194580.3102972002, 169507.9040189001, 171786.37201600045, 171956.40360649934, 179965.36066919964, 182559.55167350086, 165843.59786499993, 157455.84402829985, 182763.76817230016, 164402.4750886999, 149154.4094004002, 162713.1724077004, 156923.12497799972, 173259.21062400105, 169003.62967379976, 157199.56732859995, 165952.8613323002, 162121.6657314002, 161655.57655609978, 175037.9320912001, 159053.0425961008]
Noised Result
[-4512.638640371988, -4458.667397494605, -4204.6633394623095, -3756.160560953791, -3795.507762168584, -3141.193975151259, -3936.6348743781673, -4792.445388155373, -3706.553773289891, -5439.497012839803, -4933.126729103511, -4494.085879561536, -3977.322682311513, -4782.328324734412, -4696.944857895362, -4180.275897576773, -5579.288470407887, -4880.720953898064, -4442.889714543604, -4825.641045507864, -4135.915848366259, -4517.96199042334, -3587.4849714374195, -5097.193406249991, -4455.949064288056]
Time
7.751404047012329
The result for the 4th execution is
Query Result
[168005.36949560014, 170539.9540516996, 176370.20360180008, 181065.21424099937, 194580.3102972002, 169507.9040189001, 171786.37201600045, 171956.40360649934, 179965.36066919964, 182559.55167350086, 165843.59786499993, 157455.84402829985, 182763.76817230016, 164402.4750886999, 149154.4094004002, 162713.1724077004, 156923.12497799972, 173259.21062400105, 169003.62967379976, 157199.56732859995, 165952.8613323002, 162121.6657314002, 161655.57655609978, 175037.9320912001, 159053.0425961008]
Noised Result
[-2542.5645665676698, -3847.5172033831695, -4786.247498344035, -4353.878853130882, -3810.651714725792, -4834.81536323838, -4307.829918250934, -4358.100222916287, -3440.801059032031, -4985.728474769273, -4197.244911340838, -6103.245062553515, -5105.930053736499, -4373.229634170977, -5262.485046912345, -4125.491624684481, -4703.613457391594, -3902.566410235647, -4507.065266633084, -4575.013146627821, -5313.511828581363, -4010.379332368675, -4349.958781823422, -4758.803065850736, -4412.6356791968055]
Time
7.689154386520386
The result for the 5th execution is
Query Result
[168005.36949560014, 170539.9540516996, 176370.20360180008, 181065.21424099937, 194580.3102972002, 169507.9040189001, 171786.37201600045, 171956.40360649934, 179965.36066919964, 182559.55167350086, 165843.59786499993, 157455.84402829985, 182763.76817230016, 164402.4750886999, 149154.4094004002, 162713.1724077004, 156923.12497799972, 173259.21062400105, 169003.62967379976, 157199.56732859995, 165952.8613323002, 162121.6657314002, 161655.57655609978, 175037.9320912001, 159053.0425961008]
Noised Result
[-3916.413434227544, -5432.541867161263, -1737.2056046212201, -6120.1392383408565, -4097.1310021071795, -4724.654418640031, -5124.593451408365, -4884.579974684803, -5097.362967831821, -4899.706656354306, -4113.18707762349, -5614.425321615646, -3662.154036237004, -4812.762264080349, -5192.75373606798, -4110.092485556277, -4707.716678296875, -5326.2505373621425, -4810.092796788026, -4193.868042628195, -1638.3145667127224, -5376.980096164233, -4253.243192438191, -4430.625162980698, -3599.501122317108]
Time
7.428591728210449
The result for the 6th execution is
Query Result
[168005.36949560014, 170539.9540516996, 176370.20360180008, 181065.21424099937, 194580.3102972002, 169507.9040189001, 171786.37201600045, 171956.40360649934, 179965.36066919964, 182559.55167350086, 165843.59786499993, 157455.84402829985, 182763.76817230016, 164402.4750886999, 149154.4094004002, 162713.1724077004, 156923.12497799972, 173259.21062400105, 169003.62967379976, 157199.56732859995, 165952.8613323002, 162121.6657314002, 161655.57655609978, 175037.9320912001, 159053.0425961008]
Noised Result
[-3808.3135583214344, -4835.837053210837, -2901.0278218187527, -3261.892949772652, -4593.664672311344, -5236.716921085601, -2725.7055547380787, -4173.162137905537, -3544.5895688137066, -5038.851397996095, -4205.3154067905725, -4442.125024015559, -5197.07119469717, -4157.023305223366, -5635.035303795083, -4585.075151265472, -4354.571876564751, -4093.6114192097593, -4016.2348825845875, -3608.2418442062335, -5003.79988581786, -2956.5120627857364, -6287.65809867809, -4457.211724111017, -3710.143454447226]
Time
7.379843473434448
The result for the 7th execution is
Query Result
[168005.36949560014, 170539.9540516996, 176370.20360180008, 181065.21424099937, 194580.3102972002, 169507.9040189001, 171786.37201600045, 171956.40360649934, 179965.36066919964, 182559.55167350086, 165843.59786499993, 157455.84402829985, 182763.76817230016, 164402.4750886999, 149154.4094004002, 162713.1724077004, 156923.12497799972, 173259.21062400105, 169003.62967379976, 157199.56732859995, 165952.8613323002, 162121.6657314002, 161655.57655609978, 175037.9320912001, 159053.0425961008]
Noised Result
[-5508.2839879487765, -5220.896227637458, -4621.824543646015, -2737.9405102700593, -3225.1242654099196, -5517.078305556471, -5141.447817164206, -4284.2782997477925, -4138.92356719054, -3945.7218778603747, -4506.16128089352, -6519.64153511289, -4495.440447546932, -4462.877283515145, -4197.939490575164, -4902.599512127293, -3008.7985369353983, -4205.438911390659, -5003.614985950628, -5021.234440123081, -4368.989342698818, -4999.3779725647555, -3389.7048376295625, -3405.311103437448, -4398.508590879155]
Time
7.386444091796875
The result for the 8th execution is
Query Result
[168005.36949560014, 170539.9540516996, 176370.20360180008, 181065.21424099937, 194580.3102972002, 169507.9040189001, 171786.37201600045, 171956.40360649934, 179965.36066919964, 182559.55167350086, 165843.59786499993, 157455.84402829985, 182763.76817230016, 164402.4750886999, 149154.4094004002, 162713.1724077004, 156923.12497799972, 173259.21062400105, 169003.62967379976, 157199.56732859995, 165952.8613323002, 162121.6657314002, 161655.57655609978, 175037.9320912001, 159053.0425961008]
Noised Result
[-4032.934791207689, -4691.1135957943325, -4098.334136523117, -5045.867167569813, -4458.61984674911, -4333.2217986007845, -3712.989568198711, -3458.9926041510016, -3816.798900178803, -3397.6355386465502, -5415.897093174028, -5249.803609782967, -3673.49237865131, -4439.2516910192, -5289.727909645774, -5258.7835538066975, -4912.130734403747, -4754.410138632586, -5318.221131809933, -4369.42437139522, -5786.173788298052, -3926.994926715336, -4374.35615649871, -4720.349600361616, -4496.180261255018]
Time
7.425077438354492
The result for the 9th execution is
Query Result
[168005.36949560014, 170539.9540516996, 176370.20360180008, 181065.21424099937, 194580.3102972002, 169507.9040189001, 171786.37201600045, 171956.40360649934, 179965.36066919964, 182559.55167350086, 165843.59786499993, 157455.84402829985, 182763.76817230016, 164402.4750886999, 149154.4094004002, 162713.1724077004, 156923.12497799972, 173259.21062400105, 169003.62967379976, 157199.56732859995, 165952.8613323002, 162121.6657314002, 161655.57655609978, 175037.9320912001, 159053.0425961008]
Noised Result
[-4088.228221278173, -4509.781119338055, -3987.055068046271, -6578.84732640845, -4818.848252797557, -5716.778828716295, -5003.696384013248, -2274.5113847710168, -4559.376222414115, -4810.782651058627, -4756.256708049836, -4463.091699530635, -5028.599830929121, -6517.513774527548, -4373.56932631675, -5227.745892508964, -3589.62370566801, -4347.315387387569, -4439.453179579562, -4660.600404783407, -4383.012677413808, -4739.000156364293, -4545.916398083736, -3653.6210842240425, -4527.100877172226]
Time
7.265594720840454
The result for the 10th execution is
Query Result
[168005.36949560014, 170539.9540516996, 176370.20360180008, 181065.21424099937, 194580.3102972002, 169507.9040189001, 171786.37201600045, 171956.40360649934, 179965.36066919964, 182559.55167350086, 165843.59786499993, 157455.84402829985, 182763.76817230016, 164402.4750886999, 149154.4094004002, 162713.1724077004, 156923.12497799972, 173259.21062400105, 169003.62967379976, 157199.56732859995, 165952.8613323002, 162121.6657314002, 161655.57655609978, 175037.9320912001, 159053.0425961008]
Noised Result
[-4680.544628222331, -5095.216079705454, -5263.076284509743, -3793.477883050111, -5082.67311136296, -4902.141398965072, -3032.5285315788724, -6233.146824462547, -4579.973847453925, -4614.0206223028845, -4914.171539364279, -3886.1475389421203, -4402.605528807428, -3012.544098002078, -4512.891237674127, -3636.669917957063, -4490.636424524235, -4199.080825644382, -4551.584555022205, -4577.41034194351, -6602.5906630154695, -4999.95314250838, -4517.294428070216, -4345.872180294922, -3338.0076967017126]
Time
7.6790337562561035
The result for the 11th execution is
Query Result
[168005.36949560014, 170539.9540516996, 176370.20360180008, 181065.21424099937, 194580.3102972002, 169507.9040189001, 171786.37201600045, 171956.40360649934, 179965.36066919964, 182559.55167350086, 165843.59786499993, 157455.84402829985, 182763.76817230016, 164402.4750886999, 149154.4094004002, 162713.1724077004, 156923.12497799972, 173259.21062400105, 169003.62967379976, 157199.56732859995, 165952.8613323002, 162121.6657314002, 161655.57655609978, 175037.9320912001, 159053.0425961008]
Noised Result
[-3404.910765088318, -6170.219288053346, -4079.48026636322, -2887.653825155841, -4345.153752413718, -4784.152929573936, -5285.805991414895, -4212.639316263992, -4070.413462557015, -4549.35768745769, -4327.957071460664, -4802.444617764202, -5914.55326543814, -5036.7808215319565, -3851.9694775691896, -3827.959485190868, -3824.768942775141, -3678.6754591680974, -4361.802640489188, -5962.2838601737385, -3889.878690214835, -4975.777586218119, -3635.876327536563, -3378.3589803415243, -4851.575454232772]
Time
7.486049175262451
The result for the 12th execution is
Query Result
[168005.36949560014, 170539.9540516996, 176370.20360180008, 181065.21424099937, 194580.3102972002, 169507.9040189001, 171786.37201600045, 171956.40360649934, 179965.36066919964, 182559.55167350086, 165843.59786499993, 157455.84402829985, 182763.76817230016, 164402.4750886999, 149154.4094004002, 162713.1724077004, 156923.12497799972, 173259.21062400105, 169003.62967379976, 157199.56732859995, 165952.8613323002, 162121.6657314002, 161655.57655609978, 175037.9320912001, 159053.0425961008]
Noised Result
[-4550.763777141683, -5285.867343920779, -5591.654911956222, -5947.613503477323, -4287.090689491014, -3214.786566538326, -4623.050587421697, -3971.506125005403, -4974.50121378208, -4433.9142956188725, -6136.2676237088435, -4768.985813308838, -4374.736563101864, -3292.004548417537, -4664.752957496158, -4415.06815690203, -3778.426618958988, -4255.334136169767, -4197.598173031525, -4796.032938479686, -4734.038059885488, -4342.121167923874, -5034.768285199525, -3964.078980378021, -4157.680318693094]
Time
7.376068830490112
The result for the 13th execution is
Query Result
[168005.36949560014, 170539.9540516996, 176370.20360180008, 181065.21424099937, 194580.3102972002, 169507.9040189001, 171786.37201600045, 171956.40360649934, 179965.36066919964, 182559.55167350086, 165843.59786499993, 157455.84402829985, 182763.76817230016, 164402.4750886999, 149154.4094004002, 162713.1724077004, 156923.12497799972, 173259.21062400105, 169003.62967379976, 157199.56732859995, 165952.8613323002, 162121.6657314002, 161655.57655609978, 175037.9320912001, 159053.0425961008]
Noised Result
[-3140.1043899010447, -3854.7750419544736, -4057.5496117260836, -6708.156255092888, -4832.550631418353, -4486.462115224229, -4434.965859275148, -4464.433287831825, -5019.410997280433, -4788.276484543833, -5231.922433857098, -4924.64189306064, -4394.383594532969, -6066.119091758019, -5537.6252621723615, -4680.231155984269, -3466.9902991518043, -4386.191799089153, -4507.314347662115, -3327.3524641235826, -5245.32485389823, -4775.306686832618, -4072.4042850164633, -3074.054837021571, -3351.6787403660846]
Time
7.56410551071167
The result for the 14th execution is
Query Result
[168005.36949560014, 170539.9540516996, 176370.20360180008, 181065.21424099937, 194580.3102972002, 169507.9040189001, 171786.37201600045, 171956.40360649934, 179965.36066919964, 182559.55167350086, 165843.59786499993, 157455.84402829985, 182763.76817230016, 164402.4750886999, 149154.4094004002, 162713.1724077004, 156923.12497799972, 173259.21062400105, 169003.62967379976, 157199.56732859995, 165952.8613323002, 162121.6657314002, 161655.57655609978, 175037.9320912001, 159053.0425961008]
Noised Result
[-4677.237738777909, -4250.787764467394, -4518.438357576417, -4383.991254356321, -3403.2470643067345, -3173.558608764301, -5105.221049800282, -4507.355274534568, -4348.807771927001, -5090.471886789713, -5872.10306127894, -2933.1928130830865, -4673.944493134708, -3901.6956417938854, -4532.108524297647, -3824.5310630979666, -4672.839264865541, -6125.373351546103, -3755.590894194116, -4888.138179027187, -4366.632348034725, -6366.581954941949, -4684.195121161961, -3712.4017350559834, -3937.3749491103126]
Time
7.642740964889526
The result for the 15th execution is
Query Result
[168005.36949560014, 170539.9540516996, 176370.20360180008, 181065.21424099937, 194580.3102972002, 169507.9040189001, 171786.37201600045, 171956.40360649934, 179965.36066919964, 182559.55167350086, 165843.59786499993, 157455.84402829985, 182763.76817230016, 164402.4750886999, 149154.4094004002, 162713.1724077004, 156923.12497799972, 173259.21062400105, 169003.62967379976, 157199.56732859995, 165952.8613323002, 162121.6657314002, 161655.57655609978, 175037.9320912001, 159053.0425961008]
Noised Result
[-4643.20793098825, -4811.62813441329, -3497.177132214106, -4357.642729897882, -4532.452791236394, -5003.828687659007, -4102.045940797272, -4154.1159453982245, -4266.273294033632, -2859.9511664746205, -4005.0024982818495, -4593.282390255679, -4541.39650566658, -4805.264214341753, -3469.92682395477, -4794.455097748305, -4888.756684171989, -3612.618454109491, -5742.469454155671, -3772.6582995352455, -4285.8806984576595, -3520.3513689082306, -3707.3397536698985, -3041.0603922998534, -5325.185959173998]
Time
7.660047769546509
The result for the 16th execution is
Query Result
[168005.36949560014, 170539.9540516996, 176370.20360180008, 181065.21424099937, 194580.3102972002, 169507.9040189001, 171786.37201600045, 171956.40360649934, 179965.36066919964, 182559.55167350086, 165843.59786499993, 157455.84402829985, 182763.76817230016, 164402.4750886999, 149154.4094004002, 162713.1724077004, 156923.12497799972, 173259.21062400105, 169003.62967379976, 157199.56732859995, 165952.8613323002, 162121.6657314002, 161655.57655609978, 175037.9320912001, 159053.0425961008]
Noised Result
[-3874.725502192093, -4619.521888615387, -4821.542228967209, -4701.4212716356815, -5119.079848676909, -4841.213466107618, -5130.181444259974, -4875.0489235377345, -5225.65732138273, -4323.095866227555, -5083.880856185529, -4232.658490710147, -4392.788290240881, -3982.3335996817414, -3760.645965893131, -5764.5573324414, -4460.207217961153, -4294.652231914656, -4723.6232333770295, -2255.6619002411862, -6048.661309751786, -4633.503202273884, -5161.551485914182, -4897.299523787314, -4471.5593461557955]
Time
7.614149570465088
The result for the 17th execution is
Query Result
[168005.36949560014, 170539.9540516996, 176370.20360180008, 181065.21424099937, 194580.3102972002, 169507.9040189001, 171786.37201600045, 171956.40360649934, 179965.36066919964, 182559.55167350086, 165843.59786499993, 157455.84402829985, 182763.76817230016, 164402.4750886999, 149154.4094004002, 162713.1724077004, 156923.12497799972, 173259.21062400105, 169003.62967379976, 157199.56732859995, 165952.8613323002, 162121.6657314002, 161655.57655609978, 175037.9320912001, 159053.0425961008]
Noised Result
[-4970.742640129084, -4707.90180545017, -4518.508238155559, -4534.841772865791, -4317.193765567242, -4205.041340643345, -4673.285783133545, -4282.041787904977, -4147.170458401664, -3357.142263009804, -4760.577865723743, -4250.127950026541, -1731.0199003718685, -4227.195922011001, -4308.053914627173, -4539.7299413328365, -2708.962391983524, -4922.407373005083, -5216.09649471085, -5113.85603041822, -3314.967919577452, -4466.919115035484, -4845.4541772171215, -4519.384280899249, -4306.363571732292]
Time
7.67642617225647
The result for the 18th execution is
Query Result
[168005.36949560014, 170539.9540516996, 176370.20360180008, 181065.21424099937, 194580.3102972002, 169507.9040189001, 171786.37201600045, 171956.40360649934, 179965.36066919964, 182559.55167350086, 165843.59786499993, 157455.84402829985, 182763.76817230016, 164402.4750886999, 149154.4094004002, 162713.1724077004, 156923.12497799972, 173259.21062400105, 169003.62967379976, 157199.56732859995, 165952.8613323002, 162121.6657314002, 161655.57655609978, 175037.9320912001, 159053.0425961008]
Noised Result
[-4432.582368981865, -4376.9149712232675, -4870.217048589348, -4863.01009604268, -3212.545955036698, -2173.043854374285, -4047.4771327013277, -4270.334836180407, -4826.820043196467, -3311.993890116825, -4160.649632036281, -4635.126488303344, -3969.4005363167726, -3210.700985348505, -4071.6314051871004, -4465.73910024913, -5048.4253997496335, -3393.5434840950065, -4922.624445481242, -2586.6723430115503, -3156.2447694056173, -4084.0895034246632, -4137.387320113453, -3509.8172738969115, -3643.778669694696]
Time
7.634335517883301
The result for the 19th execution is
Query Result
[168005.36949560014, 170539.9540516996, 176370.20360180008, 181065.21424099937, 194580.3102972002, 169507.9040189001, 171786.37201600045, 171956.40360649934, 179965.36066919964, 182559.55167350086, 165843.59786499993, 157455.84402829985, 182763.76817230016, 164402.4750886999, 149154.4094004002, 162713.1724077004, 156923.12497799972, 173259.21062400105, 169003.62967379976, 157199.56732859995, 165952.8613323002, 162121.6657314002, 161655.57655609978, 175037.9320912001, 159053.0425961008]
Noised Result
[-5223.171661735194, -5867.724054281542, -4241.2708415571415, -3532.312859434655, -5283.985818687443, -3588.988637402029, -4307.464746878468, -4828.587931176979, -4836.740337958045, -4797.468288812616, -3712.861143284562, -4691.927448393558, -3253.0244068242555, -5763.900897045191, -5074.771491226315, -3872.7912459651798, -5145.887531858782, -3441.299767389555, -4438.031733408444, -3326.7784201713444, -4073.8933632797025, -5118.451697656415, -4545.898937755702, -3541.2726561704353, -4611.907785814041]
Time
7.580410718917847
