The result for the 0th execution is
Query Result
[6076.0, 6309.0, 6088.0, 6105.0, 6209.0, 6157.0, 6328.0, 6140.0, 6203.0, 6193.0, 6048.0, 6057.0, 6135.0, 6333.0, 6392.0, 6462.0, 6103.0, 6332.0, 6090.0, 6236.0, 6412.0, 6281.0, 6212.0, 6279.0, 6228.0, 6256.0, 6059.0, 6049.0, 6154.0, 6036.0, 6074.0, 6104.0, 6200.0, 6202.0, 6247.0, 6345.0, 6149.0, 5895.0, 6142.0, 6237.0, 6349.0, 6522.0, 6071.0, 6112.0, 6105.0, 6133.0, 6227.0, 6255.0, 6445.0, 6218.0]
Noised Result
[1141.0388311485785, 1444.081193458259, 370.1381747790492, 756.1488694933896, 1223.2920954388533, 313.4336894654525, -245.65415603218298, 968.0803879465234, 659.9490714969861, 976.0127470940506, 696.8818688406805, 75.68970138169789, 430.9335596063938, 727.2827318534873, 31.6598244390143, 1793.334016285894, 1093.4114670957815, 1026.829705938414, 1800.916978326748, 1317.9523351514867, 1156.885379603597, 2873.7678103882063, 600.1862862053631, 1239.4073787262469, 1677.814141838012, 725.9551914093572, 929.3619336838033, -140.43969625416867, 1392.5935801904825, 1121.1880185187465, 1397.5129817341158, 369.07441241127435, 11.865772080386705, 921.1448505816024, 549.8563531617947, 987.0974374387133, 2296.508453838749, 826.1285734291523, 791.8141517322165, 1566.4774012311386, 849.8558245597455, 1126.602292746224, 552.7664866049472, 910.206779128479, 944.4909586868407, 1547.9972217844916, 1071.666524506708, 598.1560712436694, 3073.461590600399, 109.69301496863773]
Time
7.480717897415161
The result for the 1th execution is
Query Result
[6076.0, 6309.0, 6088.0, 6105.0, 6209.0, 6157.0, 6328.0, 6140.0, 6203.0, 6193.0, 6048.0, 6057.0, 6135.0, 6333.0, 6392.0, 6462.0, 6103.0, 6332.0, 6090.0, 6236.0, 6412.0, 6281.0, 6212.0, 6279.0, 6228.0, 6256.0, 6059.0, 6049.0, 6154.0, 6036.0, 6074.0, 6104.0, 6200.0, 6202.0, 6247.0, 6345.0, 6149.0, 5895.0, 6142.0, 6237.0, 6349.0, 6522.0, 6071.0, 6112.0, 6105.0, 6133.0, 6227.0, 6255.0, 6445.0, 6218.0]
Noised Result
[982.4975903547443, 702.0050172979863, 931.7201723392081, 1265.3474560724358, 1010.5529294897983, 453.174554330325, 973.3510787162977, 519.0910724478927, 854.0554812296969, 543.5168845748967, 617.2737740562193, 1554.5401648518, 1732.2105447443046, 926.0587132450737, 1979.0846924135299, 1652.6645371240502, 839.672232711036, 1101.191817266566, 949.3098967274714, 681.2144155479355, 1471.8606390576388, -82.6934753341402, 890.3358830917127, 1773.6827442871531, 1518.4061365833622, 225.89169952455268, 994.5657172070692, 704.1117515407359, 1890.8740045767759, 861.8060287291487, 1045.3600207626714, 949.7932174828566, 827.3430493358783, 2883.660912172756, 624.3914073634032, 338.4538754477844, 930.6909221769029, 809.286576474502, 1309.4761638657542, 539.9213843703592, 1405.71861221042, 571.5967401171665, 1023.2982474220489, 581.2631312119938, 911.256026614165, 537.8960447314666, 1205.704726592773, 167.85214746096608, 704.1863370353667, 789.0784162693317]
Time
7.323855400085449
The result for the 2th execution is
Query Result
[6076.0, 6309.0, 6088.0, 6105.0, 6209.0, 6157.0, 6328.0, 6140.0, 6203.0, 6193.0, 6048.0, 6057.0, 6135.0, 6333.0, 6392.0, 6462.0, 6103.0, 6332.0, 6090.0, 6236.0, 6412.0, 6281.0, 6212.0, 6279.0, 6228.0, 6256.0, 6059.0, 6049.0, 6154.0, 6036.0, 6074.0, 6104.0, 6200.0, 6202.0, 6247.0, 6345.0, 6149.0, 5895.0, 6142.0, 6237.0, 6349.0, 6522.0, 6071.0, 6112.0, 6105.0, 6133.0, 6227.0, 6255.0, 6445.0, 6218.0]
Noised Result
[668.1335972829725, 642.1817472925395, 1054.8940623745266, 384.9468825361255, 710.7776254764567, 763.6669737404122, 785.5202591418433, 1391.4156169634985, 1061.7117538138218, 1749.7738507028862, -84.20418432587394, 878.0615254623731, 484.5647673033609, 679.9718472971344, 1858.0271893267727, 1942.5851749969097, 147.1726740911663, 1692.946171346713, 288.3730583647848, 1351.4075801902, 1215.0694098693662, 1622.8286131105833, 600.2052080193225, 1428.4494442030782, 894.5070593605465, 1037.6047787845182, 727.0575471530506, 841.4043953951177, 1134.3444896891533, 1060.5491913887313, 896.4060757765969, 182.6788927257012, 1154.299461941654, -345.95524305203253, 759.3013344764549, 252.79746204341427, 586.5406978701467, 509.9556598520221, -175.31210892142553, 807.957448769017, 1158.7206862898497, 1384.983121806783, 1195.0510368891041, 572.7834498024868, 1207.125893122121, 776.8184099490436, 829.8625948784811, 2047.3807384595912, 562.9944199798601, 1344.3263389605368]
Time
7.428157329559326
The result for the 3th execution is
Query Result
[6076.0, 6309.0, 6088.0, 6105.0, 6209.0, 6157.0, 6328.0, 6140.0, 6203.0, 6193.0, 6048.0, 6057.0, 6135.0, 6333.0, 6392.0, 6462.0, 6103.0, 6332.0, 6090.0, 6236.0, 6412.0, 6281.0, 6212.0, 6279.0, 6228.0, 6256.0, 6059.0, 6049.0, 6154.0, 6036.0, 6074.0, 6104.0, 6200.0, 6202.0, 6247.0, 6345.0, 6149.0, 5895.0, 6142.0, 6237.0, 6349.0, 6522.0, 6071.0, 6112.0, 6105.0, 6133.0, 6227.0, 6255.0, 6445.0, 6218.0]
Noised Result
[896.7392304143164, 2598.759091224806, 101.05483000438198, 352.8470224503071, 1235.3590300446986, 1988.4781468076671, 1822.4367725755633, 838.8353421209758, 773.0776123705655, 283.99761229444994, 795.8828979292084, 1273.0196253259028, 2090.2808018226815, 1040.0520204522027, 1460.0721604625173, 1137.0235108430102, 1032.1461098626924, 812.6697688856989, 1069.3903450745115, 1003.0839907148179, 1027.2324238777255, 605.2152871082244, 1596.791783800858, 955.8425004820933, 391.6297808917625, 1386.5027205786723, 803.8274292516248, 612.9161282553919, 215.26870751175193, 579.8542313567773, 1092.246609969709, 1221.837716456549, 198.6287041439191, 1019.0032055160027, 671.6539054020996, 1192.8512434095633, -232.21511380937227, 472.31155329213107, 421.37032085847204, 1207.9797865553633, 1072.3295523379088, 2263.9937787452254, 1020.4325144325185, 858.6577427765037, 1047.1011803587544, 202.24531050247606, 710.8366666098223, 967.9033257404594, 1255.5808525896496, 1314.7553132925218]
Time
7.495653867721558
The result for the 4th execution is
Query Result
[6076.0, 6309.0, 6088.0, 6105.0, 6209.0, 6157.0, 6328.0, 6140.0, 6203.0, 6193.0, 6048.0, 6057.0, 6135.0, 6333.0, 6392.0, 6462.0, 6103.0, 6332.0, 6090.0, 6236.0, 6412.0, 6281.0, 6212.0, 6279.0, 6228.0, 6256.0, 6059.0, 6049.0, 6154.0, 6036.0, 6074.0, 6104.0, 6200.0, 6202.0, 6247.0, 6345.0, 6149.0, 5895.0, 6142.0, 6237.0, 6349.0, 6522.0, 6071.0, 6112.0, 6105.0, 6133.0, 6227.0, 6255.0, 6445.0, 6218.0]
Noised Result
[1000.3214462957312, 1420.3517929108534, 1637.4136276327035, 1284.4066327683395, 1455.0822956290954, 1113.830835353191, 979.024586592503, 817.7369684462105, 1035.1327717127047, 967.7344748108962, 288.60800078733155, -588.4097050406381, 1234.1388765638967, 653.3874246185542, 1089.2894726774234, 943.1928616863793, 485.11324296550447, 859.0937767268865, 603.2018201263709, 801.6331679413634, 2235.08792283355, 1550.1979349853837, 1388.1414040480086, 987.5398274853692, 1190.002387564216, 1203.7933161865235, 693.694848681751, 952.7500076168717, 343.345493620508, 1172.9433702243105, 778.8250363731181, 1124.076814382032, 934.958775282495, 96.07215431344412, 744.497195217486, 1037.8619786726576, 939.7352574218926, 1680.0667610484106, 1010.1665201203677, 1613.8757384023606, 963.7308063439732, 977.4964785661105, 1372.230279834066, 787.6255088345388, 853.1864713315204, -573.412888689415, 980.8022108188197, 1760.3396417469921, 1058.424546432021, 682.7875550173721]
Time
7.455540180206299
The result for the 5th execution is
Query Result
[6076.0, 6309.0, 6088.0, 6105.0, 6209.0, 6157.0, 6328.0, 6140.0, 6203.0, 6193.0, 6048.0, 6057.0, 6135.0, 6333.0, 6392.0, 6462.0, 6103.0, 6332.0, 6090.0, 6236.0, 6412.0, 6281.0, 6212.0, 6279.0, 6228.0, 6256.0, 6059.0, 6049.0, 6154.0, 6036.0, 6074.0, 6104.0, 6200.0, 6202.0, 6247.0, 6345.0, 6149.0, 5895.0, 6142.0, 6237.0, 6349.0, 6522.0, 6071.0, 6112.0, 6105.0, 6133.0, 6227.0, 6255.0, 6445.0, 6218.0]
Noised Result
[186.80143890129693, 844.4467467110576, 438.1516854969286, 1675.3847905102498, 666.5897109857606, 1063.61360613326, 881.5403630115984, 550.3441432571899, 1123.6517642923263, 133.83758928784846, 838.8423316760513, 59.78070790773381, 1638.7150562662164, 569.6595653279574, 1084.879819430419, 1075.7651169061128, 939.7493275423462, 1375.5809206275817, 1296.1816048026317, 1232.1633460077337, 1992.1285130595588, 1021.5942621905765, 1392.048028497908, 40.617662057847156, 2074.0083260569345, 2859.2591231159668, -252.75012420091298, 1280.9384392667466, 676.0453627605102, 820.5883141218796, 267.1630641911379, 893.4219957917239, 1066.454804071202, 1342.837011281476, 1218.292865865319, 752.2282440952358, 874.3846108872754, 552.5641798241072, 1284.606979397815, 1021.428294545175, 811.0312694596901, 796.372318834161, 591.9959669483187, 906.7829392955182, 628.9407989962206, 1065.5572154058736, 447.41936256001554, 679.5876162235272, 872.8697052077359, 788.5862415592719]
Time
7.428789854049683
The result for the 6th execution is
Query Result
[6076.0, 6309.0, 6088.0, 6105.0, 6209.0, 6157.0, 6328.0, 6140.0, 6203.0, 6193.0, 6048.0, 6057.0, 6135.0, 6333.0, 6392.0, 6462.0, 6103.0, 6332.0, 6090.0, 6236.0, 6412.0, 6281.0, 6212.0, 6279.0, 6228.0, 6256.0, 6059.0, 6049.0, 6154.0, 6036.0, 6074.0, 6104.0, 6200.0, 6202.0, 6247.0, 6345.0, 6149.0, 5895.0, 6142.0, 6237.0, 6349.0, 6522.0, 6071.0, 6112.0, 6105.0, 6133.0, 6227.0, 6255.0, 6445.0, 6218.0]
Noised Result
[764.0578847832899, 746.1863027016079, 601.6255931550354, 680.8417121755601, 622.9074148735526, 905.509623820853, 1141.3346858851032, 1662.5230779118601, 1046.393725710337, 1100.6828347098985, -1465.8958806331302, 740.1694413890568, -37.2504684717278, 1004.3174446532244, 2776.022787841329, 1191.5293101805237, 2185.132406651896, 447.32220533405416, 1504.0767485512024, 695.2761290444105, 150.54669548820584, 880.4884114873389, 1642.931280670151, 1672.4226352012447, 775.1364845903736, 1240.207905214349, 511.05355354245603, 1585.669441678675, 937.5682259556897, 328.8442879166214, -182.32636842515785, 139.97601663752994, 848.7777692910263, -55.29068237602951, 934.6101249030207, 651.1855774740852, 701.3871568666355, 855.5240329815065, 803.5603379909207, 1699.0945183639487, 1053.8426461096678, 1547.2437818744556, 130.97390092991918, 1151.7130325136732, 752.502062565396, 854.8397861817748, 831.2892383199887, 1125.0971134310084, 2134.9391113648044, 460.38640991710236]
Time
7.507274866104126
The result for the 7th execution is
Query Result
[6076.0, 6309.0, 6088.0, 6105.0, 6209.0, 6157.0, 6328.0, 6140.0, 6203.0, 6193.0, 6048.0, 6057.0, 6135.0, 6333.0, 6392.0, 6462.0, 6103.0, 6332.0, 6090.0, 6236.0, 6412.0, 6281.0, 6212.0, 6279.0, 6228.0, 6256.0, 6059.0, 6049.0, 6154.0, 6036.0, 6074.0, 6104.0, 6200.0, 6202.0, 6247.0, 6345.0, 6149.0, 5895.0, 6142.0, 6237.0, 6349.0, 6522.0, 6071.0, 6112.0, 6105.0, 6133.0, 6227.0, 6255.0, 6445.0, 6218.0]
Noised Result
[564.8264593472131, 441.58357067769884, 668.5946165974797, 935.2748027808148, 2033.4754189231435, 882.6383609997429, 1259.208590083831, 2735.9189398830886, 2192.8142146421796, 1363.513816653232, 1278.2533057370238, 974.9192772722395, 764.8385679825087, 1259.3626846795746, 1287.7904979165733, 388.73337173356595, 671.6215025637398, 969.26087758325, 159.14014507351385, 836.8185513300546, 1588.3366926254898, 1044.5653855410173, 1200.3286430401586, 10.009982160208892, 572.9187468222772, 997.6663699352939, 735.7451487570606, 110.1477271361291, 8.627122889623024, -374.4837654493622, 640.3512718335132, 755.6383728430951, 1430.9653348963016, 990.1088028545096, 1963.6311721902375, 1889.724050395172, 32.95706736585544, 1340.4588061432364, 1190.1835491739048, 1220.3093382617217, 1439.3971898445443, 1517.325821160212, 870.4107669432733, 844.676983975708, 319.7793004745299, 218.6427088550936, 207.21353357843145, 1031.2640931447877, 1334.7026780646347, 848.0607115246335]
Time
7.472620487213135
The result for the 8th execution is
Query Result
[6076.0, 6309.0, 6088.0, 6105.0, 6209.0, 6157.0, 6328.0, 6140.0, 6203.0, 6193.0, 6048.0, 6057.0, 6135.0, 6333.0, 6392.0, 6462.0, 6103.0, 6332.0, 6090.0, 6236.0, 6412.0, 6281.0, 6212.0, 6279.0, 6228.0, 6256.0, 6059.0, 6049.0, 6154.0, 6036.0, 6074.0, 6104.0, 6200.0, 6202.0, 6247.0, 6345.0, 6149.0, 5895.0, 6142.0, 6237.0, 6349.0, 6522.0, 6071.0, 6112.0, 6105.0, 6133.0, 6227.0, 6255.0, 6445.0, 6218.0]
Noised Result
[1373.4080197535977, 1405.1394175480723, 560.8339816084208, 141.69487281492547, 1051.070262034048, 720.259934446382, 1122.3734803444486, 718.3959488645801, 586.8388247669873, 1316.1127453620466, 1136.5113632117645, 1515.6740334223805, 1437.5993485863428, 1051.24692651837, -317.3531423286513, 971.6282784093119, 263.42597786539045, 977.1096975520154, 1068.6108761682126, 1102.9215765671584, 1095.7357819047115, 1113.114113768041, 698.2629445271987, 617.7285313296334, 622.2882418875015, 960.117552423445, 324.3583952347708, -545.7200616539494, 552.900108560928, -354.5761168555582, 305.42865608015927, 577.6472963617289, 1005.3010637124112, 1905.819994356175, 966.499080498143, 553.8157303299076, 141.5377213893753, 1121.0193700206664, 502.3577397441941, 1768.2648228043286, 946.9383138625017, 1431.7519947419864, 583.7722524126148, 294.6666856874672, 680.5922677507228, 1504.7567469248306, 957.4527573414093, 942.1417286531469, 778.6604574965786, 170.20185381626015]
Time
7.348203897476196
The result for the 9th execution is
Query Result
[6076.0, 6309.0, 6088.0, 6105.0, 6209.0, 6157.0, 6328.0, 6140.0, 6203.0, 6193.0, 6048.0, 6057.0, 6135.0, 6333.0, 6392.0, 6462.0, 6103.0, 6332.0, 6090.0, 6236.0, 6412.0, 6281.0, 6212.0, 6279.0, 6228.0, 6256.0, 6059.0, 6049.0, 6154.0, 6036.0, 6074.0, 6104.0, 6200.0, 6202.0, 6247.0, 6345.0, 6149.0, 5895.0, 6142.0, 6237.0, 6349.0, 6522.0, 6071.0, 6112.0, 6105.0, 6133.0, 6227.0, 6255.0, 6445.0, 6218.0]
Noised Result
[-561.5980747855483, 1088.4286494302883, 1776.8271088498714, 922.0890978502639, 126.57686136521261, 846.1002396103013, 922.103659823334, 1635.5350318016444, 1179.2779903287878, 847.4791441169591, -614.0301258050913, 1843.7910971148858, 330.6789104987265, 1351.8174810220662, -895.3386194003797, 1075.6929213633998, 1582.2136507123023, 885.6761668805252, 16.917409274674355, 485.99447594910635, 784.5074335556974, 1018.2452228994603, 1416.4770489366397, 1306.1651031764468, 1034.494081046861, -179.7212794717725, 1232.664259452034, 927.0791320251292, 1072.4120345255187, 3187.146844643471, 814.6673090588993, 1139.2035045985162, 168.17055288427582, 1726.9544149751996, 1156.008661828298, 81.5625875125852, 1101.7075053963317, 456.79567401223176, 728.5283841739247, 384.9573963439616, 1075.76286210312, 1372.2443679161192, 648.7463277584466, 608.0657118433246, 1365.5754325310932, 970.7537981655155, 396.86277921394594, 991.0703397722887, 709.0861491145833, 865.439741706397]
Time
7.503216028213501
The result for the 10th execution is
Query Result
[6076.0, 6309.0, 6088.0, 6105.0, 6209.0, 6157.0, 6328.0, 6140.0, 6203.0, 6193.0, 6048.0, 6057.0, 6135.0, 6333.0, 6392.0, 6462.0, 6103.0, 6332.0, 6090.0, 6236.0, 6412.0, 6281.0, 6212.0, 6279.0, 6228.0, 6256.0, 6059.0, 6049.0, 6154.0, 6036.0, 6074.0, 6104.0, 6200.0, 6202.0, 6247.0, 6345.0, 6149.0, 5895.0, 6142.0, 6237.0, 6349.0, 6522.0, 6071.0, 6112.0, 6105.0, 6133.0, 6227.0, 6255.0, 6445.0, 6218.0]
Noised Result
[1612.0938439544298, 558.3835273651175, 1407.722940618742, 1042.0127322827593, 1236.2510349941872, 1233.9823527168105, 1437.3264052640939, 1468.803960957181, 205.33862605616014, 856.2136438423386, 462.1072300604901, 962.6740587159984, 1080.0793555257878, 1480.7527592091415, 1327.5461446355057, 953.35011548478, 837.8366208417306, 251.4751116456182, 775.4049641689494, 331.8778291538001, 2046.0077019251225, 841.3954273024942, 962.3690719531805, 1098.4222437530734, 1391.8911354227703, 2474.4753291740444, 1843.0470460471574, 1543.988701244502, 979.6140086302939, 1548.091346069053, 104.20279678399038, 1341.634844042003, 920.348375434879, 1175.7026902686125, 1743.9785831375798, -246.52157534496018, 371.0079945185744, -38.621664452755795, 2.172443576200749, -8.948804338000627, 725.001902578837, 2041.8183698902276, 828.4588486074035, 997.8828285336781, 835.1731386505921, 512.770077608302, 639.5223320509294, 912.4902823509815, -528.6230030480583, 450.1834781223688]
Time
7.304948329925537
The result for the 11th execution is
Query Result
[6076.0, 6309.0, 6088.0, 6105.0, 6209.0, 6157.0, 6328.0, 6140.0, 6203.0, 6193.0, 6048.0, 6057.0, 6135.0, 6333.0, 6392.0, 6462.0, 6103.0, 6332.0, 6090.0, 6236.0, 6412.0, 6281.0, 6212.0, 6279.0, 6228.0, 6256.0, 6059.0, 6049.0, 6154.0, 6036.0, 6074.0, 6104.0, 6200.0, 6202.0, 6247.0, 6345.0, 6149.0, 5895.0, 6142.0, 6237.0, 6349.0, 6522.0, 6071.0, 6112.0, 6105.0, 6133.0, 6227.0, 6255.0, 6445.0, 6218.0]
Noised Result
[1280.6744221982194, 885.8989776639396, 855.9738768979382, 1947.9642660878635, 448.68966235403695, 1024.1159365994527, 745.5927626947332, 453.83949318476243, 274.0537198974771, 1144.4677861925934, 937.1023950649874, 1765.4144517249356, 993.4376443269898, 1295.033503560628, 851.7328760260375, 1124.3526839895644, 992.3753050544519, -93.18043947974638, -213.54919363436693, 2688.0484452967976, 1158.0948556991957, 1408.2050631908942, 568.4272181605002, 372.8018194176002, -1442.7766524364833, 1160.3391176653472, 417.73775303320417, 420.5713417080742, 899.1608117279748, 822.6266540598699, 958.6337255804569, 1107.8414807820263, 1264.8542023485015, 1065.0600041478629, 905.2851579305352, 1399.0624843062233, 1322.8796479816942, 1455.2701950505143, 1417.6189852537032, 1217.3241242505323, 879.5837238280164, -423.38269036535894, 865.0496962083048, 1364.9145105610987, 876.8366396348365, 784.5368039060581, 334.120545378305, 1848.0880414751523, 844.7550483152581, 293.17439048733286]
Time
7.416998624801636
The result for the 12th execution is
Query Result
[6076.0, 6309.0, 6088.0, 6105.0, 6209.0, 6157.0, 6328.0, 6140.0, 6203.0, 6193.0, 6048.0, 6057.0, 6135.0, 6333.0, 6392.0, 6462.0, 6103.0, 6332.0, 6090.0, 6236.0, 6412.0, 6281.0, 6212.0, 6279.0, 6228.0, 6256.0, 6059.0, 6049.0, 6154.0, 6036.0, 6074.0, 6104.0, 6200.0, 6202.0, 6247.0, 6345.0, 6149.0, 5895.0, 6142.0, 6237.0, 6349.0, 6522.0, 6071.0, 6112.0, 6105.0, 6133.0, 6227.0, 6255.0, 6445.0, 6218.0]
Noised Result
[1381.777317919073, 89.94935939352308, 788.8611473180349, 969.7086638130186, 1110.5465363491794, 919.5105726705651, 1815.0997487962368, 925.1374480305062, 1153.5242618794746, -523.8607145286142, -87.2398447029891, 922.0681506669189, 312.7940686656657, 996.7957976811513, 838.6385730143747, 1168.6668203245313, 934.4549593485522, 622.1859041913494, 499.71874525202566, 416.1996468415573, 1065.7338399105033, 659.006109130989, 958.843034193555, 911.8003619709311, 548.9316632381015, 563.7536213561916, 477.25271593288744, 282.7942916035754, 1142.8129360222651, 1198.1316298961615, 768.4195782416768, 1201.8302323911112, -9.803548085877992, 2409.052701595671, 1304.8492623123902, 1074.3837910871216, 966.8520412602552, 675.4057493648529, 1346.933044754529, 922.4444959801995, 1220.788180279233, 1268.8739614647611, 666.6331262494796, 762.6425574620234, 846.2804302839331, 485.72956654601876, 896.8977980524323, 780.2691007300386, 976.7566335522856, 1331.772261568784]
Time
7.475281715393066
The result for the 13th execution is
Query Result
[6076.0, 6309.0, 6088.0, 6105.0, 6209.0, 6157.0, 6328.0, 6140.0, 6203.0, 6193.0, 6048.0, 6057.0, 6135.0, 6333.0, 6392.0, 6462.0, 6103.0, 6332.0, 6090.0, 6236.0, 6412.0, 6281.0, 6212.0, 6279.0, 6228.0, 6256.0, 6059.0, 6049.0, 6154.0, 6036.0, 6074.0, 6104.0, 6200.0, 6202.0, 6247.0, 6345.0, 6149.0, 5895.0, 6142.0, 6237.0, 6349.0, 6522.0, 6071.0, 6112.0, 6105.0, 6133.0, 6227.0, 6255.0, 6445.0, 6218.0]
Noised Result
[184.28799429664468, 1029.593259156874, -76.49233215203822, 805.3049077747169, 515.115595167631, 1090.7679220961695, 424.8546269799717, 401.4533880255858, 1960.6687914185627, 711.3606028284153, 748.1902505552721, 879.1184287204997, 424.44560199399257, 1220.309678359003, 852.438000820071, 1962.4986636012295, 558.7382264528296, 797.7097679561239, 2248.920894272309, 164920.10258940817, 628.5526659624447, 942.9404955654604, 859.3613646379931, 452.7650686994484, 13.163199236725632, 1326.1992362836195, 1219.3479292066186, 444.62293898131156, 419.6668354872454, 840.916627224738, 803.4472214826119, 1213.0965165547614, -379.84483633932086, 1011.0735275284273, 1074.0637361041063, 1658.66211009378, 3037.0578760051094, 1328.0025070233655, 588.8236655849187, 625.0380733656666, 1225.1987457812647, 149.00696844195227, 614.5747686868531, 957.1640682449711, 642.9288290887685, 2001.2614202298214, 799.5916229452282, 193.9546185097861, 1432.814449489566, 1811.6974202257288]
Time
7.477416753768921
The result for the 14th execution is
Query Result
[6076.0, 6309.0, 6088.0, 6105.0, 6209.0, 6157.0, 6328.0, 6140.0, 6203.0, 6193.0, 6048.0, 6057.0, 6135.0, 6333.0, 6392.0, 6462.0, 6103.0, 6332.0, 6090.0, 6236.0, 6412.0, 6281.0, 6212.0, 6279.0, 6228.0, 6256.0, 6059.0, 6049.0, 6154.0, 6036.0, 6074.0, 6104.0, 6200.0, 6202.0, 6247.0, 6345.0, 6149.0, 5895.0, 6142.0, 6237.0, 6349.0, 6522.0, 6071.0, 6112.0, 6105.0, 6133.0, 6227.0, 6255.0, 6445.0, 6218.0]
Noised Result
[1403.4172829902068, 1107.9773347291512, 848.1846761732768, -60.19634554314507, 1068.0916057352692, 59.264223456519176, 910.975950931595, 730.8255332233948, 1130.0958132187939, 608.9500136224633, 828.4203166064644, 1254.3830700931958, 966.10162404732, 962.862141336981, 1290.24187320286, 231.7362754208325, 739.8928702571611, 1389.2844844620868, 1115.1139765393073, 868.6956591058124, 580.3578964564613, 218.73501945186217, 1636.0566619008814, 1085.43060141277, 3024.8537383321595, 34.481283723246634, 631.0883249349718, 759.4404937248332, 265.99988505303827, -92.63595102967156, -270.16125420981916, 587.1891914246771, 706.8162187721196, 1256.0462511128844, 901.9981915572216, 333.57119177756977, 825.4682392792388, -57.6783422772296, 705.0808450863847, 1105.0622546557747, 1035.2994230752101, 1079.4369707039177, 2022.3951527539748, 836.7128422648248, 770.5801235082695, 497.32158146724487, 1566.4531899592753, 2511.438443645232, 1475.408102548783, 1047.0017625865007]
Time
7.450262546539307
The result for the 15th execution is
Query Result
[6076.0, 6309.0, 6088.0, 6105.0, 6209.0, 6157.0, 6328.0, 6140.0, 6203.0, 6193.0, 6048.0, 6057.0, 6135.0, 6333.0, 6392.0, 6462.0, 6103.0, 6332.0, 6090.0, 6236.0, 6412.0, 6281.0, 6212.0, 6279.0, 6228.0, 6256.0, 6059.0, 6049.0, 6154.0, 6036.0, 6074.0, 6104.0, 6200.0, 6202.0, 6247.0, 6345.0, 6149.0, 5895.0, 6142.0, 6237.0, 6349.0, 6522.0, 6071.0, 6112.0, 6105.0, 6133.0, 6227.0, 6255.0, 6445.0, 6218.0]
Noised Result
[1382.6665362017584, 1124.1145118194645, 564.6576676535096, 426.0161161036531, 1179.6563730232783, 912.2499147939302, 194.38941366332438, 1947.99179582553, 1090.459169708356, 1016.035174638927, 632.3286689436654, 2674.6304730808965, 1383.8960297759945, 714.346112687138, 1583.0762527571087, 1084.6682164478648, 1235.2226760185144, 1448.7059645874137, 473.7853335709806, 1483.2497476402846, 1422.4487187318791, 1376.0601138513816, 1371.1420351705497, 1336.6663351827656, -296.2334804029206, 310.10319694240206, 310.34119605038813, -679.8563419377888, -74.34097506313356, 721.6476044532928, 966.8856193815836, 1090.1759855348218, 1067.1384402014214, -814.3360179118872, 1053.1788532268151, -35.24240313923565, 908.7134094600929, 842.4000500873885, 657.0127324427367, 1111.0535465464122, -465.4743251391683, 1095.5202366305975, 1030.8342364233486, 863.6400108170042, 893.0657339351919, 1111.5698442850799, 272.0121857291788, 1208.6124723393987, 1117.3717175227566, 829.3356456756965]
Time
7.467181205749512
The result for the 16th execution is
Query Result
[6076.0, 6309.0, 6088.0, 6105.0, 6209.0, 6157.0, 6328.0, 6140.0, 6203.0, 6193.0, 6048.0, 6057.0, 6135.0, 6333.0, 6392.0, 6462.0, 6103.0, 6332.0, 6090.0, 6236.0, 6412.0, 6281.0, 6212.0, 6279.0, 6228.0, 6256.0, 6059.0, 6049.0, 6154.0, 6036.0, 6074.0, 6104.0, 6200.0, 6202.0, 6247.0, 6345.0, 6149.0, 5895.0, 6142.0, 6237.0, 6349.0, 6522.0, 6071.0, 6112.0, 6105.0, 6133.0, 6227.0, 6255.0, 6445.0, 6218.0]
Noised Result
[1430.829745117564, 761.279725659273, 181.43236719605648, -31.277395097096814, 610.0012819692238, 809.9385621089787, 1017.0649524928558, 1132.8980370515546, 260.5054013724093, 1121.3817493142046, -33.8853671038687, 622.5408602181778, 909.2070096472444, 1916.210136324239, 935.9030630158973, 1074.1836200212838, 854.9849913640446, 527.8397577491987, 1027.7066926179218, 580.2654281412724, 734.7250222200973, 939.1603702127695, 839.2792025615927, 1211.292036881553, 1143.331068799775, 868.571624195305, 1540.8993347826909, 1362.5918279285506, 1279.7384161304694, 280.9610686803926, 923.4948164716025, 879.7366672471435, 637.8602057445241, 806.1555532992811, 1144.4823536859108, 381.9689931704852, 1043.7886268781854, 2483.9508712307606, 942.577394010937, 802.3387484879622, 915.8303516387437, 752.0422470747862, 858.8607173488631, -454.28867785436705, 707.6081626977939, 391.3116281295397, 1220.7848344356812, -627.5679267712476, 1329.2665179428072, 1107.9410570380423]
Time
7.381135940551758
The result for the 17th execution is
Query Result
[6076.0, 6309.0, 6088.0, 6105.0, 6209.0, 6157.0, 6328.0, 6140.0, 6203.0, 6193.0, 6048.0, 6057.0, 6135.0, 6333.0, 6392.0, 6462.0, 6103.0, 6332.0, 6090.0, 6236.0, 6412.0, 6281.0, 6212.0, 6279.0, 6228.0, 6256.0, 6059.0, 6049.0, 6154.0, 6036.0, 6074.0, 6104.0, 6200.0, 6202.0, 6247.0, 6345.0, 6149.0, 5895.0, 6142.0, 6237.0, 6349.0, 6522.0, 6071.0, 6112.0, 6105.0, 6133.0, 6227.0, 6255.0, 6445.0, 6218.0]
Noised Result
[781.6811862479635, 1082.1951770728847, 1848.9383197372567, 672.8553609934552, -288.9315266902049, 673.2227454735089, 928.8573013044529, 4006147.8877067566, 733.2436477605042, 63.580061364040375, 719.725272028465, 1815.4020967622928, 595.2038565733747, 930.445621772908, 2683.1767987161998, 4333.723524442833, 368.5056311887747, 1015.5174335489896, 646.0604520034749, 338.5274880021907, 1718.2320500392007, 1181.0591836367066, 908.6450555568522, 1056.5728045953283, 494.7734650970842, 866.3333260150648, 194.76921019581278, -133.15606678256881, 1595.0123251256746, 509.8230506851505, 147.96861676147455, 527.5854429001747, 1131.219508899263, 918.9465103723578, 1755.8302177225464, 991.1843638106898, 773.3486705650403, 422.2813467350161, 333.83724694012017, 907.7729626577429, 666.6917155396559, 1162.2385581162916, 1103.130704702287, 1236.3029093181408, 1230.2382725188886, 1101.03864046662, 851.4540613739478, 1954.1784925248403, 1210.5259447146327, 617.2741075710856]
Time
7.443443775177002
The result for the 18th execution is
Query Result
[6076.0, 6309.0, 6088.0, 6105.0, 6209.0, 6157.0, 6328.0, 6140.0, 6203.0, 6193.0, 6048.0, 6057.0, 6135.0, 6333.0, 6392.0, 6462.0, 6103.0, 6332.0, 6090.0, 6236.0, 6412.0, 6281.0, 6212.0, 6279.0, 6228.0, 6256.0, 6059.0, 6049.0, 6154.0, 6036.0, 6074.0, 6104.0, 6200.0, 6202.0, 6247.0, 6345.0, 6149.0, 5895.0, 6142.0, 6237.0, 6349.0, 6522.0, 6071.0, 6112.0, 6105.0, 6133.0, 6227.0, 6255.0, 6445.0, 6218.0]
Noised Result
[-223.49816700910742, 1470.1852342743077, 714.3802493419225, 57.23541305274557, 602.1302097796342, 1591.7137627643328, 438.2128439721819, 1487.4672453165585, 809.6443155624597, 1170.7862586957708, 900.2288202698951, 1194.540078279229, 838.7572656699822, 1746.0380311741537, 1984.828492509368, 1618.685486440122, -734.354489385225, 1159.7244662473304, 2361.262888417787, 1636.4319933650177, 608.9503400519989, 673.388782300286, 1807.3964934682826, 652.0748997133915, 2070.7243906491985, 2164.40435151115, 661.6637988038465, 1317.6802557424335, 1563.5475109807103, 606.5873767318344, 193.4070026851423, 27.472611289082124, 991.5625807225133, 781.1206053709611, 622.1019387400693, 762.1674620450094, 1336.5922978580156, 590.0512069324727, 1004.4716030430845, 1276.0206819249443, 594.3101462967234, 649.4009174557432, 609.4573489614854, 214.93863166174106, 365.4320529866245, 919.9119104701954, 978.3925456066277, 436.62341027033835, 751.9223423147023, 559.0733802569794]
Time
7.362228870391846
The result for the 19th execution is
Query Result
[6076.0, 6309.0, 6088.0, 6105.0, 6209.0, 6157.0, 6328.0, 6140.0, 6203.0, 6193.0, 6048.0, 6057.0, 6135.0, 6333.0, 6392.0, 6462.0, 6103.0, 6332.0, 6090.0, 6236.0, 6412.0, 6281.0, 6212.0, 6279.0, 6228.0, 6256.0, 6059.0, 6049.0, 6154.0, 6036.0, 6074.0, 6104.0, 6200.0, 6202.0, 6247.0, 6345.0, 6149.0, 5895.0, 6142.0, 6237.0, 6349.0, 6522.0, 6071.0, 6112.0, 6105.0, 6133.0, 6227.0, 6255.0, 6445.0, 6218.0]
Noised Result
[1236.6768868136987, 1691.22921712269, 933.7746855390478, 560.6398144995119, 850.8184851052943, 1847.122825370107, 993.5476667795238, 682.0711352500321, 991.7643468154665, 1434.8843295474317, 1360.3713711018436, 1163.4173791229864, 1053.782068002853, 507.2696913805821, 1310.9865993793337, 1725.9951815657464, 1290.8142563501228, 832.6396487272978, 206.11618509150685, 974.8752169697527, 1585.2750183616986, 2070.4401066713344, 634.5571420830693, -90.86974229895168, 860.1565953140203, 1236.771340436102, 584.4201020411301, 945.821768688219, 1026.9201214861519, 1422.274196837282, 812.1845486354273, 1780.1618967971153, 1757.9739444752076, 282.77484119263954, 509.8041525137478, 1200.3301297276525, 840.8514086855603, 2565.966432506497, 1083.111061141928, 837.3079187508806, 1598.9142996065957, 34.08740300718091, 700.4419348938427, 1386.0999790702144, 700.6512749956228, 96.87680489928971, 564.5581600748574, 1903.300157735775, 1334.6018017391539, 888.9263794957478]
Time
7.3446595668792725
