The result for the 0th execution is
Query Result
[6076.0, 6309.0, 6088.0, 6105.0, 6209.0, 6157.0, 6328.0, 6140.0, 6203.0, 6193.0, 6048.0, 6057.0, 6135.0, 6333.0, 6392.0, 6462.0, 6103.0, 6332.0, 6090.0, 6236.0, 6412.0, 6281.0, 6212.0, 6279.0, 6228.0, 6256.0, 6059.0, 6049.0, 6154.0, 6036.0, 6074.0, 6104.0, 6200.0, 6202.0, 6247.0, 6345.0, 6149.0, 5895.0, 6142.0, 6237.0, 6349.0, 6522.0, 6071.0, 6112.0, 6105.0, 6133.0, 6227.0, 6255.0, 6445.0, 6218.0]
Noised Result
[3414.684384936042, 2672.092753090273, 2583.8202317611895, 3044.47963207032, 2560.505813366897, 3432.0515576046023, 2676.4507222584803, 2394.326059636416, 2745.2863831190707, 2552.934561078803, 2777.1425193872024, 2744.7331384504078, 2714.5752026082255, 2765.981348153079, 2924.77706757053, 2707.6864337063525, 2488.319079133954, 2790.27826680682, 2540.2241775504403, 2032.2875847237506, 2410.841563969565, 2332.9900465280884, 2524.371266703571, 2748.1474172511025, 2350.60766183801, 2800.6316890948424, 1992.5089751933133, 2316.582938681854, 2647.244278962965, 1712.332458331744, 3874.8238117920155, 2428.314835713684, 2518.0116767995532, 2768.316812315433, 2645.7053269781163, 2128.9478165059445, 2825.366368556155, 2211.761586415185, 2845.4683562059126, 2823.4187671382697, 2785.1361372410765, 3115.9573914033845, 2554.3944061269367, 2550.1359956029214, 2690.2543281092744, 2393.1173614357854, 3011.360967897732, 2744.557004895898, 2783.581888948569, 2394.1221536691637]
Time
7.330263614654541
The result for the 1th execution is
Query Result
[6076.0, 6309.0, 6088.0, 6105.0, 6209.0, 6157.0, 6328.0, 6140.0, 6203.0, 6193.0, 6048.0, 6057.0, 6135.0, 6333.0, 6392.0, 6462.0, 6103.0, 6332.0, 6090.0, 6236.0, 6412.0, 6281.0, 6212.0, 6279.0, 6228.0, 6256.0, 6059.0, 6049.0, 6154.0, 6036.0, 6074.0, 6104.0, 6200.0, 6202.0, 6247.0, 6345.0, 6149.0, 5895.0, 6142.0, 6237.0, 6349.0, 6522.0, 6071.0, 6112.0, 6105.0, 6133.0, 6227.0, 6255.0, 6445.0, 6218.0]
Noised Result
[2673.906751164462, 2697.1200504505173, 2629.3178981196056, 2586.3541344011314, 3091.378641565405, 2541.9574430791113, 3147.823167879927, 3293.1198118113934, 2721.134365920119, 3094.6696056528467, 2511.9787145407972, 2236.821269033799, 2597.1776842330746, 3009.8127864336784, 2862.5123894193666, 3283.05798300523, 3607.693355192477, 2580.221755866184, 3200.5669799350753, 3493.5100125680133, 2596.2896398568923, 2942.2621912942486, 2836.5540306687676, 3228.7085854491957, 3066.053746658952, 2734.781208538842, 2622.66914295853, 2499.1989615446, 2724.9236704471923, 2527.052015802751, 2398.0928830814246, 2699.026694622392, 2678.661689604254, 3222.943556426326, 2713.172247809098, 2884.0679309273696, 2843.3555327537742, 3018.253495083214, 2053.286178487773, 2620.490040076356, 2272.6521474231854, 2567.1431521606955, 2443.002554961055, 2269.012527827365, 3041.6155870810494, 2647.9069595175624, 2915.1013084462793, 2394.100902820719, 2830.141202899661, 2653.306224355658]
Time
7.389604568481445
The result for the 2th execution is
Query Result
[6076.0, 6309.0, 6088.0, 6105.0, 6209.0, 6157.0, 6328.0, 6140.0, 6203.0, 6193.0, 6048.0, 6057.0, 6135.0, 6333.0, 6392.0, 6462.0, 6103.0, 6332.0, 6090.0, 6236.0, 6412.0, 6281.0, 6212.0, 6279.0, 6228.0, 6256.0, 6059.0, 6049.0, 6154.0, 6036.0, 6074.0, 6104.0, 6200.0, 6202.0, 6247.0, 6345.0, 6149.0, 5895.0, 6142.0, 6237.0, 6349.0, 6522.0, 6071.0, 6112.0, 6105.0, 6133.0, 6227.0, 6255.0, 6445.0, 6218.0]
Noised Result
[2736.569444310975, 3042.731315215556, 2292.7451857763253, 3014.3190883498687, 2868.33970610489, 2831.8386572269596, 2797.410066850688, 2739.019610591444, 2560.082950166763, 2524.5020599359023, 2161.8454276901475, 1834.331460460974, 3299.562238867523, 2833.803903006937, 3029.216913903907, 2680.504752579309, 2744.9869173484994, 2662.0188120900257, 2734.0295346746507, 2577.2607941965857, 3217.744214467468, 2858.147532651848, 2726.0590752250287, 2652.309640753103, 3101.408585596047, 2703.457812761215, 2796.8633520872854, 1933.3930714480675, 2704.447195155244, 2607.088852493272, 2556.3664097048963, 2493.456313053507, 2625.8888910794685, 2962.571283048093, 3210.2036097969276, 2608.3991517926866, 2629.202800996822, 2524.369108326118, 2665.173426809729, 2624.6995281604527, 2925.768722356147, 2798.1789515705354, 2890.087206234654, 2709.7137424970406, 2483.3358190428307, 2956.1553942873256, 2409.3771088558606, 3208.2308960341297, 2999.5246758045123, 2669.215978584337]
Time
7.260229825973511
The result for the 3th execution is
Query Result
[6076.0, 6309.0, 6088.0, 6105.0, 6209.0, 6157.0, 6328.0, 6140.0, 6203.0, 6193.0, 6048.0, 6057.0, 6135.0, 6333.0, 6392.0, 6462.0, 6103.0, 6332.0, 6090.0, 6236.0, 6412.0, 6281.0, 6212.0, 6279.0, 6228.0, 6256.0, 6059.0, 6049.0, 6154.0, 6036.0, 6074.0, 6104.0, 6200.0, 6202.0, 6247.0, 6345.0, 6149.0, 5895.0, 6142.0, 6237.0, 6349.0, 6522.0, 6071.0, 6112.0, 6105.0, 6133.0, 6227.0, 6255.0, 6445.0, 6218.0]
Noised Result
[2039.2512604919684, 2899.5833628136315, 2691.4952806330934, 2587.511594629885, 2456.9212268417978, 2530.947677218888, 2885.972810970742, 2712.640392261911, 2742.71758380277, 2582.3921336643143, 2481.8044911684206, 3535.1942793377493, 2505.8721285991974, 2711.3135809819983, 2913.914078438027, 2974.4349980312245, 2398.974030052271, 2648.847578227025, 2683.94792312936, 2333.923434493413, 3106.6969490534857, 3505.6848275166903, 2697.490507970998, 3002.1721547129473, 2899.0943753261827, 3572.8635216864022, 2764.48792235747, 2888.32668418873, 2900.559985035945, 1611.3645857638676, 2980.0283401823235, 2471.071585499954, 2735.1727030819193, 2990.6281002771266, 2626.9164908677844, 3773.9047708026874, 2362.091888123409, 2557.5256357955313, 3115.4619632302783, 2787.9952862765126, 2700.7324857612193, 3137.9198751923927, 1524.3998688297797, 3228.0677925677346, 3268.6878010250193, 2094.41912257871, 2300.453221136553, 2733.1807674342253, 3335.214919109915, 3070.9973203070163]
Time
7.3287436962127686
The result for the 4th execution is
Query Result
[6076.0, 6309.0, 6088.0, 6105.0, 6209.0, 6157.0, 6328.0, 6140.0, 6203.0, 6193.0, 6048.0, 6057.0, 6135.0, 6333.0, 6392.0, 6462.0, 6103.0, 6332.0, 6090.0, 6236.0, 6412.0, 6281.0, 6212.0, 6279.0, 6228.0, 6256.0, 6059.0, 6049.0, 6154.0, 6036.0, 6074.0, 6104.0, 6200.0, 6202.0, 6247.0, 6345.0, 6149.0, 5895.0, 6142.0, 6237.0, 6349.0, 6522.0, 6071.0, 6112.0, 6105.0, 6133.0, 6227.0, 6255.0, 6445.0, 6218.0]
Noised Result
[2031.2963921201595, 3130.667505579432, 2480.8267686783483, 2321.7233613745066, 2411.1433004725736, 2454.2687654087213, 2306.6464928542273, 2437.5530513711174, 2593.4030260463865, 2443.3292478808276, 2836.1396682110408, 2552.6288043303175, 2710.853807124575, 2491.182704841408, 2587.9114575601343, 2970.900212242793, 2868.178081080111, 2909.9136563690804, 2776.088163818916, 2660.055145143101, 2655.4010310923136, 2874.492705092701, 2021.3795957308894, 2599.288520229701, 2091.1846491191836, 2615.3461613155932, 2629.150184009181, 2601.0383638815683, 2995.243725080035, 2787.9339534704604, 2542.422692283273, 2751.1335104571986, 2438.3672752684633, 2813.1513964535216, 2792.083329843378, 2445.117641088247, 2663.5298865958353, 2517.336247856039, 2572.2979064515266, 2766.2881876577703, 2764.270946419389, 2681.7114876049322, 2960.46531869414, 2754.644119926806, 2466.803412712145, 1715.5958892197577, 2611.3531551984615, 2840.158987916726, 3056.240174117544, 2616.1157125990635]
Time
7.472355365753174
The result for the 5th execution is
Query Result
[6076.0, 6309.0, 6088.0, 6105.0, 6209.0, 6157.0, 6328.0, 6140.0, 6203.0, 6193.0, 6048.0, 6057.0, 6135.0, 6333.0, 6392.0, 6462.0, 6103.0, 6332.0, 6090.0, 6236.0, 6412.0, 6281.0, 6212.0, 6279.0, 6228.0, 6256.0, 6059.0, 6049.0, 6154.0, 6036.0, 6074.0, 6104.0, 6200.0, 6202.0, 6247.0, 6345.0, 6149.0, 5895.0, 6142.0, 6237.0, 6349.0, 6522.0, 6071.0, 6112.0, 6105.0, 6133.0, 6227.0, 6255.0, 6445.0, 6218.0]
Noised Result
[3009.122848060157, 2763.199961531663, 2676.749081208849, 2973.635926079718, 1936.5355398382649, 2411.0200819318466, 4620.883667717033, 3071.126848327811, 2310.411467710405, 3287.897791010384, 2646.0700332763595, 2538.5282951151967, 2574.2534012176716, 2758.5368191544126, 3183.069254731505, 3164.133973872158, 2620.134626040509, 2071.263197278197, 1796.617175357278, 2823.1527571180773, 2662.6663598368173, 2948.9258745355773, 3002.8469266689763, 2756.346822651567, 2077.824911021221, 2876.105266729699, 2831.1837577110286, 2275.1502504824493, 2717.2637523100166, 2601.144381753263, 2611.366508564592, 2641.1141278686077, 2305.7292734928615, 3101.2008451948545, 2384.351988349654, 2843.1105577080175, 2342.5981079063404, 2541.909793812237, 2383.1195078435817, 3231.410187572943, 2501.702667962679, 3723.2809529959886, 2442.970985385225, 2819.5248303111457, 2779.688111161043, 2834.5309251969866, 2298.407770887146, 3331.873812844522, 2943.860914877692, 2693.80153519811]
Time
7.353982448577881
The result for the 6th execution is
Query Result
[6076.0, 6309.0, 6088.0, 6105.0, 6209.0, 6157.0, 6328.0, 6140.0, 6203.0, 6193.0, 6048.0, 6057.0, 6135.0, 6333.0, 6392.0, 6462.0, 6103.0, 6332.0, 6090.0, 6236.0, 6412.0, 6281.0, 6212.0, 6279.0, 6228.0, 6256.0, 6059.0, 6049.0, 6154.0, 6036.0, 6074.0, 6104.0, 6200.0, 6202.0, 6247.0, 6345.0, 6149.0, 5895.0, 6142.0, 6237.0, 6349.0, 6522.0, 6071.0, 6112.0, 6105.0, 6133.0, 6227.0, 6255.0, 6445.0, 6218.0]
Noised Result
[3903.5936069687796, 2992.663405330774, 2446.639033925712, 2627.2017517563368, 2647.3209178062407, 2691.6372096014984, 2931.1320184505307, 2611.7580281640235, 2920.1047280622197, 2549.8541148847603, 2611.1278448688718, 2608.9049630301383, 2545.1777967823027, 3197.9150046283626, 2649.306320080071, 2247.8460653140182, 2929.2684038832704, 3071.7137947722904, 2793.492961315167, 1983.6502753641166, 2526.9421652103747, 2794.344348539826, 3076.738537913555, 3002.4377314194226, 2880.176164202582, 2343.2426119882543, 2246.1129421825353, 2371.7203907023277, 2623.7421045178244, 2795.419761364409, 3550.4768585299976, 2317.6153569974936, 2778.2321862569916, 2941.2092123953703, 2694.375962324244, 2599.790894966348, 2702.7288649501293, 2541.7083412990846, 2625.077614630244, 2319.3412902414466, 3068.8824926315233, 2635.991401136566, 2413.351014949961, 2724.925786015974, 2908.771136377507, 2728.4194545793252, 2429.542759374454, 2647.0559519563953, 2630.5240388946504, 2935.6300329356645]
Time
7.428184509277344
The result for the 7th execution is
Query Result
[6076.0, 6309.0, 6088.0, 6105.0, 6209.0, 6157.0, 6328.0, 6140.0, 6203.0, 6193.0, 6048.0, 6057.0, 6135.0, 6333.0, 6392.0, 6462.0, 6103.0, 6332.0, 6090.0, 6236.0, 6412.0, 6281.0, 6212.0, 6279.0, 6228.0, 6256.0, 6059.0, 6049.0, 6154.0, 6036.0, 6074.0, 6104.0, 6200.0, 6202.0, 6247.0, 6345.0, 6149.0, 5895.0, 6142.0, 6237.0, 6349.0, 6522.0, 6071.0, 6112.0, 6105.0, 6133.0, 6227.0, 6255.0, 6445.0, 6218.0]
Noised Result
[2280.3479748320106, 2243.9556992999765, 2587.742810542846, 2383.3476252366627, 2899.338907831415, 4142.042324978682, 2694.201379558083, 2666.340741796688, 3658.938009006767, 3026.412749012352, 3392.6637446795316, 1853.1965078336875, 3148.69558612927, 3606.655983184716, 2455.030893565527, 2843.2198141744984, 2338.0358035428335, 2318.0931488267415, 3044.298606904644, 2671.3776175372163, 2724.4478226154406, 2254.8463612537353, 2781.2385706848668, 2418.8804911761977, 2893.047393409156, 2821.8624431414305, 2092.55816018052, 2703.7100547674036, 2836.512570707322, 2370.9642425032703, 2810.6544582493107, 2303.1964886574506, 2424.34130201037, 3609.6634040118433, 3685.9769573147564, 2844.943720657215, 3008.812833883613, 2376.234642705795, 3051.999978136811, 2081.611726618373, 2849.893105135743, 2751.3147739707056, 2698.4642603865695, 2557.8985771557946, 1963.126168088946, 3486.860355842692, 2866.45474198453, 2648.541681047203, 3170.8980648470338, 2759.172779059559]
Time
7.417656898498535
The result for the 8th execution is
Query Result
[6076.0, 6309.0, 6088.0, 6105.0, 6209.0, 6157.0, 6328.0, 6140.0, 6203.0, 6193.0, 6048.0, 6057.0, 6135.0, 6333.0, 6392.0, 6462.0, 6103.0, 6332.0, 6090.0, 6236.0, 6412.0, 6281.0, 6212.0, 6279.0, 6228.0, 6256.0, 6059.0, 6049.0, 6154.0, 6036.0, 6074.0, 6104.0, 6200.0, 6202.0, 6247.0, 6345.0, 6149.0, 5895.0, 6142.0, 6237.0, 6349.0, 6522.0, 6071.0, 6112.0, 6105.0, 6133.0, 6227.0, 6255.0, 6445.0, 6218.0]
Noised Result
[2498.8983136002994, 3010.594959204197, 2605.675046178781, 2677.2824912570536, 2519.6248464701353, 3415.4998283516866, 2763.719916720067, 2456.2385523385155, 2828.068120826324, 2557.7485031772935, 2722.069073009375, 2816.2961814185473, 1869.2704737776526, 3263.0601602576667, 2808.1789986827407, 2916.6795778590813, 2600.5567310567894, 2885.3887653587653, 2687.579901955634, 2358.290840552569, 2908.1528781227007, 2586.2785410816473, 3068.0404623280747, 2814.6252176990856, 2723.2772779529328, 2632.150753465814, 2562.2588787015397, 2723.1528197405714, 3204.0896693869363, 2283.9279737772054, 2546.0022887457435, 2505.9955597608605, 2707.4906832132397, 2445.7794120832477, 2655.196570529046, 2748.169123852906, 2915.992706477543, 2338.5265142023104, 3083.8310561798353, 2538.3224251245247, 2760.8599898254906, 3037.9133707248825, 2495.7981944501294, 2589.6854491786303, 2717.142360584259, 2305.0015393848626, 3937.2871898534922, 2769.81788962497, 3008.225690452111, 2803.361104537447]
Time
7.304965496063232
The result for the 9th execution is
Query Result
[6076.0, 6309.0, 6088.0, 6105.0, 6209.0, 6157.0, 6328.0, 6140.0, 6203.0, 6193.0, 6048.0, 6057.0, 6135.0, 6333.0, 6392.0, 6462.0, 6103.0, 6332.0, 6090.0, 6236.0, 6412.0, 6281.0, 6212.0, 6279.0, 6228.0, 6256.0, 6059.0, 6049.0, 6154.0, 6036.0, 6074.0, 6104.0, 6200.0, 6202.0, 6247.0, 6345.0, 6149.0, 5895.0, 6142.0, 6237.0, 6349.0, 6522.0, 6071.0, 6112.0, 6105.0, 6133.0, 6227.0, 6255.0, 6445.0, 6218.0]
Noised Result
[3104.4898960389905, 3056.817070542492, 2639.967883188897, 2637.785089820828, 3212.749919885678, 2706.310088909634, 2508.6874929233954, 2819.424528025934, 2663.3205222248066, 2741.337144273998, 2056.9163076191294, 2630.8063318165923, 2566.373195389529, 2593.345575639205, 2746.950807524738, 2314.635103125232, 2566.9342288129214, 2795.8032109183005, 2563.3858485927017, 2168.919297258787, 2641.954733754243, 3061.3862343895753, 2918.864168218485, 2768.463265126915, 2805.136636459142, 2583.240397444309, 3024.764938375306, 3412.4046515573546, 2773.5285893228347, 2924.0718103170057, 3258.045788760255, 2971.9605765746946, 1997.4507275363926, 2480.834175131609, 2435.446442453842, 2919.044352149615, 2821.7540915430322, 2551.5791708897677, 2312.7681989506073, 2633.104647890721, 2853.1955735046868, 2722.230703715109, 2299.4221633151083, 2321.484735073172, 2895.8809553576657, 2641.673493879257, 2191.0516535303104, 2827.2465427283796, 3663.140251935326, 2695.9821283929255]
Time
7.371734142303467
The result for the 10th execution is
Query Result
[6076.0, 6309.0, 6088.0, 6105.0, 6209.0, 6157.0, 6328.0, 6140.0, 6203.0, 6193.0, 6048.0, 6057.0, 6135.0, 6333.0, 6392.0, 6462.0, 6103.0, 6332.0, 6090.0, 6236.0, 6412.0, 6281.0, 6212.0, 6279.0, 6228.0, 6256.0, 6059.0, 6049.0, 6154.0, 6036.0, 6074.0, 6104.0, 6200.0, 6202.0, 6247.0, 6345.0, 6149.0, 5895.0, 6142.0, 6237.0, 6349.0, 6522.0, 6071.0, 6112.0, 6105.0, 6133.0, 6227.0, 6255.0, 6445.0, 6218.0]
Noised Result
[2630.8246781913176, 2663.419782388978, 2060.7894229865906, 2811.37996186686, 34734264.11572337, 2658.9475778199485, 3044.847660244436, 2987.2002307131233, 2818.719262106036, 2748.743043260999, 2939.983843544386, 3014.200288175416, 2678.2890285086023, 3035.723505988669, 2716.7167346043852, 3092.4706078628005, 2415.299574091371, 3512.805834735679, 2729.960166305241, 2802.187252125348, 3028.414909565355, 2127.1473795150723, 2444.7670266444106, 2586.4969747140126, 2576.22253358264, 2824.9001993231304, 2685.457243033803, 2363.1006533296973, 2943.8891962020125, 2838.4666468632226, 4242.796916820078, 2358.4971770132215, 2627.849219386401, 2617.3636117219703, 2676.5045727250404, 2763.215433747372, 2801.517046055045, 2442.997266685324, 2730.7956029660054, 2834.259898243644, 2544.8016028592324, 3291.3511526865277, 3124.0232230219267, 2754.573365175902, 2509.9412160881097, 3114.659321533039, 2504.3465277849673, 1870.8541527888674, 3045.249818752306, 2586.0029671076013]
Time
7.382070541381836
The result for the 11th execution is
Query Result
[6076.0, 6309.0, 6088.0, 6105.0, 6209.0, 6157.0, 6328.0, 6140.0, 6203.0, 6193.0, 6048.0, 6057.0, 6135.0, 6333.0, 6392.0, 6462.0, 6103.0, 6332.0, 6090.0, 6236.0, 6412.0, 6281.0, 6212.0, 6279.0, 6228.0, 6256.0, 6059.0, 6049.0, 6154.0, 6036.0, 6074.0, 6104.0, 6200.0, 6202.0, 6247.0, 6345.0, 6149.0, 5895.0, 6142.0, 6237.0, 6349.0, 6522.0, 6071.0, 6112.0, 6105.0, 6133.0, 6227.0, 6255.0, 6445.0, 6218.0]
Noised Result
[2578.0454017453676, 2483.061191120144, 2484.64789435565, 2692.758343847185, 3043.2063345776232, 2682.147079323177, 2626.840718073739, 3082.2379681015536, 3103.3040038480467, 3123.8846755129925, 2746.1120241745757, 2612.268004024266, 2201.471379176971, 2754.7757669837474, 1990.9297771283927, 2950.1564908336027, 2262.413689457369, 2483.8744102292612, 2921.8000896267945, 2838.172115055667, 2424.6062871290223, 2894.6641144549453, 3123.233344712799, 3176.393710473254, 2714.6533997428874, 2735.9824465445845, 2686.3056596788583, 2611.7936137481142, 2854.034910257299, 2548.9217549950063, 2736.3467666357674, 2430.093618937101, 2473.3118438358233, 2473.9186542096745, 2798.266357107789, 2705.7930753488185, 2806.7627918298, 2416.8478761784513, 2633.0176672119533, 2586.0315475843568, 2868.071898226656, 2595.4939472905303, 2915.307225416815, 2712.9923313642375, 2793.547205852612, 2791.533624448327, 2025.312556485169, 2537.82076332547, 3113.3518249729204, 2852.1177906295225]
Time
7.454505681991577
The result for the 12th execution is
Query Result
[6076.0, 6309.0, 6088.0, 6105.0, 6209.0, 6157.0, 6328.0, 6140.0, 6203.0, 6193.0, 6048.0, 6057.0, 6135.0, 6333.0, 6392.0, 6462.0, 6103.0, 6332.0, 6090.0, 6236.0, 6412.0, 6281.0, 6212.0, 6279.0, 6228.0, 6256.0, 6059.0, 6049.0, 6154.0, 6036.0, 6074.0, 6104.0, 6200.0, 6202.0, 6247.0, 6345.0, 6149.0, 5895.0, 6142.0, 6237.0, 6349.0, 6522.0, 6071.0, 6112.0, 6105.0, 6133.0, 6227.0, 6255.0, 6445.0, 6218.0]
Noised Result
[2534.5965643483464, 2315.1931011913493, 2407.8581312023703, 2586.7903687706525, 2509.3274650059634, 2964.890143979317, 2763.3825905062545, 2957.037792138108, 2673.1505272637296, 2309.2037711853563, 2878.1973716905245, 2443.604276258719, 2620.8122874584083, 2730.9683190159794, 2664.442328212623, 2573.274218952245, 2753.153224461872, 2821.7680266501125, 2490.9691594853894, 2721.9417073904697, 2629.889627261403, 2748.874516070474, 1886.8045910614233, 2628.4211212975847, 2754.902853110552, 2570.3648431742026, 3270.371979826546, 2288.6822483150913, 2864.670664624974, 2939.7106706981463, 2429.6002648381277, 3416.4735932490294, 2680.1267970192703, 2768.5765303106837, 2656.487249765655, 2652.670388120657, 2724.3973356146794, 2585.536645896649, 2581.5771807411866, 2208.5370833723473, 2684.6585113796873, 2931.4298708323468, 2727.5222100896544, 3117.4495242272983, 2654.4767964198936, 2661.40884994182, 2656.48002100585, 3025.53646251829, 2474.1354853234684, 3612.3296116484007]
Time
7.176553010940552
The result for the 13th execution is
Query Result
[6076.0, 6309.0, 6088.0, 6105.0, 6209.0, 6157.0, 6328.0, 6140.0, 6203.0, 6193.0, 6048.0, 6057.0, 6135.0, 6333.0, 6392.0, 6462.0, 6103.0, 6332.0, 6090.0, 6236.0, 6412.0, 6281.0, 6212.0, 6279.0, 6228.0, 6256.0, 6059.0, 6049.0, 6154.0, 6036.0, 6074.0, 6104.0, 6200.0, 6202.0, 6247.0, 6345.0, 6149.0, 5895.0, 6142.0, 6237.0, 6349.0, 6522.0, 6071.0, 6112.0, 6105.0, 6133.0, 6227.0, 6255.0, 6445.0, 6218.0]
Noised Result
[2602.710028542077, 3138.4927622166642, 2774.7093083860036, 2422.828407869467, 1995.7745134253337, 2675.4905519860995, 2884.9809203939103, 3032.0247252485624, 2815.178748710391, 2080.084083502682, 2648.10078506421, 2371.9234299052223, 2875.370548620598, 3044.9195054324205, 2667.5910379612965, 2558.0498811635894, 2689.8676384113746, 2814.9514892169145, 2432.94351733522, 3098.3576778145098, 2716.72214458112, 3019.649283830974, 3221.539510749101, 2747.653499174406, 2962.1557181709995, 2797.8273840098873, 2425.416727102582, 2496.04428208826, 2863.2496020678714, 2651.196219108811, 2426.8175253274476, 2433.080982549238, 2552.5623979200645, 2517.7624611418123, 2650.1796093497856, 2609.4526868254316, 2341.486854072484, 2770.7955372960364, 2459.40756497334, 2350.5327674269297, 2745.440300461379, 2769.019850461921, 2716.3387300822747, 2401.052392200673, 2413.618832588219, 2601.4268573277946, 2593.526081315972, 3099.3350972619464, 2531.3205094643863, 2748.7490643967717]
Time
7.345071077346802
The result for the 14th execution is
Query Result
[6076.0, 6309.0, 6088.0, 6105.0, 6209.0, 6157.0, 6328.0, 6140.0, 6203.0, 6193.0, 6048.0, 6057.0, 6135.0, 6333.0, 6392.0, 6462.0, 6103.0, 6332.0, 6090.0, 6236.0, 6412.0, 6281.0, 6212.0, 6279.0, 6228.0, 6256.0, 6059.0, 6049.0, 6154.0, 6036.0, 6074.0, 6104.0, 6200.0, 6202.0, 6247.0, 6345.0, 6149.0, 5895.0, 6142.0, 6237.0, 6349.0, 6522.0, 6071.0, 6112.0, 6105.0, 6133.0, 6227.0, 6255.0, 6445.0, 6218.0]
Noised Result
[2821.3277675757563, 3930.1716863404763, 2828.9659482722727, 2585.7491661387444, 2508.2199584769105, 2679.7881491119315, 2551.2968144505994, 2620.9269098898953, 3222.762999422521, 2933.163918200479, 3319.4744819855905, 2739.3475987213837, 2625.6788632052658, 2684.824287882875, 3321.1876556226716, 3013.8985079975064, 1900.4173858769964, 2669.3321763792846, 2486.670802537392, 2377.3178314177553, 3099.7533637705355, 2347.326501589528, 2556.31614164956, 3230.292667902018, 2972.191802621642, 3529.3672951581534, 2754.771721548146, 2833.546277091394, 2624.351148037069, 1885.9930921268756, 2666.968242014651, 2614.2698888685127, 2506.62517948798, 2408.068016936576, 2780.8765862103437, 2922.115061403223, 2733.204054071187, 2394.835472283767, 2656.129986791824, 2610.2042370930953, 3059.164743486847, 2854.2479875128756, 2321.2712316694065, 2631.0730725102803, 2547.5634457706174, 2652.256331699349, 2712.13348940028, 2912.4174237581765, 2417.8824765950585, 3041.126838828085]
Time
7.359419107437134
The result for the 15th execution is
Query Result
[6076.0, 6309.0, 6088.0, 6105.0, 6209.0, 6157.0, 6328.0, 6140.0, 6203.0, 6193.0, 6048.0, 6057.0, 6135.0, 6333.0, 6392.0, 6462.0, 6103.0, 6332.0, 6090.0, 6236.0, 6412.0, 6281.0, 6212.0, 6279.0, 6228.0, 6256.0, 6059.0, 6049.0, 6154.0, 6036.0, 6074.0, 6104.0, 6200.0, 6202.0, 6247.0, 6345.0, 6149.0, 5895.0, 6142.0, 6237.0, 6349.0, 6522.0, 6071.0, 6112.0, 6105.0, 6133.0, 6227.0, 6255.0, 6445.0, 6218.0]
Noised Result
[2434.853206768765, 2624.3715660873313, 2785.643667235405, 2807.0450335923665, 2896.3472283621104, 2464.5142720601916, 2811.081790042399, 2984.4522488813236, 2086.776092675093, 2681.947165706249, 2709.698288143287, 2334.5080641138893, 2589.7062509135912, 2790.2667729816094, 2905.198626849334, 2624.250732935749, 2214.976831221749, 2835.1655488608967, 2661.9186680788907, 2590.3238356271468, 2711.4399935312645, 2935.6664874267326, 2731.455431418476, 2679.6589868925425, 2628.790495493339, 2505.3017943126783, 2608.768535059403, 2509.5735228582284, 2793.2168425595796, 2551.9109962227412, 2227.3648174304226, 2692.6956148182626, 2498.3084024162413, 2404.2254994235254, 2754.166346772807, 1963.6566429408604, 2733.3161029881185, 2700.246646716364, 2645.16908413174, 2367.8181605798745, 3763.8218573634867, 2785.9529081013975, 3579.172498218166, 2679.3289279714572, 2752.502595334665, 2266.982290533059, 2367.043546046352, 3036.3837727276846, 2379.924051027216, 2903.127215284435]
Time
7.451983690261841
The result for the 16th execution is
Query Result
[6076.0, 6309.0, 6088.0, 6105.0, 6209.0, 6157.0, 6328.0, 6140.0, 6203.0, 6193.0, 6048.0, 6057.0, 6135.0, 6333.0, 6392.0, 6462.0, 6103.0, 6332.0, 6090.0, 6236.0, 6412.0, 6281.0, 6212.0, 6279.0, 6228.0, 6256.0, 6059.0, 6049.0, 6154.0, 6036.0, 6074.0, 6104.0, 6200.0, 6202.0, 6247.0, 6345.0, 6149.0, 5895.0, 6142.0, 6237.0, 6349.0, 6522.0, 6071.0, 6112.0, 6105.0, 6133.0, 6227.0, 6255.0, 6445.0, 6218.0]
Noised Result
[2435.668915149493, 2844.283120511859, 2691.5101979876845, 2941.6904022359413, 2043.7309077119426, 2672.837774610824, 2395.064045031978, 2511.5460834336877, 2722.8085820319648, 2732.3094304996985, 2755.9161243664676, 2237.739787202818, 2473.5679901871185, 3036.8328835711977, 2804.7010768118835, 3029.7196555182345, 2878.5879759166537, 3175.8785218470994, 2831.420475623502, 2259.437358446866, 3010.9283632750403, 3034.632009746345, 2328.7905642541123, 2652.820284328509, 2723.0053591154274, 2824.6078649409246, 2573.291240431956, 2130.205468452367, 2741.3522721880245, 2556.1514206104307, 2818.1245362984882, 2571.656133392428, 2965.13032860404, 2524.0605229530133, 3349.10914859437, 3663.799445607321, 2411.998318042651, 2580.718058985306, 2440.1244258318357, 2585.8325261225204, 2775.752854504288, 3041.048889416396, 2259.8578491510907, 2387.4220942895545, 1898.4351403318728, 2569.7665338374986, 2585.994249505742, 2626.7835543778087, 2503.3999837155798, 2745.30892376422]
Time
7.379585027694702
The result for the 17th execution is
Query Result
[6076.0, 6309.0, 6088.0, 6105.0, 6209.0, 6157.0, 6328.0, 6140.0, 6203.0, 6193.0, 6048.0, 6057.0, 6135.0, 6333.0, 6392.0, 6462.0, 6103.0, 6332.0, 6090.0, 6236.0, 6412.0, 6281.0, 6212.0, 6279.0, 6228.0, 6256.0, 6059.0, 6049.0, 6154.0, 6036.0, 6074.0, 6104.0, 6200.0, 6202.0, 6247.0, 6345.0, 6149.0, 5895.0, 6142.0, 6237.0, 6349.0, 6522.0, 6071.0, 6112.0, 6105.0, 6133.0, 6227.0, 6255.0, 6445.0, 6218.0]
Noised Result
[2734.622405440761, 3025.8741059974354, 2691.6503903717303, 2305.3357621315145, 2624.6100095553556, 2580.8229282014363, 2542.4369955572975, 2965.6312712927484, 2728.6192873196724, 2926.6784724487916, 2207.535990190922, 2670.8603271741667, 2734.9364021275233, 2786.8800851208325, 2544.6387754126686, 2621.5380122158654, 2496.484464410926, 2474.3244396622854, 2783.981048982033, 2678.1840399063162, 2939.3991298351716, 2816.837325450068, 2645.612415086249, 2624.4487323031212, 2812.0130486310272, 2898.86421309438, 2700.398162654911, 2983.802791086028, 2603.6532870554074, 2645.4243549423827, 2791.305594385449, 2715.9528682652353, 2271.5031042210453, 2208.4373003974197, 2839.0997056490583, 2890.764470762858, 2827.580514209203, 2669.7540889069774, 2222.2985125194573, 1999.9632328821567, 2380.2843403381494, 2837.756715202081, 2612.705408864424, 2864.363787376983, 2754.4927472459017, 2461.5167721970797, 3280.648677246878, 3179.524360316912, 3202.299812420027, 3205.380201963976]
Time
7.419541120529175
The result for the 18th execution is
Query Result
[6076.0, 6309.0, 6088.0, 6105.0, 6209.0, 6157.0, 6328.0, 6140.0, 6203.0, 6193.0, 6048.0, 6057.0, 6135.0, 6333.0, 6392.0, 6462.0, 6103.0, 6332.0, 6090.0, 6236.0, 6412.0, 6281.0, 6212.0, 6279.0, 6228.0, 6256.0, 6059.0, 6049.0, 6154.0, 6036.0, 6074.0, 6104.0, 6200.0, 6202.0, 6247.0, 6345.0, 6149.0, 5895.0, 6142.0, 6237.0, 6349.0, 6522.0, 6071.0, 6112.0, 6105.0, 6133.0, 6227.0, 6255.0, 6445.0, 6218.0]
Noised Result
[2863.6985639518653, 2557.6558834975217, 2853.7646726328694, 2482.569393219381, 2926.8648842158586, 2395.5540223927155, 2417.0329136342143, 2343.427904115564, 2436.1579436972665, 2803.430998303086, 3185.7800882451625, 2939.257387525575, 2755.371324352002, 2749.4953966546827, 3267.286137707428, 3098.968716600016, 3143.4224513099216, 2851.0278819846626, 2530.7703496378062, 2616.9124407399117, 2813.586031092642, 3070.1477897037907, 2543.9818823376745, 1477.8486338522753, 2385.2443148572156, 2641.2910477279975, 2581.090401363063, 2543.13213564847, 2581.8759845047794, 2301.1643721564815, 3045.5425448222127, 2565.4842492543225, 2473.619687293105, 2885.7851044386307, 2858.583451434984, 2958.8495717619912, 2272.519648169069, 2529.4317914735348, 2749.4782900715836, 2632.2469516777346, 2612.606144071173, 2966.594412385234, 2690.463137057794, 2552.8239951335954, 2782.4077003338907, 2710.1449316182916, 2255.185523723263, 2622.312271466668, 2820.573264488079, 2606.8038667372048]
Time
7.382447242736816
The result for the 19th execution is
Query Result
[6076.0, 6309.0, 6088.0, 6105.0, 6209.0, 6157.0, 6328.0, 6140.0, 6203.0, 6193.0, 6048.0, 6057.0, 6135.0, 6333.0, 6392.0, 6462.0, 6103.0, 6332.0, 6090.0, 6236.0, 6412.0, 6281.0, 6212.0, 6279.0, 6228.0, 6256.0, 6059.0, 6049.0, 6154.0, 6036.0, 6074.0, 6104.0, 6200.0, 6202.0, 6247.0, 6345.0, 6149.0, 5895.0, 6142.0, 6237.0, 6349.0, 6522.0, 6071.0, 6112.0, 6105.0, 6133.0, 6227.0, 6255.0, 6445.0, 6218.0]
Noised Result
[2415.6250502434505, 2604.5155756547692, 2083.6569356247032, 2654.366069692597, 2838.3841416545265, 1833.8143926722541, 2862.4367845253537, 2562.6484420313905, 2500.617401959666, 2199.639928264606, 2551.3243245121394, 2725.4668200205724, 2631.0782859783676, 2806.485724934877, 2535.1751618793387, 3110.431003011749, 2549.467501578837, 2515.887344501294, 2584.0987550945706, 2846.1688528429086, 2893.973621663278, 2676.5570583309845, 2688.1477738668195, 2808.273996248735, 2484.031745041432, 3500.4642571669524, 2855.9988051085006, 2067.7952952047513, 2923.919539717059, 2522.574473406167, 2076.6724465339416, 2504.6818198242922, 2759.3987734240413, 2283.175869134725, 2671.253871678272, 2930.9104088931454, 2325.0371452456325, 2629.2526894835573, 2653.687523844824, 2731.0121256758252, 3235.8189338661114, 2847.6216339878465, 2289.624551315479, 1684.9069721282663, 2527.600756930816, 2680.6422051171767, 2751.7959253447525, 2715.7576867249236, 3799.43870456435, 2530.2598776468553]
Time
7.323988199234009
