The result for the 0th execution is
Query Result
[3116.0, 3133.0, 3058.0, 3107.0, 3174.0, 3175.0, 3116.0, 3111.0, 2986.0, 3164.0, 3118.0, 3038.0, 3209.0, 3155.0, 3259.0, 3239.0, 3117.0, 2979.0, 3003.0, 3192.0, 3209.0, 3208.0, 3036.0, 3062.0, 3102.0, 2956.0, 3073.0, 3128.0, 3244.0, 3038.0, 3127.0, 3037.0, 3047.0, 3087.0, 3158.0, 3152.0, 3036.0, 2994.0, 3101.0, 3226.0, 3025.0, 3152.0, 3089.0, 3001.0, 3036.0, 2980.0, 3028.0, 3210.0, 3170.0, 3209.0]
Noised Result
[196.77515014904247, 316.51011737560157, 188.88919366668506, 141.84269412420326, 801.9849380264986, 70.86222402106023, 292.69341444710244, 410.7908095343255, 121.5363137417412, 493.0568389932662, 183.2362526388888, -40.90254935249823, 71.58883911737394, 334.2159339152454, 341.1274766838678, 351.5941445017588, 474.06431014803456, 256.8851163596928, 300.08780694592065, -415.7652530951905, 248.24484474985593, 509.86737487734945, 149.13902784941774, 83.09425257773955, 209.42618060094446, 743.7036180007699, 158.16022460411114, 664.0654012585255, 448.0763605400623, 269.9264756338871, -440.9037818707284, 30.60943740190669, -104.91019866351508, 126.86589644959895, 767.1191613135668, 268.26937439786025, 240.21003360530904, 673.3656026204183, 689.6406572858884, 598.6196870090562, 534.5632620444599, 329.1533176386056, -48.544469389278674, -248.49439554156424, 376.6467423871893, 286.9716574076406, 285.7399275507464, 622.387771869687, 545.0795744163099, 196.53875548166297]
Time
5.498947620391846
The result for the 1th execution is
Query Result
[3116.0, 3133.0, 3058.0, 3107.0, 3174.0, 3175.0, 3116.0, 3111.0, 2986.0, 3164.0, 3118.0, 3038.0, 3209.0, 3155.0, 3259.0, 3239.0, 3117.0, 2979.0, 3003.0, 3192.0, 3209.0, 3208.0, 3036.0, 3062.0, 3102.0, 2956.0, 3073.0, 3128.0, 3244.0, 3038.0, 3127.0, 3037.0, 3047.0, 3087.0, 3158.0, 3152.0, 3036.0, 2994.0, 3101.0, 3226.0, 3025.0, 3152.0, 3089.0, 3001.0, 3036.0, 2980.0, 3028.0, 3210.0, 3170.0, 3209.0]
Noised Result
[404.1016286869001, 242.52526105253082, 695.2224693208277, 507.52347050574576, 34.92182610128566, 452.30633025323345, 782.2897759145158, 239.60768415581288, 175.04891343041163, 915.6023582601892, 327.46125551295404, 167.61963916049535, 577.4786512194542, 538.4319702688165, 1.0276920613905531, 271.3436249952788, 534.2424283631567, -443.99097001202654, 210.44951918494417, 341.0520317989922, 305.1149704253612, 26.68767612958891, 225.81149409173076, 640.3361392821243, 321.43558321822184, 480.2763794835407, 63.38532649495437, 738.2983439749064, 802.802853878776, 191.470853814345, 370.74916207302044, 225.25569937776163, -35.58002009224401, 107.13542857998391, 581.3902008158007, 743.9687888448796, 290.94496922187795, 218.8710147226625, 1342.5876891568491, 1.754768953021994, 365.14066153356885, 628.7669826490619, -9.188838782863968, 166.86746350949034, -179.82978944099978, 116.62262468475319, 43.32353746601393, 301.3582753624519, 260.7931270355125, 355.76939835773146]
Time
5.514702558517456
The result for the 2th execution is
Query Result
[3116.0, 3133.0, 3058.0, 3107.0, 3174.0, 3175.0, 3116.0, 3111.0, 2986.0, 3164.0, 3118.0, 3038.0, 3209.0, 3155.0, 3259.0, 3239.0, 3117.0, 2979.0, 3003.0, 3192.0, 3209.0, 3208.0, 3036.0, 3062.0, 3102.0, 2956.0, 3073.0, 3128.0, 3244.0, 3038.0, 3127.0, 3037.0, 3047.0, 3087.0, 3158.0, 3152.0, 3036.0, 2994.0, 3101.0, 3226.0, 3025.0, 3152.0, 3089.0, 3001.0, 3036.0, 2980.0, 3028.0, 3210.0, 3170.0, 3209.0]
Noised Result
[340.269178078501, 190.10820371471846, 314.48933202950775, 862.5346820998598, 328.1785667909239, 600.6982761728059, 197.1401594373233, 431.65843702137954, -480.27562946659464, 293.8489607278152, 387.76121512723466, 152.89561918452728, 498.45377561413625, 564.3354003302018, 400.4405903065958, 597.0293511678824, 373.2482855911396, 38.1145573130957, 18.00465714547954, 554.9837677258879, 455.32152584454457, 414.004110673206, 636.4258449711256, 390.2040400721862, 270.5159889182014, 214.5788782589916, -24.178920476515486, 285.9542802618125, 254.33478250764392, 16.51745495242494, 203.6251200008901, 1017.6333338968639, 374.4887240885614, 94.34298593654694, 553.3977228376527, 387.48116884058527, 207.8333538773154, 117.13173342293021, 346.8959816901638, 341.8136465967227, 87.70396540489219, 618.9020268059928, 352.9766375580746, 486.4247320082932, -60.106450722204954, 147.322116426275, 114.84069359587556, 639.8488445912958, -37.76000292498884, 156.95809502752718]
Time
5.45092511177063
The result for the 3th execution is
Query Result
[3116.0, 3133.0, 3058.0, 3107.0, 3174.0, 3175.0, 3116.0, 3111.0, 2986.0, 3164.0, 3118.0, 3038.0, 3209.0, 3155.0, 3259.0, 3239.0, 3117.0, 2979.0, 3003.0, 3192.0, 3209.0, 3208.0, 3036.0, 3062.0, 3102.0, 2956.0, 3073.0, 3128.0, 3244.0, 3038.0, 3127.0, 3037.0, 3047.0, 3087.0, 3158.0, 3152.0, 3036.0, 2994.0, 3101.0, 3226.0, 3025.0, 3152.0, 3089.0, 3001.0, 3036.0, 2980.0, 3028.0, 3210.0, 3170.0, 3209.0]
Noised Result
[510.6841226623378, 211.11664424490073, 34.127899533451, -335.74976570326226, 372.04831299312946, 373.28611962197306, 390.71383030001994, 901.3772742640215, 907.538401993912, 969.8709839855433, 141.4142668096224, 548.4208103940855, -216.7939439069546, 302.2771164648648, 394.6010409970713, 593.5855321366612, -188.88576608973244, 78.36639039927013, -589.632746878086, 492.6109520951477, 248.75066049020597, 506.5315323566915, 139.00496855979281, 171.30409611919276, 310.2543194444502, -96.18028213233129, 100.7616566368406, -433.285850698649, 283.2143991330672, -12.998772513779386, 407.41944467381654, 132.49341578323993, 227.32278949474858, 244.0747125689213, 424.9594166297393, -300.0449641859659, -87.40794230559777, 1165.6928383795114, 346.8219200381768, 172.8127314621629, 78.31335482405848, 351.37188386951266, -110.21843290037395, 205.33537764847915, 703.9694175734012, 257.4581964053209, 277.537561422359, 300.91501086762946, 312.6310764759219, 570.5479244037899]
Time
5.3891966342926025
The result for the 4th execution is
Query Result
[3116.0, 3133.0, 3058.0, 3107.0, 3174.0, 3175.0, 3116.0, 3111.0, 2986.0, 3164.0, 3118.0, 3038.0, 3209.0, 3155.0, 3259.0, 3239.0, 3117.0, 2979.0, 3003.0, 3192.0, 3209.0, 3208.0, 3036.0, 3062.0, 3102.0, 2956.0, 3073.0, 3128.0, 3244.0, 3038.0, 3127.0, 3037.0, 3047.0, 3087.0, 3158.0, 3152.0, 3036.0, 2994.0, 3101.0, 3226.0, 3025.0, 3152.0, 3089.0, 3001.0, 3036.0, 2980.0, 3028.0, 3210.0, 3170.0, 3209.0]
Noised Result
[261.51398510673016, 441.3117251404178, 197.19140744068181, 884.1200568500817, 371.8071765654031, 231.39217220396813, 30.876470858835546, 21.959458650102988, 363.42223369943554, -208.1950191461474, 208.12963680215307, 446.47119630696034, -282.4849789489572, 271.78735194365936, 187.7298726472718, 419.3367711388744, 336.8610976109517, 149.2259535197436, 608.8037360854437, 175.0308856806405, 708.2332022735416, 201.14489825714736, 328.31676616286245, 151.86994109420448, 164.48841283346928, 19.86415058534476, 316.0257811430124, 1304.7657603389887, 435.1662435846008, 37.50318731513153, -343.5673441976787, 1152.697615785069, 290.1882821952231, 386.0139190953271, 468.87270666433074, 75.04153207057152, -28.425378764922698, 672.6562828985184, 403.6767120098598, 354.7749762951289, 539.9171676411668, -87.98746536030467, 353.51490790402, 42.72891825446686, 328.9837360090894, -77.64626562553667, 686.0084556546731, 449.4377849573218, 310.8587903553653, 526.3117693989225]
Time
5.394088268280029
The result for the 5th execution is
Query Result
[3116.0, 3133.0, 3058.0, 3107.0, 3174.0, 3175.0, 3116.0, 3111.0, 2986.0, 3164.0, 3118.0, 3038.0, 3209.0, 3155.0, 3259.0, 3239.0, 3117.0, 2979.0, 3003.0, 3192.0, 3209.0, 3208.0, 3036.0, 3062.0, 3102.0, 2956.0, 3073.0, 3128.0, 3244.0, 3038.0, 3127.0, 3037.0, 3047.0, 3087.0, 3158.0, 3152.0, 3036.0, 2994.0, 3101.0, 3226.0, 3025.0, 3152.0, 3089.0, 3001.0, 3036.0, 2980.0, 3028.0, 3210.0, 3170.0, 3209.0]
Noised Result
[-64.15845917832848, 17.779439169560646, 778.4614173441787, 238.74871891999874, 494.81801994810235, 423.1907339710933, 345.8565660206882, -56.948764301339, 200.16591128608434, 197.8529732863526, 345.6454134590467, 188.32552407867706, 137.40681134694296, 132.19774174022677, 347.59995174634787, 465.87160359890527, 504.30509328182507, 127.93617921680561, -147.68984937044343, 1094.668576054175, 263.77576986508666, 161.45344089320088, 585.6754552339987, 336.9013450464645, 441.04264879325183, -144.95920658974956, 614.482676305568, 591.6300128019336, 128.9878851110284, -77.45375554942257, 442.4633174278638, 261.5171910984118, 365.5128184478581, 431.60551292331456, -286.2573541159818, -40.11190228309124, 193.28411588692688, -3.524307548815159, 593.7166604758847, 200.17360498335256, -754.8941969381713, 364.97995028235846, -403.7845542024161, -118.75183504275128, 635.4192956132688, 153.36175791115284, 45.35178589697807, 345.25105289569865, 757.122512964221, 225.906818228646]
Time
5.527851104736328
The result for the 6th execution is
Query Result
[3116.0, 3133.0, 3058.0, 3107.0, 3174.0, 3175.0, 3116.0, 3111.0, 2986.0, 3164.0, 3118.0, 3038.0, 3209.0, 3155.0, 3259.0, 3239.0, 3117.0, 2979.0, 3003.0, 3192.0, 3209.0, 3208.0, 3036.0, 3062.0, 3102.0, 2956.0, 3073.0, 3128.0, 3244.0, 3038.0, 3127.0, 3037.0, 3047.0, 3087.0, 3158.0, 3152.0, 3036.0, 2994.0, 3101.0, 3226.0, 3025.0, 3152.0, 3089.0, 3001.0, 3036.0, 2980.0, 3028.0, 3210.0, 3170.0, 3209.0]
Noised Result
[515.4232948742933, 38.767122161606494, 984.3998481091191, 58.3370964111632, 467.4816440280649, 1120.6588373755949, 636.4565415260804, -173.7909575845456, 1.2493452100952709, 684.5249263620613, 560.1195348351373, 6.696006294965628, 326.5424592644131, 625.242516574845, 233.7804976146599, 248.92370931451842, 67.24654857773294, -106.92601891408412, 511.6724853008527, 539.368837030669, -219.47483013851706, 87.01348883652781, -5.124921525739865, 528.7985647421899, 458.25923202885815, 198.66822891919446, 182.87981907044605, -331.6154987360874, 353.8339266271073, 230.0332824435054, 398.1323899851204, 170.76578262948487, 210.49711794086897, 226.44582138759824, -194.53375491383986, 347.8977501734373, 552.3357165641523, 900.5435406501642, 255.47700561828015, 588.971014565572, 122.793757856306, -66.44619505977789, 173.86927009581268, -20.744454232838052, 992.8799170938914, -45.54872052835162, 13.168605563544588, 361.9071898095499, -756.0736427203783, 371.70652270548135]
Time
5.436403512954712
The result for the 7th execution is
Query Result
[3116.0, 3133.0, 3058.0, 3107.0, 3174.0, 3175.0, 3116.0, 3111.0, 2986.0, 3164.0, 3118.0, 3038.0, 3209.0, 3155.0, 3259.0, 3239.0, 3117.0, 2979.0, 3003.0, 3192.0, 3209.0, 3208.0, 3036.0, 3062.0, 3102.0, 2956.0, 3073.0, 3128.0, 3244.0, 3038.0, 3127.0, 3037.0, 3047.0, 3087.0, 3158.0, 3152.0, 3036.0, 2994.0, 3101.0, 3226.0, 3025.0, 3152.0, 3089.0, 3001.0, 3036.0, 2980.0, 3028.0, 3210.0, 3170.0, 3209.0]
Noised Result
[351.69536261769053, -205.15927414735688, 415.52007302473385, 266.2056492669667, -29.754248217215718, 171.38542684484173, 507.22817161494277, 129.21201458716587, -40.07262970394049, 405.7950999051832, 22.29397408134855, 362.3995289740401, -182.4050726518085, 417.45978415250624, 249.26719831427545, 438.99665289526183, 121.23436231290725, -753.1747371614724, 270.9595142636326, 367.80950395258014, 615.4559737711083, 252.61535831118408, -168.09232768984066, 1.2427471916143986, 197.02659520412817, -415.62683791298514, -577.0880829185039, 348.3870414225221, 356.3040899962434, 511.5045766829667, 302.9557664769836, -86.80591835263658, 878.7222451428529, 68.5502889964846, 512.6103744276916, -192.61216588100888, 130.43742305758542, -368.127292298444, 448.24042955046593, 520.5496170918484, 209.6651670357869, 268.1206674019136, 190.57359472525923, 663.4114456710308, 248.93917429583598, 1.0648867312165748, -843.6575883463006, -413.57007339308893, 278.50616057292837, 720.4293976488243]
Time
5.405635356903076
The result for the 8th execution is
Query Result
[3116.0, 3133.0, 3058.0, 3107.0, 3174.0, 3175.0, 3116.0, 3111.0, 2986.0, 3164.0, 3118.0, 3038.0, 3209.0, 3155.0, 3259.0, 3239.0, 3117.0, 2979.0, 3003.0, 3192.0, 3209.0, 3208.0, 3036.0, 3062.0, 3102.0, 2956.0, 3073.0, 3128.0, 3244.0, 3038.0, 3127.0, 3037.0, 3047.0, 3087.0, 3158.0, 3152.0, 3036.0, 2994.0, 3101.0, 3226.0, 3025.0, 3152.0, 3089.0, 3001.0, 3036.0, 2980.0, 3028.0, 3210.0, 3170.0, 3209.0]
Noised Result
[252.1206575564879, 319.38787418935044, 640.5367689815778, -38.015968663705735, 656.1482994912692, 273.1731250648272, 250.8236839186916, 881.8190480203116, 133.63904797259238, 806.2207055813044, 362.0523236134902, 335.0532971998182, 456.04611237240783, 719.9648910636272, -286.3482780943323, 546.0834479262312, 338.0605109282692, 272.17880387254354, 273.0744246789882, 871.4913054568797, 775.3010099929024, 287.2292291271174, 210.33838575993514, -149.8364514914756, 577.4891798938856, -343.51038052373815, 483.60422274871985, 2840.699546543168, 181.54925593745202, -339.9475984334904, 212.53520806257438, 334.6547785616883, 235.14010187618305, 301.3061623260701, 653.1767908106463, 62.73619331682403, 303.4164378114258, 251.88528044792065, 191.21232774163218, 538.792124980112, 210.96109812500208, 690.7848670840858, 327.4504984636569, 123.18519639427359, 180.76433460430007, 766.4798932693084, 438.1213384608159, 161.9509835487729, 104.72312443313422, 33.29288121987065]
Time
5.432077169418335
The result for the 9th execution is
Query Result
[3116.0, 3133.0, 3058.0, 3107.0, 3174.0, 3175.0, 3116.0, 3111.0, 2986.0, 3164.0, 3118.0, 3038.0, 3209.0, 3155.0, 3259.0, 3239.0, 3117.0, 2979.0, 3003.0, 3192.0, 3209.0, 3208.0, 3036.0, 3062.0, 3102.0, 2956.0, 3073.0, 3128.0, 3244.0, 3038.0, 3127.0, 3037.0, 3047.0, 3087.0, 3158.0, 3152.0, 3036.0, 2994.0, 3101.0, 3226.0, 3025.0, 3152.0, 3089.0, 3001.0, 3036.0, 2980.0, 3028.0, 3210.0, 3170.0, 3209.0]
Noised Result
[559.5829778603063, 439.7451823035983, 335.9184958173005, 3.968086484390369, 201.2220706339226, 194.85335255686186, 149.90728760442653, 536.1216589769558, 177.38550059314957, 444.49703229137435, 593.5788025065592, 180.03059693370415, 28.80582898888315, 62.93320073121777, 772.2188103733106, 425.4508172962005, 185.3504402849694, 323.09494083225627, 243.43355072195163, 563.8548218686688, 194.69172119456152, 375.2385231604867, 67.7754544751383, 133.7104587718295, 766.8180954241873, 610.4396115082525, -10.507818648452485, 271.2223212586173, 44.03601347474796, 203.05654503811866, 151.6309006443903, 239.51689052893926, -0.9857657446304984, 149.52016323135058, 142.8882710193293, 254.9946671810062, 19.48160644571999, 895.4136882472496, 135.18287024783604, 165.01279250339758, 294.50344878441456, 250.1824349974263, 49.1812411193946, 35.80535453069024, 95.14442028628355, 295.35877868228226, -47.76485856048794, 166.97923735298536, 127.86618373874762, 233.2004671203772]
Time
5.412086248397827
The result for the 10th execution is
Query Result
[3116.0, 3133.0, 3058.0, 3107.0, 3174.0, 3175.0, 3116.0, 3111.0, 2986.0, 3164.0, 3118.0, 3038.0, 3209.0, 3155.0, 3259.0, 3239.0, 3117.0, 2979.0, 3003.0, 3192.0, 3209.0, 3208.0, 3036.0, 3062.0, 3102.0, 2956.0, 3073.0, 3128.0, 3244.0, 3038.0, 3127.0, 3037.0, 3047.0, 3087.0, 3158.0, 3152.0, 3036.0, 2994.0, 3101.0, 3226.0, 3025.0, 3152.0, 3089.0, 3001.0, 3036.0, 2980.0, 3028.0, 3210.0, 3170.0, 3209.0]
Noised Result
[357.29442477081193, 328.17616256256133, 572.6131282588517, 892.7771956850424, 869.807550194736, 80.93651313027749, 243.3802587363548, 182.23014781692382, 201.62203831417946, 155.48364571541697, 303.7775491336415, 157.55198058632868, 330.32365625693, 306.3172419387165, 490.4053286772896, 452.78478650702004, 429.50357740108484, 203.13060405009855, 935.3478729128192, 552.524258327315, -175.08021488013674, 345.1810486935278, 422.61868114012395, 47.20341781717161, -489.7060246763558, -21.647089222180057, 408.3034057605655, 674.1976738356555, -234.1273850675807, 128.0697577443575, 54.41068878337319, 96.89978631244276, 519.755481477275, 685.0654040780339, 320.04705700177374, 160.16232951341271, 1570.8584836310474, 408.64598967473694, 187.82478557236482, 669.2816822039606, 244.85371300434053, 428.49466664309557, 395.6439798452807, 122.26009281395955, -188.63594974140187, 170.1577665786117, 415.22575274108294, 1145.1696357816859, 454.95897266927636, 349.94118313316994]
Time
5.5748450756073
The result for the 11th execution is
Query Result
[3116.0, 3133.0, 3058.0, 3107.0, 3174.0, 3175.0, 3116.0, 3111.0, 2986.0, 3164.0, 3118.0, 3038.0, 3209.0, 3155.0, 3259.0, 3239.0, 3117.0, 2979.0, 3003.0, 3192.0, 3209.0, 3208.0, 3036.0, 3062.0, 3102.0, 2956.0, 3073.0, 3128.0, 3244.0, 3038.0, 3127.0, 3037.0, 3047.0, 3087.0, 3158.0, 3152.0, 3036.0, 2994.0, 3101.0, 3226.0, 3025.0, 3152.0, 3089.0, 3001.0, 3036.0, 2980.0, 3028.0, 3210.0, 3170.0, 3209.0]
Noised Result
[118.14304601664253, 219.02725660440774, 370.3728707686753, 209.57375345430864, 569.8975574338883, 384.4432626586822, 586.69409876443, 274.3434635311273, 212.34779348334314, 144.03291057545084, 503.5409295264708, 465.5138394533667, 54.94231205047436, 406.4172671827612, 388.89840455019066, 414.272977683647, 532.4684450951668, -37.52738446474996, 1063.7076351339279, 540.0902539161891, 1640.4060923771938, 622.1695557967903, 277.4861871822286, 840.4173951620955, 254.08541876151276, 426.1505332473505, 233.41128228027856, 402.07868977774274, 364.2766111833703, -189.41648689831982, 154.20618340496685, 531.5327992272373, 500.5834803081475, 731.0864659465142, -12.298538092257331, 62.01541597187315, 69.23332798111596, 753.7392191840609, 404.51029572650214, 202.99841166836222, 449.5489091276188, 200.46632599295253, 356.9162803828299, 49.0720053451123, -14.8497298862153, 189.3638471407171, 738.1201363971372, 280.2662592937172, -186.45063726538, 567.3968268782987]
Time
5.543619155883789
The result for the 12th execution is
Query Result
[3116.0, 3133.0, 3058.0, 3107.0, 3174.0, 3175.0, 3116.0, 3111.0, 2986.0, 3164.0, 3118.0, 3038.0, 3209.0, 3155.0, 3259.0, 3239.0, 3117.0, 2979.0, 3003.0, 3192.0, 3209.0, 3208.0, 3036.0, 3062.0, 3102.0, 2956.0, 3073.0, 3128.0, 3244.0, 3038.0, 3127.0, 3037.0, 3047.0, 3087.0, 3158.0, 3152.0, 3036.0, 2994.0, 3101.0, 3226.0, 3025.0, 3152.0, 3089.0, 3001.0, 3036.0, 2980.0, 3028.0, 3210.0, 3170.0, 3209.0]
Noised Result
[472.31931287887573, 231.31057686302438, 353.8842849038324, -169.19404923741513, 286.3362574621933, -154.95584673043868, 479.12218642026414, 501.3403786670651, -143.87154007406843, 487.0666524063181, 240.18434765709935, -101.2160162859509, 510.69632991012986, 56.23119872603638, 351.5750790435495, 177.81089850734315, 448.49133338197043, 181.13751261253356, 62.475088062470604, 841.0519917725835, 207.6251496639311, 16.959365450084533, 13.65509167033315, 31.888789018910302, 322.4319386596767, 173.55539171575992, 304.1047697387394, 596.2310512174274, -26.83287195029061, 2651.101286757934, 319.2684710223166, 400.47487863204606, 719.8344392184263, 604.149511072794, 284.0904970139004, 687.1634266622259, 219.4766285446458, 558.3704886642802, 239.96815306384042, 473.76014352597235, 328.47906260739956, 224.14051650299507, 272.5242537853337, 78.69026245853547, 337.09852161329945, 363.26904120471977, 154.0388621337156, -442.3390676451022, 322.31457193426786, 304.6533133041912]
Time
5.5431482791900635
The result for the 13th execution is
Query Result
[3116.0, 3133.0, 3058.0, 3107.0, 3174.0, 3175.0, 3116.0, 3111.0, 2986.0, 3164.0, 3118.0, 3038.0, 3209.0, 3155.0, 3259.0, 3239.0, 3117.0, 2979.0, 3003.0, 3192.0, 3209.0, 3208.0, 3036.0, 3062.0, 3102.0, 2956.0, 3073.0, 3128.0, 3244.0, 3038.0, 3127.0, 3037.0, 3047.0, 3087.0, 3158.0, 3152.0, 3036.0, 2994.0, 3101.0, 3226.0, 3025.0, 3152.0, 3089.0, 3001.0, 3036.0, 2980.0, 3028.0, 3210.0, 3170.0, 3209.0]
Noised Result
[435.7523324718977, 637.9233471385171, 100.6952589028333, -72.83012124263041, 632.6942450132033, -8.860706757157914, 176.16367310127316, 1322.5920300487337, 40.54992761745734, 546.8250066452331, 174.78623175647135, 502.8056854575875, 213.78414699355108, 520.7901391144264, 508.253542754368, -71.20737797572929, 343.90177804278346, 146.90207472581505, 517.1079993865446, 555.625533416061, 675.0394464032181, 85.24618456121652, 605.0242944082629, -103.16695448539167, 326.8243758433998, 210.85583126875372, 287.26621857390046, 304.0776524456187, 300.2291912451219, 86.11731584603785, 172.82301429151084, 982.3499929787122, 440.3044003055659, 312.0869968373497, 336.3816782897934, 71.08415053168028, 809.7944724588715, 195.7311881535402, 296.1691424759624, 523.5128268663125, 349.42782017671925, 100.47647428956589, 527.2242601672453, 172.62731549104865, 328.61761766987956, 266.1374603458887, 7.742736020443772, 234.04762240363607, 163.0689747065653, 703.5012161830605]
Time
5.493191719055176
The result for the 14th execution is
Query Result
[3116.0, 3133.0, 3058.0, 3107.0, 3174.0, 3175.0, 3116.0, 3111.0, 2986.0, 3164.0, 3118.0, 3038.0, 3209.0, 3155.0, 3259.0, 3239.0, 3117.0, 2979.0, 3003.0, 3192.0, 3209.0, 3208.0, 3036.0, 3062.0, 3102.0, 2956.0, 3073.0, 3128.0, 3244.0, 3038.0, 3127.0, 3037.0, 3047.0, 3087.0, 3158.0, 3152.0, 3036.0, 2994.0, 3101.0, 3226.0, 3025.0, 3152.0, 3089.0, 3001.0, 3036.0, 2980.0, 3028.0, 3210.0, 3170.0, 3209.0]
Noised Result
[329.59241525650896, 690.5692182917423, 467.2047078154651, -186.12987211637937, 684.8407848920688, 164.45809894864124, 342.1025500262076, 4539.395417662345, -9.948682070609266, 786.1103073825484, 78.43466235934329, -164.79296754811094, 201.11925806905447, 368.8303249982514, 163.6734647893818, 782.2446173478627, 712.6863515344323, -572.5715814516484, 390.6924692940388, 943.0175526154217, 121.37665872901744, 620.5030178521856, 316.98838693865014, 479.15526201350553, 243.49171633176593, 690.824715165232, 266.1226285199341, 180.376532345545, 354.94975003321406, 206.91732005245194, -91.58265193164334, 508.8257297603011, -105.14390253171496, 62.68035809803587, 414.2711146626957, 423.87397396853726, 422.56750427137035, -68.10555859832448, 453.37330515283725, -122.79714789402078, 388.4106268867579, 1923.8317019269398, 164.52498513705177, 211.94065295691007, -114.54590047137799, 379.1369392206557, 174.45592884533153, 392.8305015238957, 236.12307960761882, 406.209596372315]
Time
5.464792490005493
The result for the 15th execution is
Query Result
[3116.0, 3133.0, 3058.0, 3107.0, 3174.0, 3175.0, 3116.0, 3111.0, 2986.0, 3164.0, 3118.0, 3038.0, 3209.0, 3155.0, 3259.0, 3239.0, 3117.0, 2979.0, 3003.0, 3192.0, 3209.0, 3208.0, 3036.0, 3062.0, 3102.0, 2956.0, 3073.0, 3128.0, 3244.0, 3038.0, 3127.0, 3037.0, 3047.0, 3087.0, 3158.0, 3152.0, 3036.0, 2994.0, 3101.0, 3226.0, 3025.0, 3152.0, 3089.0, 3001.0, 3036.0, 2980.0, 3028.0, 3210.0, 3170.0, 3209.0]
Noised Result
[387.8223956387501, 418.8561624313693, 1039.5222579348383, -264.56177635310087, 612.9890565497226, 635.1874759022362, 573.0059721744506, 196.01998817762205, 718.8175188511304, 562.2441148347298, 395.9013158005191, -24.401980721700056, 406.2349929661848, 284.48622200329055, 512.5353370194471, 174.5641192733965, 450.69591869446117, 82.1885067583762, 47.12074538722027, 565.2765491095122, 476.56195471326964, 369.63947146403507, 73.3236853774938, 391.37606916012896, 336.6296295148293, 295.84023084178375, 429.9733852252441, 154.80875316041374, 727.5474491119267, -882.9722146567133, 5.044827466992501, 246.39618844151028, 153.4810990780934, -111.64030545117885, 487.8654577729433, 501.0603532696193, 251.38599245739942, -355.80583617256025, 259.7697970512472, 331.3721700306696, 396.08082379027746, 1011.1456991822561, 40.41371082555179, 301062.5269562155, 434.2453723311105, 176.78524795753128, 217.7654425555661, 307.1397616532304, 436.1890231995974, 486.56893611437977]
Time
5.487016916275024
The result for the 16th execution is
Query Result
[3116.0, 3133.0, 3058.0, 3107.0, 3174.0, 3175.0, 3116.0, 3111.0, 2986.0, 3164.0, 3118.0, 3038.0, 3209.0, 3155.0, 3259.0, 3239.0, 3117.0, 2979.0, 3003.0, 3192.0, 3209.0, 3208.0, 3036.0, 3062.0, 3102.0, 2956.0, 3073.0, 3128.0, 3244.0, 3038.0, 3127.0, 3037.0, 3047.0, 3087.0, 3158.0, 3152.0, 3036.0, 2994.0, 3101.0, 3226.0, 3025.0, 3152.0, 3089.0, 3001.0, 3036.0, 2980.0, 3028.0, 3210.0, 3170.0, 3209.0]
Noised Result
[531.7575426729577, 380.8737792265679, -803.420030371446, 588.6404530318241, -578.3512159576226, 643.5011364753495, 343.9524234950659, 207.8570148399558, 343.2463450579344, 31.777766901894665, 256.8080859712891, 336.7851781827751, 462.24765162067797, 795.8060312197201, 753.4654301024643, -133.10870653749225, 811.8995559415853, 171.99440628378352, 209.4926696427201, 417.4872098882247, 528.2948454505047, 892.0319567452061, 550.2856057675772, -49.04628871662726, -279.055503367641, 286.75884281246385, 269.46905317490246, 217.48724438882846, 395.8261509454303, 111.50841165483325, 29.324671209305052, 776.776934364337, 41.78729858844281, 519.1541808191446, 403.6274265722591, 513.4746485058754, 384.8504236957913, 115.77230849230273, 365.5844752466128, 700.2515385841161, 732.9470614248983, 297.3534553382665, 24.624899599432865, -78.32625693310638, -75.24984066780098, 891.3039545907186, -643.4128705230573, 874.5540267419319, 355.95331218470983, 728.0136471241569]
Time
5.610108137130737
The result for the 17th execution is
Query Result
[3116.0, 3133.0, 3058.0, 3107.0, 3174.0, 3175.0, 3116.0, 3111.0, 2986.0, 3164.0, 3118.0, 3038.0, 3209.0, 3155.0, 3259.0, 3239.0, 3117.0, 2979.0, 3003.0, 3192.0, 3209.0, 3208.0, 3036.0, 3062.0, 3102.0, 2956.0, 3073.0, 3128.0, 3244.0, 3038.0, 3127.0, 3037.0, 3047.0, 3087.0, 3158.0, 3152.0, 3036.0, 2994.0, 3101.0, 3226.0, 3025.0, 3152.0, 3089.0, 3001.0, 3036.0, 2980.0, 3028.0, 3210.0, 3170.0, 3209.0]
Noised Result
[519.2132580325863, -60.38133966512032, 425.202419129193, 780.4522495999711, 222.46067064876752, 312.9302986253824, 102.2935102533038, 2360.173432131388, -886.5444885814468, 516.6702526410461, -101.1341494498156, 657.97953129385, 160.4114024129899, 22.841644233956686, 509.3823672057424, 854.758630049273, 331.8518661339999, 289.9526061121501, 228.83682039869154, -60.082843247695564, 242.6392245509519, 316.95490063632633, -307.3097504759626, 185.38626761219348, -29.904463418916748, 319.92704143664923, -5.1083138553235585, 489.6192279731695, 839.9750736609546, 322.8565997539747, 887.7294291953285, 244.532040684403, 165.0353099841568, 191.45711064560555, 251.00278221839562, 611.7207798130312, 530.7426159815445, 14.229935232806383, 133.08833993715825, 327.68899320797163, 278.9906534154925, 1157.6512290781138, 268.8012803671709, 658.8898375851979, 548.2869226384371, 34.2720673691565, 195.6201128431212, 203.83572417485357, -204.64179547799586, 247.04657342481187]
Time
5.46687912940979
The result for the 18th execution is
Query Result
[3116.0, 3133.0, 3058.0, 3107.0, 3174.0, 3175.0, 3116.0, 3111.0, 2986.0, 3164.0, 3118.0, 3038.0, 3209.0, 3155.0, 3259.0, 3239.0, 3117.0, 2979.0, 3003.0, 3192.0, 3209.0, 3208.0, 3036.0, 3062.0, 3102.0, 2956.0, 3073.0, 3128.0, 3244.0, 3038.0, 3127.0, 3037.0, 3047.0, 3087.0, 3158.0, 3152.0, 3036.0, 2994.0, 3101.0, 3226.0, 3025.0, 3152.0, 3089.0, 3001.0, 3036.0, 2980.0, 3028.0, 3210.0, 3170.0, 3209.0]
Noised Result
[-123.36236282856771, 518.782085372824, 334.7154925718769, 630.4740414016258, 811.6832889840034, 398.76089301001366, 500.75571315211914, -694.7393827720043, 251.73200345274427, 248.4382461401292, 221.49585398552063, 883.2137732551087, 169.71380014630267, 939.5736698479204, 148.6603093311178, 326.9372331033883, -464.4758371816797, 340.80436805241584, 33.70407361870275, 219.41196172902437, 627.8847834248454, 920.9739373003813, 693.5157171354517, -297.5282693401641, 94.17540720595343, -66.55879037327668, -190.40547226856188, 84.47316909909068, 294.40033869443823, 664.7741610578234, 572.4551109428935, -1.5194022478253828, -314.97454052092235, -682.573110423592, 58.30970553932457, 475.8586018250687, -11.517422676261049, 402.7615015895674, 126.51111107455336, 300.3501648831789, 94.66306976437727, 1006.5726404451357, 153.09821951654158, -269.6589981778461, -203.44909426833328, 253.82973163085126, 250.10040371720606, 399.31071297870267, 267.7400422191308, 170.70551136271752]
Time
5.462782144546509
The result for the 19th execution is
Query Result
[3116.0, 3133.0, 3058.0, 3107.0, 3174.0, 3175.0, 3116.0, 3111.0, 2986.0, 3164.0, 3118.0, 3038.0, 3209.0, 3155.0, 3259.0, 3239.0, 3117.0, 2979.0, 3003.0, 3192.0, 3209.0, 3208.0, 3036.0, 3062.0, 3102.0, 2956.0, 3073.0, 3128.0, 3244.0, 3038.0, 3127.0, 3037.0, 3047.0, 3087.0, 3158.0, 3152.0, 3036.0, 2994.0, 3101.0, 3226.0, 3025.0, 3152.0, 3089.0, 3001.0, 3036.0, 2980.0, 3028.0, 3210.0, 3170.0, 3209.0]
Noised Result
[214.0952771045927, 906.9083391308559, 194.25532706731246, 254.22367041609823, 132.21511773568182, -918.838701190246, 370.3734110588516, 169.8052827751967, 185.66326736361998, 369.0574909080351, -773.1610068485688, 626.2636450062516, 490.1941125959386, 41.962004173034984, -39.634371354388804, 220.38290416484415, 280.2676873543828, 604.5302016479982, 93.60974941677796, 71.90933701216318, 494.931085066743, 98.60198327237185, 315.2177504951385, 207.04903153005444, 860.3358774107955, -446.89559590605495, -297.6088728210143, 434.8892220208272, -329.68817634271863, 173.95278567619062, 740.5294133608852, 616.5842032979288, -176.83686814570183, 656.3830805607126, 365.23997862191527, 499.1198741319474, 194.5384806420252, 1398.7615064370452, 549.0225590751613, 320.8660043449013, 726.8488584028592, 371.167352522501, 37.94882359787471, 135.36891198041485, -295.39394271113315, 469.2994781621371, -153.56443358449224, 387.28981373242596, 369.96513718039705, 362.3944174102494]
Time
5.554652690887451
