The result for the 0th execution is
Query Result
[3116.0, 3133.0, 3058.0, 3107.0, 3174.0, 3175.0, 3116.0, 3111.0, 2986.0, 3164.0, 3118.0, 3038.0, 3209.0, 3155.0, 3259.0, 3239.0, 3117.0, 2979.0, 3003.0, 3192.0, 3209.0, 3208.0, 3036.0, 3062.0, 3102.0, 2956.0, 3073.0, 3128.0, 3244.0, 3038.0, 3127.0, 3037.0, 3047.0, 3087.0, 3158.0, 3152.0, 3036.0, 2994.0, 3101.0, 3226.0, 3025.0, 3152.0, 3089.0, 3001.0, 3036.0, 2980.0, 3028.0, 3210.0, 3170.0, 3209.0]
Noised Result
[-796.6893917766934, -1348.173079939785, -2583.7852507723182, -1942.8097100320838, -1133.8103530932017, -1028.6843505889115, -1260.8134281652833, -1337.3646961325267, -1887.4724327879167, -1504.7603494090422, -1101.7645596550497, -1648.3425504936527, -664.8949392470954, -505.1558458156842, -1335.3420152424737, -1177.1802226437667, -1061.0386552714099, -1138.5794391370414, -1687.9180067093653, -1385.2284585534408, -1095.9951023241415, -1537.8421834582796, -642.0140684169774, -1531.7715120615862, -1358.3478690991788, -1317.6052652347003, -1702.7925077462178, -2095.715490581527, -1328.8603800716264, -1677.4329150309409, -1972.6851903907773, -876.0294589851965, -1764.8291023360525, -2264.1673829884066, -1499.5154504645684, -1251.5311711182594, -1956.779451743977, -493.60694222571874, -1205.5561130101755, -1533.4525998107174, -2745.7446548203807, -1539.4224111876192, -1966.6028646595669, -1451.693135351613, -1145.2471591128829, -704.1261589581582, -2455.0304341532355, -1396.8390803757966, -3089.0055934061675, -1496.958066518213]
Time
5.41366720199585
The result for the 1th execution is
Query Result
[3116.0, 3133.0, 3058.0, 3107.0, 3174.0, 3175.0, 3116.0, 3111.0, 2986.0, 3164.0, 3118.0, 3038.0, 3209.0, 3155.0, 3259.0, 3239.0, 3117.0, 2979.0, 3003.0, 3192.0, 3209.0, 3208.0, 3036.0, 3062.0, 3102.0, 2956.0, 3073.0, 3128.0, 3244.0, 3038.0, 3127.0, 3037.0, 3047.0, 3087.0, 3158.0, 3152.0, 3036.0, 2994.0, 3101.0, 3226.0, 3025.0, 3152.0, 3089.0, 3001.0, 3036.0, 2980.0, 3028.0, 3210.0, 3170.0, 3209.0]
Noised Result
[-1586.0815389950658, -2181.485966624723, -55.9374245549011, -465.84203648518815, -1297.8016842245293, -1559.0981014020358, -1799.1933621927856, -1531.0844021978887, -1286.40961504991, -1420.060638932638, -1606.7524960242636, -2212.495822582554, -1363.6662755902498, -1846.5028501188444, -1487.8542201212867, -2882.715354420183, -1767.691025509087, -1203.5985410609183, -1650.378464603854, -1749.6460142830583, -2016.4506357006376, -1206.577780944132, -2006.7616719987745, -2622.2964186569125, -1959.7820788052431, -2435.0454102798794, -1724.8887853217088, -1332.5763941775817, -1519.0360138134838, -1618.9860928972662, -1179.408024725722, -1860.1186307327707, -1514.1203126812452, -1458.2121595237504, -1137.3201885119597, -882.7995910026248, -1460.051984581105, -2170.51222768519, -1429.7496008485155, -1808.6704546160126, -1507.174315563063, -810.4871952767735, -2664.2327568495575, -2454.593161165647, -3617.257976435061, -2471.040401383285, -1161.426058577269, -2398.220599147726, -1328.3073020759152, -1294.8559882365666]
Time
5.42191481590271
The result for the 2th execution is
Query Result
[3116.0, 3133.0, 3058.0, 3107.0, 3174.0, 3175.0, 3116.0, 3111.0, 2986.0, 3164.0, 3118.0, 3038.0, 3209.0, 3155.0, 3259.0, 3239.0, 3117.0, 2979.0, 3003.0, 3192.0, 3209.0, 3208.0, 3036.0, 3062.0, 3102.0, 2956.0, 3073.0, 3128.0, 3244.0, 3038.0, 3127.0, 3037.0, 3047.0, 3087.0, 3158.0, 3152.0, 3036.0, 2994.0, 3101.0, 3226.0, 3025.0, 3152.0, 3089.0, 3001.0, 3036.0, 2980.0, 3028.0, 3210.0, 3170.0, 3209.0]
Noised Result
[-1605.8760543543494, -78.06418365032914, -720.652321408772, -1948.4468022833798, -902.2839231376929, -2523.020758018207, -1539.1683029955725, -2533.8145297365, -1759.5454379450857, -1516.0105429853434, -1873.5691470032825, -1635.2951119764289, 214.4975596496688, -1124.837612894135, -887.4676921353775, -1314.31318787201, -1910.8959539083116, -1051.2639046106933, -1368.2256860198818, -1755.4820116030924, -932.4013967047426, -1560.2209243951506, -1019.0595070753334, -914.8845489084597, -2015.7482082524266, -1864.98244306392, -1313.981882310829, -1595.825964171982, -1722.0303435881797, -1396.098565258003, -2243.048427185753, -1242.5155696799156, -1086.445212356296, -2621.994757694599, -1483.6698740072752, -1021.5703891485168, -2067.990213953739, -1987.4619899996605, -1577.672880091317, -1337.5863492711314, -1286.3132947501072, -1146.213414891543, -441.42460847087204, -1686.2886980934768, -1838.9664140864234, -1011.0491510984502, -1660.9478487187112, -633.2929373934153, -2095.102973196078, -1962.2762379346232]
Time
5.482962608337402
The result for the 3th execution is
Query Result
[3116.0, 3133.0, 3058.0, 3107.0, 3174.0, 3175.0, 3116.0, 3111.0, 2986.0, 3164.0, 3118.0, 3038.0, 3209.0, 3155.0, 3259.0, 3239.0, 3117.0, 2979.0, 3003.0, 3192.0, 3209.0, 3208.0, 3036.0, 3062.0, 3102.0, 2956.0, 3073.0, 3128.0, 3244.0, 3038.0, 3127.0, 3037.0, 3047.0, 3087.0, 3158.0, 3152.0, 3036.0, 2994.0, 3101.0, 3226.0, 3025.0, 3152.0, 3089.0, 3001.0, 3036.0, 2980.0, 3028.0, 3210.0, 3170.0, 3209.0]
Noised Result
[-1647.8191149479562, -1505.6066847989277, -1596.3784285532988, -1885.7818768435081, -995.6979068947621, -1612.7112867205087, -1561.950072731479, -1957.1558067950054, -1474.632447633141, -1376.3368578882805, -1560.6434700594841, -1138.2653401417087, -2.412829042379144, -1514.2657951149076, -1525.5302729985247, -1361.278347448057, -2090.8973188191176, -1118.8138237463659, -1724.3518037217918, -1259.4321425932098, -1904.9236123641767, -1652.3940144247385, 165.65812725975502, -1978.6594511726335, -1683.7771272566051, -1913.5397880626588, -1084.003167813018, -1899.2722809980041, -2282.5833506755853, -1567.9086571291614, -1796.8932361659708, -1837.6755433512672, -1774.4604731065783, -1629.4906288432635, -1134.9629132935725, -1589.5408594005967, -1830.3303231807095, -2241.1423976898723, -2100.8431186480075, -1478.0525233426602, -1017.7447287213772, -1673.1458471209498, -1385.1759229024988, -2482.6375916248207, -449.72925290984585, -1891.0501993855987, -2387.317982894727, -523.8903823128835, -1312.0943688398165, -971.8913068761676]
Time
5.5324742794036865
The result for the 4th execution is
Query Result
[3116.0, 3133.0, 3058.0, 3107.0, 3174.0, 3175.0, 3116.0, 3111.0, 2986.0, 3164.0, 3118.0, 3038.0, 3209.0, 3155.0, 3259.0, 3239.0, 3117.0, 2979.0, 3003.0, 3192.0, 3209.0, 3208.0, 3036.0, 3062.0, 3102.0, 2956.0, 3073.0, 3128.0, 3244.0, 3038.0, 3127.0, 3037.0, 3047.0, 3087.0, 3158.0, 3152.0, 3036.0, 2994.0, 3101.0, 3226.0, 3025.0, 3152.0, 3089.0, 3001.0, 3036.0, 2980.0, 3028.0, 3210.0, 3170.0, 3209.0]
Noised Result
[-1140.2215601307244, -2199.0957584694133, -1573.4601004376213, -1822.515218249775, -580.0654180856136, -1896.1255571675438, -3104.5736145377505, -1722.565713828697, -1542.8398127337246, -2369.676723734163, -1546.7421905674983, -2341.211428720747, -1964.4009986398305, -1101.004888499072, -1237.745886363074, -1348.4968258175131, -2341.7082397649183, -2392.0314641492223, -1307.116401593123, -1081.4822185424669, -1279.2967863104368, -1382.6664905455436, -2850.2118513329833, -1497.4692140774382, -1455.770531014016, -2402.3462619506563, -1489.5169178367637, -1603.1047229222586, -1035.9291281167016, -1058.9951837588696, -1531.5951714178973, -674.0293300881008, -980.8827292211554, -2323.850914841145, -196.2285860310767, -673.1133301615937, -1621.332429594408, -939.1001163240599, -984.5537284225175, -1237.7727608328332, -1856.869059123157, -923.4160471940395, -1583.8751181582484, -1676.4307098032841, -961.2141137872645, -2751.5999295729534, -1670.6472753742096, -1312.4383392181226, -1721.2684836978333, -1369.1836399391777]
Time
5.402529239654541
The result for the 5th execution is
Query Result
[3116.0, 3133.0, 3058.0, 3107.0, 3174.0, 3175.0, 3116.0, 3111.0, 2986.0, 3164.0, 3118.0, 3038.0, 3209.0, 3155.0, 3259.0, 3239.0, 3117.0, 2979.0, 3003.0, 3192.0, 3209.0, 3208.0, 3036.0, 3062.0, 3102.0, 2956.0, 3073.0, 3128.0, 3244.0, 3038.0, 3127.0, 3037.0, 3047.0, 3087.0, 3158.0, 3152.0, 3036.0, 2994.0, 3101.0, 3226.0, 3025.0, 3152.0, 3089.0, 3001.0, 3036.0, 2980.0, 3028.0, 3210.0, 3170.0, 3209.0]
Noised Result
[-1651.3080872652108, -1271.1231484352038, -1679.447053123, -1597.6245311039697, -1420.599613065141, -1273.4071190510117, -1375.745299783655, -1426.5969939098932, -1546.0472687588676, -1277.921538733984, -115.36379390741786, -1632.8918830833536, -1454.2984775548348, -1832.4876187581795, -2752.0927452051747, -1042.604858173815, -1612.0961072521977, -340.5844476568782, -1798.5315721250745, -1319.5828207008208, -1379.5256799399112, -1420.1335060954016, -1150.2263853398767, -191.37700323625268, -1621.1941748774666, -1335.5279899000816, -1603.022347823197, -1471.1664411686293, -920.9094015495289, -1893.6885129257735, -1895.0206703340427, -1737.8508119468347, -2515.846453265938, -1394.3427244528962, -962.636851777549, -1846.9544480144705, -1475.7716125282832, -1573.765198140552, -1435.8464434360044, -505.6188963647405, -1511.7394907814469, -1556.887169972205, -1419.2192901244393, -1547.249803941194, -1060.9547620995108, -2233.9663724526226, -1528.4344687050898, -2451.5974789902675, -1385.2764444098243, -1140.1889776741623]
Time
5.451754808425903
The result for the 6th execution is
Query Result
[3116.0, 3133.0, 3058.0, 3107.0, 3174.0, 3175.0, 3116.0, 3111.0, 2986.0, 3164.0, 3118.0, 3038.0, 3209.0, 3155.0, 3259.0, 3239.0, 3117.0, 2979.0, 3003.0, 3192.0, 3209.0, 3208.0, 3036.0, 3062.0, 3102.0, 2956.0, 3073.0, 3128.0, 3244.0, 3038.0, 3127.0, 3037.0, 3047.0, 3087.0, 3158.0, 3152.0, 3036.0, 2994.0, 3101.0, 3226.0, 3025.0, 3152.0, 3089.0, 3001.0, 3036.0, 2980.0, 3028.0, 3210.0, 3170.0, 3209.0]
Noised Result
[-2068.9347256668216, -1186.8910280805508, -888.9467489597423, -1301.5767822829866, -1320.0504590450332, -1391.522870364383, -2079.3020756562273, -2448.5522934901255, -1657.5679461783266, -983.6221167069798, -1274.3219003430854, -254.76884768373566, -1652.8872991571188, -793.6140280951549, -2185.973089747051, -1356.1916570322087, -1628.536773788166, -1838.0288336509348, -1559.4224444464044, -1456.7052990236466, -1469.8837114993307, -2145.353942539695, -1832.336059160888, -1350.3445272697036, -1629.1573592159148, -1889.1277422768107, -1043.9912774237887, -2788.965312551637, -1134.3147231455773, -1510.176363105827, -926.7948901695345, -1893.9633278534857, -1476.1991111112657, -1762.277635706897, -370.76968130414207, -1390.0869295560187, -2944.4208653171227, -1935.4039726062438, -1430.8435774944032, -2789.600523058126, -1326.9487103097163, -1606.237955315733, -1753.2097770404825, -2397.4129600022698, -2256.5305190583804, -1746.6170738211154, -1185.478555605814, -1887.683084316267, 330.33878564130373, -2704.807861224608]
Time
5.527275800704956
The result for the 7th execution is
Query Result
[3116.0, 3133.0, 3058.0, 3107.0, 3174.0, 3175.0, 3116.0, 3111.0, 2986.0, 3164.0, 3118.0, 3038.0, 3209.0, 3155.0, 3259.0, 3239.0, 3117.0, 2979.0, 3003.0, 3192.0, 3209.0, 3208.0, 3036.0, 3062.0, 3102.0, 2956.0, 3073.0, 3128.0, 3244.0, 3038.0, 3127.0, 3037.0, 3047.0, 3087.0, 3158.0, 3152.0, 3036.0, 2994.0, 3101.0, 3226.0, 3025.0, 3152.0, 3089.0, 3001.0, 3036.0, 2980.0, 3028.0, 3210.0, 3170.0, 3209.0]
Noised Result
[-1435.6667632000258, -2281.0072944984477, -1264.051223374685, -1635.3249689416557, -1592.9758217136769, -839.0967476066144, -2655.4001994327928, -1633.2223850607825, -1698.6423159082233, -1855.3749068347952, -1515.3041132070516, -1000.2978994140481, -1355.0864914488052, -1289.171382972003, -796.3177169631049, -1025.321846645717, -1348.3775347254, -3707.5463570536695, -1743.3162433034763, -1693.9013440744611, -578.1129109816657, -1632.044485259325, -1767.1453719473539, 333.57315745962933, -923.3410762593949, -2158.6236748483198, -2922.649379175564, -1600.7249319040625, -2405.1854846916303, -2541.883853610043, -1478.1885862142863, -1480.1870924447976, -1374.5432053908712, -1821.7507740325873, -1367.821504170171, -793.508832450224, -1555.5247731307495, -1773.8529791762412, -29.838040697170072, -1425.2258699307972, -1450.401754283529, -2255.883830609211, -1000.0994515974048, -902.480822312752, -2052.915619565967, -1835.5509219740397, -1826.612744576174, -592.9570676475882, -484.4461989362858, -1632.9968894086605]
Time
5.4938743114471436
The result for the 8th execution is
Query Result
[3116.0, 3133.0, 3058.0, 3107.0, 3174.0, 3175.0, 3116.0, 3111.0, 2986.0, 3164.0, 3118.0, 3038.0, 3209.0, 3155.0, 3259.0, 3239.0, 3117.0, 2979.0, 3003.0, 3192.0, 3209.0, 3208.0, 3036.0, 3062.0, 3102.0, 2956.0, 3073.0, 3128.0, 3244.0, 3038.0, 3127.0, 3037.0, 3047.0, 3087.0, 3158.0, 3152.0, 3036.0, 2994.0, 3101.0, 3226.0, 3025.0, 3152.0, 3089.0, 3001.0, 3036.0, 2980.0, 3028.0, 3210.0, 3170.0, 3209.0]
Noised Result
[-1225.3755473799984, -1458.9504370743798, -1285.6892587277916, -1466.0516785613158, -1946.8661692900105, -1386.2400937383213, -1105.4122077867169, -1752.5701603534135, -1503.2735919429615, -1805.1147612927307, -1527.2743959364993, -1578.4621304040265, -771.7462122215506, -1801.1748667987931, -790.4465005687862, -879.2892570376298, -1444.3907803649777, -1300.5977454945505, -3398.8096192761586, -1192.1553855997531, -1571.554386037867, -689.6217464757119, -1505.0354735031965, -1607.7669685546898, 306.31680522815805, -1995.7099373654073, -2096.5262669342737, -1256.8879116256085, 71050.86356177006, -1675.9550305257317, -347.2773036821736, -1045.7865182347864, -1788.3001919753278, -1425.6933893748396, -1267.9885671726674, -1597.5419974699912, -36.54293826017738, -1783.9409301717205, -3725.8254172235247, -2216.9245184798583, -1057.9550316880432, -972.9958386067301, -955.0815402392227, -1409.1198495460271, -1187.3765400025104, -1568.49158104869, -1704.6178632681358, -2027.148747148146, -1119.406891952236, -1292.882686822123]
Time
5.517742872238159
The result for the 9th execution is
Query Result
[3116.0, 3133.0, 3058.0, 3107.0, 3174.0, 3175.0, 3116.0, 3111.0, 2986.0, 3164.0, 3118.0, 3038.0, 3209.0, 3155.0, 3259.0, 3239.0, 3117.0, 2979.0, 3003.0, 3192.0, 3209.0, 3208.0, 3036.0, 3062.0, 3102.0, 2956.0, 3073.0, 3128.0, 3244.0, 3038.0, 3127.0, 3037.0, 3047.0, 3087.0, 3158.0, 3152.0, 3036.0, 2994.0, 3101.0, 3226.0, 3025.0, 3152.0, 3089.0, 3001.0, 3036.0, 2980.0, 3028.0, 3210.0, 3170.0, 3209.0]
Noised Result
[-1375.5905693253662, -1327.4455499597034, -1143.6702684301695, -1725.1606664169585, -2173.0854847681076, -1514.3303502865551, -2092.631554973077, -1381.9382158354251, -1025.1525062293813, -2346.8638196336206, -1137.1596179041594, -2093.414282105162, -1230.05549116667, -1180.287134774424, -2430.186537704115, -814.6348054890282, -1017.2795744512373, -1293.453593252279, -1039.7768586109974, -2999.8826613368874, -1151.9548263251104, -1028.0631370622464, -367.53115844116564, -1316.4198528992133, -946.3725864130147, -1628.4744757874269, -1119.2561414726852, -2672.306840685218, -1577.2478907207437, -1362.744059793507, -1969.8935053765545, -982.7549040149306, -1442.7586332803867, -1195.3441640434685, -614.7114591622458, -416.23413092184273, -1034.1741113079029, -2044.298597160344, -744.4012450183532, -188.12381617800656, -1276.4841293571899, -852.1847479141798, -1445.4583164356868, -1806.20437297842, -1804.0808928604001, -2141.8024393882524, -1406.4791141760243, -2664.3690432880503, -2756.0644062338806, -2232.8530828879057]
Time
5.462838172912598
The result for the 10th execution is
Query Result
[3116.0, 3133.0, 3058.0, 3107.0, 3174.0, 3175.0, 3116.0, 3111.0, 2986.0, 3164.0, 3118.0, 3038.0, 3209.0, 3155.0, 3259.0, 3239.0, 3117.0, 2979.0, 3003.0, 3192.0, 3209.0, 3208.0, 3036.0, 3062.0, 3102.0, 2956.0, 3073.0, 3128.0, 3244.0, 3038.0, 3127.0, 3037.0, 3047.0, 3087.0, 3158.0, 3152.0, 3036.0, 2994.0, 3101.0, 3226.0, 3025.0, 3152.0, 3089.0, 3001.0, 3036.0, 2980.0, 3028.0, 3210.0, 3170.0, 3209.0]
Noised Result
[-1491.8414694880603, -1553.729621708725, -1780.7530050323767, -1740.6516076251528, -1327.9381195626856, -757.0667540478762, -1638.7535615505599, -1274.7798311708816, -1447.110321349921, -1442.31361883225, -1495.1134281437512, -1513.4333004665255, -1207.2106313517952, -1541.146787455556, -1789.1123650213176, -1348.8905554313578, -1595.9042924595578, -1308.145533710218, -1574.0188591519504, -1427.9886717474938, -1111.3925101993286, -1326.810123023211, -3511.054184442438, -1310.0650348930858, -1892.771017339558, -1640.26857748053, -1450.4165579935448, -1659.7243451645472, -1215.465219183568, -868.0020825459246, -1238.4905314010462, -976.0127456840437, -2459.8653591013863, -1102.6528493921742, -1298.8435313999898, -2183.840485893361, -3121.4437278164633, -1335.1580063628448, -1255.6542545046086, -611.6718346183443, -1527.771981974669, -984.6087708730565, -1308.2691585293228, -1124.8452302116589, -1626.6657901252452, -1164.9129322335457, -2021.6787717337593, -399.05844854108454, -2139.774578223898, -2105.889917188537]
Time
5.4414050579071045
The result for the 11th execution is
Query Result
[3116.0, 3133.0, 3058.0, 3107.0, 3174.0, 3175.0, 3116.0, 3111.0, 2986.0, 3164.0, 3118.0, 3038.0, 3209.0, 3155.0, 3259.0, 3239.0, 3117.0, 2979.0, 3003.0, 3192.0, 3209.0, 3208.0, 3036.0, 3062.0, 3102.0, 2956.0, 3073.0, 3128.0, 3244.0, 3038.0, 3127.0, 3037.0, 3047.0, 3087.0, 3158.0, 3152.0, 3036.0, 2994.0, 3101.0, 3226.0, 3025.0, 3152.0, 3089.0, 3001.0, 3036.0, 2980.0, 3028.0, 3210.0, 3170.0, 3209.0]
Noised Result
[-1717.6651505824611, -1265.609702925275, -1386.606197651403, -1442.173783789875, -1901.8240446519276, -1498.3944685972592, -2160.5319757365087, -1270.2116965835944, -1077.144654267816, -810.4182666824458, -2726.4307768662247, 540.3661838036055, -967.3602149712688, -16.952273248359234, -597.798916064582, -895.3248323947273, -1334.0940446502213, -1583.9907587695025, -1090.9681758237575, -1206.2455717060861, -2063.566108605796, -2282.2993086649703, -1123.9695754067352, -1218.245648489236, -1610.8833853384813, -2254.433540483352, -1304.8015548772737, -639.1382345039624, -1570.105144893203, -1312.6157574351578, -2320.8440013737036, -1368.9971170853605, -1756.916115905069, -1092.4374570201535, -1215.42702192453, -615.2090550392509, -1755.6657301477358, -1820.3887606909639, -1307.516818051764, -1510.1469830965839, -2733.837697240061, -1071.9314943361246, -849.1543029886861, -676.8665178835731, -1406.6253100455424, -786.2873622670459, -1793.7372379076814, -1269.2682063924253, -1300.7729722417644, -1239.882992042817]
Time
5.306614875793457
The result for the 12th execution is
Query Result
[3116.0, 3133.0, 3058.0, 3107.0, 3174.0, 3175.0, 3116.0, 3111.0, 2986.0, 3164.0, 3118.0, 3038.0, 3209.0, 3155.0, 3259.0, 3239.0, 3117.0, 2979.0, 3003.0, 3192.0, 3209.0, 3208.0, 3036.0, 3062.0, 3102.0, 2956.0, 3073.0, 3128.0, 3244.0, 3038.0, 3127.0, 3037.0, 3047.0, 3087.0, 3158.0, 3152.0, 3036.0, 2994.0, 3101.0, 3226.0, 3025.0, 3152.0, 3089.0, 3001.0, 3036.0, 2980.0, 3028.0, 3210.0, 3170.0, 3209.0]
Noised Result
[-1484.017853965022, -1606.322607261939, -1661.59958010615, -1421.7642054123603, -1850.1040562017743, -1592.5003653147646, 226.4834639506089, -2090.721948598254, -1809.0036518971547, -1737.678120000559, -1804.8358971772013, -1827.3456064743214, -1554.628610398198, 42.27380573771552, -1718.525591124605, -2006.5218947226022, -976.9674446319045, -1796.1812593059585, -1362.8652257658882, 165.3640544923378, -1311.9714449925782, -2719.025067217208, -1802.7595957195317, -1784.5325269025589, -1433.1705763867226, -1738.2540751086276, -1618.9652457950815, -1624.2729934567847, -1491.6555029637016, -1253.7983289499766, -1201.8502753463545, -1753.680285583327, 32734.496163731907, -1593.65669727679, -1780.9755405136175, -1291.953301693737, -1376.235813517811, -2028.1544536753754, -1520.5684372746286, -1557.4468522937, -1899.70840940159, -2065.0087304262806, -1658.0141301362146, -883.9188117350968, -3227.030845604955, -1400.5877970210472, -4196.50095740783, -1510.9811879279082, -2532.78158600222, -1380.6666123315504]
Time
5.4568750858306885
The result for the 13th execution is
Query Result
[3116.0, 3133.0, 3058.0, 3107.0, 3174.0, 3175.0, 3116.0, 3111.0, 2986.0, 3164.0, 3118.0, 3038.0, 3209.0, 3155.0, 3259.0, 3239.0, 3117.0, 2979.0, 3003.0, 3192.0, 3209.0, 3208.0, 3036.0, 3062.0, 3102.0, 2956.0, 3073.0, 3128.0, 3244.0, 3038.0, 3127.0, 3037.0, 3047.0, 3087.0, 3158.0, 3152.0, 3036.0, 2994.0, 3101.0, 3226.0, 3025.0, 3152.0, 3089.0, 3001.0, 3036.0, 2980.0, 3028.0, 3210.0, 3170.0, 3209.0]
Noised Result
[-745.0230698326536, -637.8876963887114, -1513.5722683526164, -693.3707484697638, -1518.4132838549613, -107.75221807935259, -553.0782350043464, -1517.2368914445692, -2132.7219212361306, -1660.0911423909988, -1851.364303244818, -1590.793775990142, -1251.544667431081, -1766.545743583847, -2395.035775721015, -1042.3144324997438, -1450.4777327164425, -1497.8296161174417, -1476.8828115912202, -2084.0965215586966, -1280.758884452906, -834.7859839260254, -1838.8758966219275, -1006.1302753030059, -1366.1178384990558, -1842.9134078102134, -364.2079916742932, -2484.296590133342, -2485.5713647236, -1384.0019723756332, -1197.3049193414777, -1339.6308008010328, -2134.784391326486, -2095.54774107098, -946.0227914941697, -1567.362563275889, -1358.1128420939367, -1994.8562904495966, -1306.0004684079904, -2128.449294402876, -1176.955756510887, -1318.0397321491141, -1277.347283236401, -1453.2866306015462, -2056.452808457302, -1331.277960913978, -854.8105173018225, -1267.3396850654426, -1641.1270074867866, -1602.1576844329852]
Time
5.4644036293029785
The result for the 14th execution is
Query Result
[3116.0, 3133.0, 3058.0, 3107.0, 3174.0, 3175.0, 3116.0, 3111.0, 2986.0, 3164.0, 3118.0, 3038.0, 3209.0, 3155.0, 3259.0, 3239.0, 3117.0, 2979.0, 3003.0, 3192.0, 3209.0, 3208.0, 3036.0, 3062.0, 3102.0, 2956.0, 3073.0, 3128.0, 3244.0, 3038.0, 3127.0, 3037.0, 3047.0, 3087.0, 3158.0, 3152.0, 3036.0, 2994.0, 3101.0, 3226.0, 3025.0, 3152.0, 3089.0, 3001.0, 3036.0, 2980.0, 3028.0, 3210.0, 3170.0, 3209.0]
Noised Result
[-1631.800379264505, -1089.257084489122, -1368.6271623760322, -921.8508345050536, -1221.4067710777167, -1781.6047642540289, -1506.3461258593766, -829.1235580812163, -4267.01838833657, -2329.2499949408975, -1226.8861326849906, -1444.1932040184474, -1568.9707809438214, -1092.7387272276997, -2493.7947696981955, -984.8062789075889, -1718.1854814629905, -2378.4946832635633, -1453.438047942615, -1794.9871720600113, -1219.3471641452584, -1392.2910165258686, -3417.428288006815, -1280.5041368908596, -2768.932304497157, -1453.0809933379846, -1702.7273613782595, -1145.5628272912886, -1350.9800718914357, -961.9556866606972, -2711.36512436074, -1658.4556567166364, -2251.7910283359734, -1353.6029380485952, -1253.041507235942, -177.35856203644744, -995.2217652968307, -2756.3146695090018, -1380.6669400816158, -1753.2174583496462, -1384.784259798149, -1709.8358492442649, -2100.0916806044725, -1250.215311668745, -1249.5793130148481, -1502.9551143814324, -970.8075263597602, -1540.2098524153375, -1291.6692138237563, -1690.181662503227]
Time
5.5002760887146
The result for the 15th execution is
Query Result
[3116.0, 3133.0, 3058.0, 3107.0, 3174.0, 3175.0, 3116.0, 3111.0, 2986.0, 3164.0, 3118.0, 3038.0, 3209.0, 3155.0, 3259.0, 3239.0, 3117.0, 2979.0, 3003.0, 3192.0, 3209.0, 3208.0, 3036.0, 3062.0, 3102.0, 2956.0, 3073.0, 3128.0, 3244.0, 3038.0, 3127.0, 3037.0, 3047.0, 3087.0, 3158.0, 3152.0, 3036.0, 2994.0, 3101.0, 3226.0, 3025.0, 3152.0, 3089.0, 3001.0, 3036.0, 2980.0, 3028.0, 3210.0, 3170.0, 3209.0]
Noised Result
[-1351.6199555634207, -1449.7773760370942, -1072.8229265425648, -1147.832827350161, -1256.5713366623754, -1427.2260358485446, -1796.793460493146, -387.626451492853, -1812.03307209357, -3061.464924137923, -1083.686229872731, -158.2818041339783, -1521.9890936434622, -1319.953458329967, -158.92425595533996, -1256.044231648606, -1452.3320330475017, -1743.8263267540297, -2477.7798140644363, -1307.8020074777437, -1167.1006397718493, -1477.065680578798, -1250.7041477016537, -1362.9502037499587, -357.3687386356705, -1474.4485403489712, -1001.4124090169889, -1745.6784222203105, -665.2126562657572, -1747.221254141166, -1410.2436143828363, -1562.8410411816922, -2704.202451500474, -1769.1373756010016, -1631.1512813153308, -1499.8515029719688, -1733.1511122287525, -2205.2879941983374, -1373.2634771561798, -1335.9261228073833, -1269.3006746309652, -1672.991750238918, -1769.5967783704145, -804.0747741311684, -2253.4963166720336, -1181.010547577021, -2055.2322252976155, -1635.1957850942044, -2388.2553600256324, -1167.6698463410244]
Time
5.339409112930298
The result for the 16th execution is
Query Result
[3116.0, 3133.0, 3058.0, 3107.0, 3174.0, 3175.0, 3116.0, 3111.0, 2986.0, 3164.0, 3118.0, 3038.0, 3209.0, 3155.0, 3259.0, 3239.0, 3117.0, 2979.0, 3003.0, 3192.0, 3209.0, 3208.0, 3036.0, 3062.0, 3102.0, 2956.0, 3073.0, 3128.0, 3244.0, 3038.0, 3127.0, 3037.0, 3047.0, 3087.0, 3158.0, 3152.0, 3036.0, 2994.0, 3101.0, 3226.0, 3025.0, 3152.0, 3089.0, 3001.0, 3036.0, 2980.0, 3028.0, 3210.0, 3170.0, 3209.0]
Noised Result
[-1136.8634368256126, -1679.618688325474, -1193.6684203705095, 5752715.203947224, -1655.6478507443435, -440.64722402363077, -1303.0912573541518, -1407.303496061871, -1663.8468993543738, -1233.5337220943616, -1758.5703020729916, -927.4276265612152, -1378.7043549950658, -1217.0752332596062, -1257.2982415118158, -1116.2734434628464, -1944.3048864354805, -2276.6972867687264, -1661.4866634540213, -1463.609578477131, -1035.2106116785517, -630.8501965368737, -1684.58017835705, -2145.495955081881, -2365.9702992330976, -1380.4304245498147, -1669.3845853123566, -1294.6612023001294, -1562.6546009638382, -1479.3833966348875, -1521.6712120657407, -1484.3909668530437, -1203.4031065846698, -1379.669027244082, -1405.4480446883804, -2018.6933996399393, -2275.765887393095, -1412.997105059042, -2688.9516343787654, -1446.1270045313654, -1762.9091895721322, -1190.3242432942802, -819.7455199992501, -1243.5827715139299, -1695.1194652415197, 335.7541980677911, -737.893640326763, -1671.9519145403856, -1048.2903541877995, -2838.5121239431437]
Time
5.453784704208374
The result for the 17th execution is
Query Result
[3116.0, 3133.0, 3058.0, 3107.0, 3174.0, 3175.0, 3116.0, 3111.0, 2986.0, 3164.0, 3118.0, 3038.0, 3209.0, 3155.0, 3259.0, 3239.0, 3117.0, 2979.0, 3003.0, 3192.0, 3209.0, 3208.0, 3036.0, 3062.0, 3102.0, 2956.0, 3073.0, 3128.0, 3244.0, 3038.0, 3127.0, 3037.0, 3047.0, 3087.0, 3158.0, 3152.0, 3036.0, 2994.0, 3101.0, 3226.0, 3025.0, 3152.0, 3089.0, 3001.0, 3036.0, 2980.0, 3028.0, 3210.0, 3170.0, 3209.0]
Noised Result
[-1443.9267347910468, -998.4324702465792, -1897.3170330999874, 180.19222291185224, -1144.7034959737603, -1447.1436909854833, -1266.6153734233326, -560.2417655813479, -1901.5624007247952, -1355.3091813424417, -1720.191970420663, -1908.6328965762596, -1428.415687315954, -1352.8047772395703, -1171.5828617227648, -1918.4046472974824, -1970.9966319772775, -1651.798072389865, -2029.7785631996794, -879.0072658502704, -1292.7927913587123, -1259.5396783470032, -1472.812490125522, -1775.1769664429776, -1305.0898096866867, -1921.953895650051, -1034.7618718045674, -1769.5937114729368, -1549.5108405837855, -1399.5226348149604, -1245.4054132974316, -1659.824823873288, -1125.8567309302416, -2047.3491998280633, -1831.045456821791, -885.078047304844, -1989.5091691798052, -1517.5654749409541, -310.44239017215887, -2631.8794850925315, -1194.5406081983629, -2693.0320818220735, -1869.2862321793627, -2300.7615945898915, -1540.7445051882064, -1581.344627359319, -1275.3255167141133, -1172.0068303864896, -1217.5355855532903, -275.77177273010693]
Time
5.4968695640563965
The result for the 18th execution is
Query Result
[3116.0, 3133.0, 3058.0, 3107.0, 3174.0, 3175.0, 3116.0, 3111.0, 2986.0, 3164.0, 3118.0, 3038.0, 3209.0, 3155.0, 3259.0, 3239.0, 3117.0, 2979.0, 3003.0, 3192.0, 3209.0, 3208.0, 3036.0, 3062.0, 3102.0, 2956.0, 3073.0, 3128.0, 3244.0, 3038.0, 3127.0, 3037.0, 3047.0, 3087.0, 3158.0, 3152.0, 3036.0, 2994.0, 3101.0, 3226.0, 3025.0, 3152.0, 3089.0, 3001.0, 3036.0, 2980.0, 3028.0, 3210.0, 3170.0, 3209.0]
Noised Result
[-2081.1618688723747, -1241.6225352703564, -739.4475968207057, -2427.3086909604217, -1021.2328440746796, -3100.8947771045478, -867.7495876856369, -1542.0881487892889, -2065.272088047457, -1292.8128245757644, -1839.1086356907863, -1355.243704779718, -1388.9666135891666, -905.5688685186074, -1080.8433139260392, -1428.9222398938227, -1407.3711220935757, -631.1464562663441, -1907.0354914566433, -1474.066933360671, -1362.2127347961246, -1221.8193673652058, -1824.1704179802546, -756.0142803832873, -1626.666524954228, -1542.472282826348, -777.4386244142438, -596.4807743507154, -199.89655629893332, -1853.3129508338807, -1441.182751313681, -1356.2512418190322, -1825.836336513381, -1426.4116189802698, -2027.212176252303, -1640.5002419931434, -1446.5310967790551, 235.21369392322822, -1998.0756776205426, -2215.0917943080476, -2394.8525621312147, -1442.5711764368907, -1523.3658074412915, -1766.6849386120498, -1440.882327592436, -1830.8653088098026, -951.0394991476837, -1758.8778864630412, -1152.9419614233466, -1939.5640797163787]
Time
5.42155909538269
The result for the 19th execution is
Query Result
[3116.0, 3133.0, 3058.0, 3107.0, 3174.0, 3175.0, 3116.0, 3111.0, 2986.0, 3164.0, 3118.0, 3038.0, 3209.0, 3155.0, 3259.0, 3239.0, 3117.0, 2979.0, 3003.0, 3192.0, 3209.0, 3208.0, 3036.0, 3062.0, 3102.0, 2956.0, 3073.0, 3128.0, 3244.0, 3038.0, 3127.0, 3037.0, 3047.0, 3087.0, 3158.0, 3152.0, 3036.0, 2994.0, 3101.0, 3226.0, 3025.0, 3152.0, 3089.0, 3001.0, 3036.0, 2980.0, 3028.0, 3210.0, 3170.0, 3209.0]
Noised Result
[-1638.0294792009668, -1303.0376936961748, 488.3873798041202, -959.403667592188, -1667.0056095319287, -251.93866365627036, -1493.043178529373, -1096.5051041240772, -3160.185332871465, -1793.7612309234264, 233.27962638856752, -2299.3742985062427, -1621.4904193184775, -1936.3413324905969, -450.5879061285141, -1606.9616582894828, -1354.668315812948, -2078.1766323853662, -1603.4052078787709, -1539.2619707716344, -1388.6136029824238, -1732.9895233963507, -2591.9504398013287, -1565.6582399371114, 92.87391021358599, -909.9577870254052, -940.2428853022443, -1611.635937354386, -1693.7627028899924, -818.6763548863883, -778.6982884767444, 454.4254682970534, -1962.5094499422048, -2363.45580592248, -1224.4657210815249, -874.8856045463281, -1299.6319534083746, -1851.9640183350875, -1177.342712226629, -2119.042223049375, -1196.3448585176393, -272.5289632447034, -1000.2381698860977, -1733.3575921942456, -1483.228740807841, -2579.6664108842424, -1235.7265877878085, -1156.708141075048, -1379.8601380468722, -2309.3671883958978]
Time
5.4047205448150635
