The result for the 0th execution is
Query Result
[80138.79435029996, 79743.98291689993, 80317.42073669983, 79817.2137292999, 113205.20168259957, 89626.0175539002, 83448.58103210009, 77137.1366778999, 90783.15146420026, 91081.314714, 94305.35741570001, 85596.77910119979, 84275.99529930022, 86434.52743999999, 75597.06361180004, 80048.32290129995, 70648.42375739984, 87963.24700679997, 74715.79117979997, 64856.33972049995, 84968.06064809991, 90817.87584010001, 73314.48733869994, 77413.91321649989, 78506.11331749991]
Noised Result
[-4676.8612699084715, -5826.660355739479, -4947.478386570643, -3309.0847903938347, -3986.28394255478, -3414.589605456441, -4855.158705544648, -5088.102171846325, -4641.609800677218, -4541.043648965659, -5136.367487252408, -4687.903162068885, -4151.00495065524, -4530.829353073741, -4699.603796826268, -4947.431629221455, -3766.2859954529254, -4177.082640285895, -4415.726021368082, -4818.678225350798, -4853.720023836742, -4437.983904971534, -4270.139784254979, -5069.056886603772, -4175.772515361346]
Time
4.557023048400879
The result for the 1th execution is
Query Result
[80138.79435029996, 79743.98291689993, 80317.42073669983, 79817.2137292999, 113205.20168259957, 89626.0175539002, 83448.58103210009, 77137.1366778999, 90783.15146420026, 91081.314714, 94305.35741570001, 85596.77910119979, 84275.99529930022, 86434.52743999999, 75597.06361180004, 80048.32290129995, 70648.42375739984, 87963.24700679997, 74715.79117979997, 64856.33972049995, 84968.06064809991, 90817.87584010001, 73314.48733869994, 77413.91321649989, 78506.11331749991]
Noised Result
[-4685.152485352478, -4664.475604096221, -6222.503794664492, -4825.854865860181, -3900.1442802386264, -4949.716354248125, -2221.8594573226337, -4403.419038635984, -6799.302669659015, -4865.578821455949, -3800.913150444903, -4545.89950378413, -4908.045386696436, -4725.223577630867, -5846.000438538262, -3944.4106396704956, -5227.701715481981, -5167.729359909846, -5292.98426615264, -3435.103002637463, -4335.264522522098, -9745.600616577944, -4746.036483237465, -4118.7901371618245, 140225.47596351808]
Time
4.444928884506226
The result for the 2th execution is
Query Result
[80138.79435029996, 79743.98291689993, 80317.42073669983, 79817.2137292999, 113205.20168259957, 89626.0175539002, 83448.58103210009, 77137.1366778999, 90783.15146420026, 91081.314714, 94305.35741570001, 85596.77910119979, 84275.99529930022, 86434.52743999999, 75597.06361180004, 80048.32290129995, 70648.42375739984, 87963.24700679997, 74715.79117979997, 64856.33972049995, 84968.06064809991, 90817.87584010001, 73314.48733869994, 77413.91321649989, 78506.11331749991]
Noised Result
[-4873.4841744123305, -4380.64766099042, -4728.033135845376, -3620.09662537609, -4243.672444350679, -5125.2492714199825, -3904.768788346878, -3543.5171892343687, -4205.841677807044, -4836.309520164514, -4246.9915576237745, -5618.76070101583, -4365.228065166285, -2940.6237183726394, -4814.069701837773, -5485.3020277381465, -4632.005718432458, -4216.034673122893, -4545.664044316694, -4848.36727316738, -4564.088184292177, -5204.529631774339, -3639.493476811661, -5061.752007448474, -3699.1870380107475]
Time
4.497776508331299
The result for the 3th execution is
Query Result
[80138.79435029996, 79743.98291689993, 80317.42073669983, 79817.2137292999, 113205.20168259957, 89626.0175539002, 83448.58103210009, 77137.1366778999, 90783.15146420026, 91081.314714, 94305.35741570001, 85596.77910119979, 84275.99529930022, 86434.52743999999, 75597.06361180004, 80048.32290129995, 70648.42375739984, 87963.24700679997, 74715.79117979997, 64856.33972049995, 84968.06064809991, 90817.87584010001, 73314.48733869994, 77413.91321649989, 78506.11331749991]
Noised Result
[-4316.203364093593, -4835.042351991536, -4525.092635882649, -4915.044644342301, -4399.043700231413, -3667.9898693694067, -5072.5701147774525, -5009.630181622139, -4991.69359722724, -4313.3754461030385, -4278.115512809899, -4919.9905623495615, -4768.103826719026, -5337.73788370575, -4935.985018669676, -3670.7844454252086, -4595.178763995693, -4124.875803557511, -4659.223897551938, -4591.796923501463, -3648.9400859761677, -5355.149777845798, -3943.088600521718, -4787.941900647405, -2898.553503120296]
Time
4.375180959701538
The result for the 4th execution is
Query Result
[80138.79435029996, 79743.98291689993, 80317.42073669983, 79817.2137292999, 113205.20168259957, 89626.0175539002, 83448.58103210009, 77137.1366778999, 90783.15146420026, 91081.314714, 94305.35741570001, 85596.77910119979, 84275.99529930022, 86434.52743999999, 75597.06361180004, 80048.32290129995, 70648.42375739984, 87963.24700679997, 74715.79117979997, 64856.33972049995, 84968.06064809991, 90817.87584010001, 73314.48733869994, 77413.91321649989, 78506.11331749991]
Noised Result
[-5241.837296881355, -5698.481410001303, -1085.7712920604445, -6214.702648040352, -5048.823243031098, -4947.375133855155, -4540.102578468959, -5178.550536006924, -4357.428887103799, -4131.488590597349, -4630.003473726707, -4522.75621647028, -3821.9197816707306, -2990.3413490090934, -4759.552972868692, -4829.471004820602, -3806.7040207523837, -4812.476482695125, -4581.026197523945, -5553.411902655331, -4970.7109894927025, -4869.113397904482, -4152.088136246743, -4874.161366518553, -5351.386065264191]
Time
4.369616270065308
The result for the 5th execution is
Query Result
[80138.79435029996, 79743.98291689993, 80317.42073669983, 79817.2137292999, 113205.20168259957, 89626.0175539002, 83448.58103210009, 77137.1366778999, 90783.15146420026, 91081.314714, 94305.35741570001, 85596.77910119979, 84275.99529930022, 86434.52743999999, 75597.06361180004, 80048.32290129995, 70648.42375739984, 87963.24700679997, 74715.79117979997, 64856.33972049995, 84968.06064809991, 90817.87584010001, 73314.48733869994, 77413.91321649989, 78506.11331749991]
Noised Result
[-4184.267910358719, -5563.804069550348, -4695.835320433736, -5818.004087662196, -4182.2294404930535, -5310.61568461615, -4683.414030020497, -4772.7092349392005, -5149.360618462249, -2515.751132503287, -5032.642741975063, -5226.237660837202, -4107.4275564035925, -4443.205150574813, -6369.15498523367, -4690.327301093015, -4729.943789865705, -5103.37160484852, -4191.138033310144, -4901.119951464109, -3884.2664739232496, -4821.152280008302, -5076.1866628631715, -4890.226010648654, -7767.279194502898]
Time
4.531532049179077
The result for the 6th execution is
Query Result
[80138.79435029996, 79743.98291689993, 80317.42073669983, 79817.2137292999, 113205.20168259957, 89626.0175539002, 83448.58103210009, 77137.1366778999, 90783.15146420026, 91081.314714, 94305.35741570001, 85596.77910119979, 84275.99529930022, 86434.52743999999, 75597.06361180004, 80048.32290129995, 70648.42375739984, 87963.24700679997, 74715.79117979997, 64856.33972049995, 84968.06064809991, 90817.87584010001, 73314.48733869994, 77413.91321649989, 78506.11331749991]
Noised Result
[-4803.344712823436, -5838.769534445675, -4890.241566751279, -4114.538938808593, -4678.06439728139, -6337.721195225047, -4597.868815357522, -4702.1892743637545, -5414.659389880826, -4003.6852268330076, -5629.848552422348, -6138.481580338358, -4664.169596386841, -4636.876258368652, -5197.852151398332, -4938.3866777465255, -3924.3179382397366, -3019.0126635864353, -5049.649724651139, -3525.5845745556603, -4248.051468116933, -4843.45960185823, -4332.7795622708945, -4636.683026707187, -4786.44174003391]
Time
4.488696098327637
The result for the 7th execution is
Query Result
[80138.79435029996, 79743.98291689993, 80317.42073669983, 79817.2137292999, 113205.20168259957, 89626.0175539002, 83448.58103210009, 77137.1366778999, 90783.15146420026, 91081.314714, 94305.35741570001, 85596.77910119979, 84275.99529930022, 86434.52743999999, 75597.06361180004, 80048.32290129995, 70648.42375739984, 87963.24700679997, 74715.79117979997, 64856.33972049995, 84968.06064809991, 90817.87584010001, 73314.48733869994, 77413.91321649989, 78506.11331749991]
Noised Result
[-4512.828209685557, -4744.6137774584595, -5327.958831915352, -4280.351361411301, -5186.1841138852005, -6007.351423314289, -5804.275772296354, -2371.4616939099574, -4769.179386758596, -4358.990522768729, -4614.4001030430145, -3972.484489638641, -4098.831320499352, -4726.2162691571075, -4480.15723618573, -3459.897619181994, -4300.61754558549, -4821.75424905281, -4731.29957936597, -4487.372968619009, -4692.928879156113, -4962.579387944463, -5253.1410125661405, -5805.428498481251, -3921.9740807352855]
Time
4.517842531204224
The result for the 8th execution is
Query Result
[80138.79435029996, 79743.98291689993, 80317.42073669983, 79817.2137292999, 113205.20168259957, 89626.0175539002, 83448.58103210009, 77137.1366778999, 90783.15146420026, 91081.314714, 94305.35741570001, 85596.77910119979, 84275.99529930022, 86434.52743999999, 75597.06361180004, 80048.32290129995, 70648.42375739984, 87963.24700679997, 74715.79117979997, 64856.33972049995, 84968.06064809991, 90817.87584010001, 73314.48733869994, 77413.91321649989, 78506.11331749991]
Noised Result
[-3441.1986212358815, -3877.999358579802, -4610.037585861522, -4326.747514819463, -4257.567323983127, -5221.890771542535, -4747.774100308504, -4754.091074893489, -5069.717912296491, -4565.043487156089, -3783.267095440267, -3454.218537781132, -2167.9549848175056, -4418.1086738163785, -5477.23110560088, -4774.676623939763, -6515.126218898575, -4828.449785990781, -3640.140423782207, -6551.406603938258, -4144.168504514703, -6050.584173438208, -5538.814110229243, -6213.201269380647, -3910.040690430961]
Time
4.43815541267395
The result for the 9th execution is
Query Result
[80138.79435029996, 79743.98291689993, 80317.42073669983, 79817.2137292999, 113205.20168259957, 89626.0175539002, 83448.58103210009, 77137.1366778999, 90783.15146420026, 91081.314714, 94305.35741570001, 85596.77910119979, 84275.99529930022, 86434.52743999999, 75597.06361180004, 80048.32290129995, 70648.42375739984, 87963.24700679997, 74715.79117979997, 64856.33972049995, 84968.06064809991, 90817.87584010001, 73314.48733869994, 77413.91321649989, 78506.11331749991]
Noised Result
[-4997.856140292533, -5860.579224426796, -4990.959942581934, -5105.580178569327, -4642.659096132948, -5785.815128722119, -4818.2159675930625, -6024.17006804508, -4213.315725454127, -4625.964820260223, -5403.669468152504, -4323.477254610563, -4626.4233911976835, -4505.502559976688, -4554.610989451535, -5086.889661448267, -4795.601762421779, -3498.1817946852934, -5414.3313829372855, -5222.36115217064, -5353.398562395893, -5537.842974381569, -4670.453822679919, -4172.515206041707, -2112.6716351967093]
Time
4.47633695602417
The result for the 10th execution is
Query Result
[80138.79435029996, 79743.98291689993, 80317.42073669983, 79817.2137292999, 113205.20168259957, 89626.0175539002, 83448.58103210009, 77137.1366778999, 90783.15146420026, 91081.314714, 94305.35741570001, 85596.77910119979, 84275.99529930022, 86434.52743999999, 75597.06361180004, 80048.32290129995, 70648.42375739984, 87963.24700679997, 74715.79117979997, 64856.33972049995, 84968.06064809991, 90817.87584010001, 73314.48733869994, 77413.91321649989, 78506.11331749991]
Noised Result
[-4428.538364562931, -4627.159666521761, -4756.781353840159, -5356.872220176633, -4959.043914501164, -5643.8417416516995, -4568.552836760924, -4329.831362418643, -3319.8747615769626, -3833.946411877741, -3779.8930788957005, 313.90600362652185, -4400.576444009723, -3688.3226201614802, -4607.413083718713, -5026.776296749343, -4623.954627065476, -5231.1873334562315, -5986.875930266383, -3845.9711712086914, -5008.755706879431, -5199.850274889943, -4707.593690022399, -5355.579669009796, -4920.008826022699]
Time
4.537747621536255
The result for the 11th execution is
Query Result
[80138.79435029996, 79743.98291689993, 80317.42073669983, 79817.2137292999, 113205.20168259957, 89626.0175539002, 83448.58103210009, 77137.1366778999, 90783.15146420026, 91081.314714, 94305.35741570001, 85596.77910119979, 84275.99529930022, 86434.52743999999, 75597.06361180004, 80048.32290129995, 70648.42375739984, 87963.24700679997, 74715.79117979997, 64856.33972049995, 84968.06064809991, 90817.87584010001, 73314.48733869994, 77413.91321649989, 78506.11331749991]
Noised Result
[-4840.786352081175, -2965.0913314050886, -5361.73759249102, -4602.799748258015, -5199.64504627317, -4417.234806309828, -4891.514501225184, -4694.512142752772, -4598.247458756644, -3643.022908184009, -4185.752779353885, -4476.928671276545, -4650.857023120866, -4399.56090033111, -5077.785320229751, -5032.551405289753, -5906.052018155578, -3968.899391989672, -4365.854347465411, -5350.401205428652, -7578.51202088494, -4575.153253028927, -5046.271559816635, -3207.5940233169754, -5058.701006936603]
Time
4.3760986328125
The result for the 12th execution is
Query Result
[80138.79435029996, 79743.98291689993, 80317.42073669983, 79817.2137292999, 113205.20168259957, 89626.0175539002, 83448.58103210009, 77137.1366778999, 90783.15146420026, 91081.314714, 94305.35741570001, 85596.77910119979, 84275.99529930022, 86434.52743999999, 75597.06361180004, 80048.32290129995, 70648.42375739984, 87963.24700679997, 74715.79117979997, 64856.33972049995, 84968.06064809991, 90817.87584010001, 73314.48733869994, 77413.91321649989, 78506.11331749991]
Noised Result
[-4627.925849105284, -3457.4864887775343, -5148.314588561187, -5165.79052506527, -5356.122397021211, -4172.646328164166, -3649.388020268324, -3632.174018665322, -4841.094887709989, -4805.108933136622, -4813.753936577613, -5402.554004430227, -4637.667221828947, -4919.432296147283, -6103.283167018417, -3467.5793032281335, -3595.308337161783, -4397.009930566812, -4941.458232259767, -6169.338967579472, -3284.8454699340255, -4507.05043831142, -5274.54294580947, -4739.382449888899, -4281.200045496431]
Time
4.4079368114471436
The result for the 13th execution is
Query Result
[80138.79435029996, 79743.98291689993, 80317.42073669983, 79817.2137292999, 113205.20168259957, 89626.0175539002, 83448.58103210009, 77137.1366778999, 90783.15146420026, 91081.314714, 94305.35741570001, 85596.77910119979, 84275.99529930022, 86434.52743999999, 75597.06361180004, 80048.32290129995, 70648.42375739984, 87963.24700679997, 74715.79117979997, 64856.33972049995, 84968.06064809991, 90817.87584010001, 73314.48733869994, 77413.91321649989, 78506.11331749991]
Noised Result
[-4736.3183156162095, -4363.371043026933, -4698.784724252537, -1660.462961338279, -4698.552500101001, -4453.943162878367, -4273.893265242463, -4809.126953573617, -4857.835345915988, -4712.946547792573, -4641.840439108447, -5638.348951815078, -4597.184761634249, -4474.320193189519, -6238.829790645434, -4568.402100604004, -4836.230553147091, -4540.86352996243, -5006.092659880881, -4882.146668769715, -4973.208398860776, -5174.834964483918, -6969.521211363617, -5279.196758415308, -4469.61000866188]
Time
4.471401691436768
The result for the 14th execution is
Query Result
[80138.79435029996, 79743.98291689993, 80317.42073669983, 79817.2137292999, 113205.20168259957, 89626.0175539002, 83448.58103210009, 77137.1366778999, 90783.15146420026, 91081.314714, 94305.35741570001, 85596.77910119979, 84275.99529930022, 86434.52743999999, 75597.06361180004, 80048.32290129995, 70648.42375739984, 87963.24700679997, 74715.79117979997, 64856.33972049995, 84968.06064809991, 90817.87584010001, 73314.48733869994, 77413.91321649989, 78506.11331749991]
Noised Result
[-4219.934713013476, -4976.586207156579, -4501.955840220711, -4819.384165743552, -1439.1403467904356, -6035.787452739686, -4699.909323928924, -5340.074760920714, -4967.989849780843, -4900.44365974157, -5085.103905173072, -3920.2687009557785, -5124.366991221073, -4659.0742980947625, -4664.40862417971, -4565.735020528721, -4638.597990639374, -4785.057253934071, -4382.643798399836, -3838.2894072803874, -3800.895439500012, -5379.9573666939195, -4959.937134495694, -4908.551216979835, -4495.896509479641]
Time
4.434607267379761
The result for the 15th execution is
Query Result
[80138.79435029996, 79743.98291689993, 80317.42073669983, 79817.2137292999, 113205.20168259957, 89626.0175539002, 83448.58103210009, 77137.1366778999, 90783.15146420026, 91081.314714, 94305.35741570001, 85596.77910119979, 84275.99529930022, 86434.52743999999, 75597.06361180004, 80048.32290129995, 70648.42375739984, 87963.24700679997, 74715.79117979997, 64856.33972049995, 84968.06064809991, 90817.87584010001, 73314.48733869994, 77413.91321649989, 78506.11331749991]
Noised Result
[-4857.101676534318, -4263.8216809028645, -6487.271361855134, -4068.877174106058, -4026.0544168882907, -6901.2363455636405, -4115.556562800192, -3361.7745980672207, -4217.829847277423, -3936.980515885134, -3377.4004139492736, -4433.752373500151, -4712.891251815693, -4334.070548534109, -4867.955045995779, -3800.6250800090475, -3068.7578188786965, -4830.401748692148, -4097.180449927188, -4410.024688433853, -4729.733817760181, -3947.274059690605, -5160.84047158438, -4708.715890727636, -4412.65990525616]
Time
4.593857049942017
The result for the 16th execution is
Query Result
[80138.79435029996, 79743.98291689993, 80317.42073669983, 79817.2137292999, 113205.20168259957, 89626.0175539002, 83448.58103210009, 77137.1366778999, 90783.15146420026, 91081.314714, 94305.35741570001, 85596.77910119979, 84275.99529930022, 86434.52743999999, 75597.06361180004, 80048.32290129995, 70648.42375739984, 87963.24700679997, 74715.79117979997, 64856.33972049995, 84968.06064809991, 90817.87584010001, 73314.48733869994, 77413.91321649989, 78506.11331749991]
Noised Result
[-4328.8118092972345, -4788.9477801683, -3241.094603828127, -2931.8734433090594, -4484.238528566415, -4649.1131872675, -6404.094627120826, -4451.389382839354, -4538.865085454156, -5670.517531019576, -4267.945695779297, -3705.2162916496823, -4921.054433098578, -4264.678692597984, -3704.481414910202, -4226.199630381091, -4446.462633388855, -4458.468238726524, -5257.718741474018, -5231.725044168817, -4520.933709833936, -4588.237344513996, -3388.9131253566334, -4606.4173381702985, -5983.97486007117]
Time
4.519328594207764
The result for the 17th execution is
Query Result
[80138.79435029996, 79743.98291689993, 80317.42073669983, 79817.2137292999, 113205.20168259957, 89626.0175539002, 83448.58103210009, 77137.1366778999, 90783.15146420026, 91081.314714, 94305.35741570001, 85596.77910119979, 84275.99529930022, 86434.52743999999, 75597.06361180004, 80048.32290129995, 70648.42375739984, 87963.24700679997, 74715.79117979997, 64856.33972049995, 84968.06064809991, 90817.87584010001, 73314.48733869994, 77413.91321649989, 78506.11331749991]
Noised Result
[-4766.225243505612, -4371.827072854518, -4339.028765580344, -4634.8145918784585, -2502.847403586718, -6789.002702390312, -4582.579230822693, -4484.313398163286, -6692.899074356801, -3592.814825861372, -3954.136846656912, -5240.913639909208, -4429.237266333696, -4524.872428659197, -4646.421715810159, -3305.3535018903776, -4745.640921450221, -4346.602322925838, -4061.35390940676, -3680.0633295354146, -4903.85770326376, -4865.237475301462, -4911.876840309148, -4920.017196058734, -4966.448766367077]
Time
4.341696262359619
The result for the 18th execution is
Query Result
[80138.79435029996, 79743.98291689993, 80317.42073669983, 79817.2137292999, 113205.20168259957, 89626.0175539002, 83448.58103210009, 77137.1366778999, 90783.15146420026, 91081.314714, 94305.35741570001, 85596.77910119979, 84275.99529930022, 86434.52743999999, 75597.06361180004, 80048.32290129995, 70648.42375739984, 87963.24700679997, 74715.79117979997, 64856.33972049995, 84968.06064809991, 90817.87584010001, 73314.48733869994, 77413.91321649989, 78506.11331749991]
Noised Result
[-5579.5574793739515, -4211.439849471119, -4123.097479877282, -4000.4570026771007, -4734.278150841147, -5937.068933117234, -5388.001022555661, -5075.755702278431, -4474.5030113422, -5056.0398810172555, -5134.275526083013, -5587.869375827874, -4483.429951946743, -4582.0084904765545, -5063.693498273711, -6918.163364195043, -4081.653098937978, -4087.7676862636436, -4048.6613610779195, -4085.7498357374525, -4442.870244287385, -2537.698234489104, -4191.491900988584, -6447.66802392693, -4520.882812575154]
Time
4.401800870895386
The result for the 19th execution is
Query Result
[80138.79435029996, 79743.98291689993, 80317.42073669983, 79817.2137292999, 113205.20168259957, 89626.0175539002, 83448.58103210009, 77137.1366778999, 90783.15146420026, 91081.314714, 94305.35741570001, 85596.77910119979, 84275.99529930022, 86434.52743999999, 75597.06361180004, 80048.32290129995, 70648.42375739984, 87963.24700679997, 74715.79117979997, 64856.33972049995, 84968.06064809991, 90817.87584010001, 73314.48733869994, 77413.91321649989, 78506.11331749991]
Noised Result
[-5321.676326203671, -4311.866066400988, -6444.417402027515, -5071.152765503778, -5233.261230661671, -4004.591514220164, -4654.8831669861, -4433.389852492346, -5870.934743321715, -2754.309599316776, -3841.2889523573517, -4636.573414561736, -5307.703003970459, -4334.414264402867, -4637.043640345049, -4835.442709609596, -4019.0150679513144, -5939.144872684493, -5382.209530267939, -4216.25090282698, -6614.422187517952, -6183.727398497994, -4590.7916307742535, -6305.713927955282, -3116.305675446745]
Time
4.359672784805298
