The result for the 0th execution is
Query Result
[757.0, 825.0, 771.0, 818.0, 783.0, 710.0, 828.0, 775.0, 812.0, 823.0, 762.0, 812.0, 813.0, 794.0, 772.0, 769.0, 816.0, 712.0, 771.0, 794.0, 752.0, 814.0, 716.0, 762.0, 784.0, 756.0, 750.0, 726.0, 706.0, 799.0, 741.0, 751.0, 728.0, 742.0, 812.0, 796.0, 757.0, 797.0, 755.0, 701.0, 775.0, 764.0, 744.0, 784.0, 756.0, 771.0, 774.0, 734.0, 836.0, 759.0]
Noised Result
[-6954.3389236528565, -7503.608916214493, -6276.593183246722, -6924.796334487835, -8690.572787966217, -6125.776726082714, -7855.5265387723975, -6869.166328239316, -7288.491248420842, -6201.77597319912, -7870.493050415338, -9350.557172916579, -7429.8009092628345, -7482.508729878203, -5889.073075822822, -6742.976755135876, -6255.261266972266, -6398.020460064939, -7014.591296909372, -5315.605127262115, -7322.195431072962, -5465.823807415625, -6718.689013430829, -6994.630405342469, -6028.11842870106, -7279.588243780213, -7411.130793808827, -8604.386668067466, -7038.340448245328, -7114.936334839086, -7300.42780167797, -11393.454106508416, -7078.985386608842, -7332.6911443331355, -7806.855545942748, -8301.9760612257, -6511.299949770513, -6898.746959941159, -5353.207307770053, -5692.512402209206, -10312.640618621072, -6585.677456207087, -6479.72172313399, -7550.981593768546, -6808.262999262093, -10244.5523565564, -7180.938723410322, -7366.08158645468, -6253.483666791672, -5308.4696495405215]
Time
4.0399181842803955
The result for the 1th execution is
Query Result
[757.0, 825.0, 771.0, 818.0, 783.0, 710.0, 828.0, 775.0, 812.0, 823.0, 762.0, 812.0, 813.0, 794.0, 772.0, 769.0, 816.0, 712.0, 771.0, 794.0, 752.0, 814.0, 716.0, 762.0, 784.0, 756.0, 750.0, 726.0, 706.0, 799.0, 741.0, 751.0, 728.0, 742.0, 812.0, 796.0, 757.0, 797.0, 755.0, 701.0, 775.0, 764.0, 744.0, 784.0, 756.0, 771.0, 774.0, 734.0, 836.0, 759.0]
Noised Result
[-7818.929229308133, -7230.975319661971, -5973.229966692762, -6318.7445973656195, -6900.76803195866, -6375.607968095521, -6755.692933437161, -6907.808054006032, -9100.564757778213, -6439.8834126500005, -7311.784168522363, -7334.388208735018, -7476.324418703012, -7770.733924199303, -8227.400141415126, -6661.753819385337, -6629.454498932682, -6540.377008389838, -5604.454368681851, -6942.353237396806, -6742.559676389997, -6311.784680508681, -6525.636457317184, -6359.157524159524, -7211.148819415954, -7499.302431126332, -6168.500263910593, -5255.240346547754, -5151.320670154199, -6076.36268446576, -6826.249109954416, -6224.241891569122, -6267.617473414676, -7730.755071009837, -7304.159929466369, -5674.764656884301, -7287.994448701322, -6619.8535284027175, -6309.292103014748, -6299.768776480492, -5974.751801592964, -7010.484499953793, -5307.918565838628, -8918.959759896235, -6309.57437370502, -7076.708918820444, -6889.838403538851, -3910.0972582489085, -7074.409771768103, -6427.084867909694]
Time
4.139804840087891
The result for the 2th execution is
Query Result
[757.0, 825.0, 771.0, 818.0, 783.0, 710.0, 828.0, 775.0, 812.0, 823.0, 762.0, 812.0, 813.0, 794.0, 772.0, 769.0, 816.0, 712.0, 771.0, 794.0, 752.0, 814.0, 716.0, 762.0, 784.0, 756.0, 750.0, 726.0, 706.0, 799.0, 741.0, 751.0, 728.0, 742.0, 812.0, 796.0, 757.0, 797.0, 755.0, 701.0, 775.0, 764.0, 744.0, 784.0, 756.0, 771.0, 774.0, 734.0, 836.0, 759.0]
Noised Result
[-7854.206361295695, -7060.112478128991, -7587.067692536774, -5959.744833289653, -5419.114645794501, -5267.833411543073, -7812.743090084634, -4271.325446540384, -7618.556433948781, -8507.295689009326, -7319.77524548805, -6277.854253933987, -7856.653729997368, -6354.1718478556095, -6151.590076278426, -6671.123978267063, -6551.237565989588, -7001.642416049878, -6806.125317301141, -6800.702581518442, -6835.477811436733, -5879.011076461402, -6828.514928610401, -6629.884527801347, -8505.5360513919, -5256.003188075384, -4692.788802333301, -4882.498875785346, -7228.588344294936, -6368.8696527790835, -10255.658674735207, -5660.534770037161, -6696.045382575833, -6097.265207017379, -4845.051152250488, -6957.497775615848, -8134.362336351116, -6190.67731609074, -8827.438937276635, -6984.084199130935, -5165.426356410685, -7012.253943824023, -5235.561284781777, -6358.186567470176, -6753.053093848247, 10777661.899674281, -5366.4696743712975, -7238.541498203986, -6469.267114256739, -6909.461132241365]
Time
4.086943626403809
The result for the 3th execution is
Query Result
[757.0, 825.0, 771.0, 818.0, 783.0, 710.0, 828.0, 775.0, 812.0, 823.0, 762.0, 812.0, 813.0, 794.0, 772.0, 769.0, 816.0, 712.0, 771.0, 794.0, 752.0, 814.0, 716.0, 762.0, 784.0, 756.0, 750.0, 726.0, 706.0, 799.0, 741.0, 751.0, 728.0, 742.0, 812.0, 796.0, 757.0, 797.0, 755.0, 701.0, 775.0, 764.0, 744.0, 784.0, 756.0, 771.0, 774.0, 734.0, 836.0, 759.0]
Noised Result
[-6150.731854200094, -6401.4354386142795, -7776.47831756921, -8955.783646655515, -6267.047571558094, -7598.412117396983, -6613.795097057958, -8471.121998707386, -6776.279909293673, -6823.791455363228, -7605.1676465193605, -6467.643246015302, -8272.71325253679, -7590.328880255271, -4882.339002307273, -6657.452857488805, -6987.24268856721, -5860.78950202252, -5774.557498168354, -5712.598233803489, -9131.830393675715, -7866.969295230105, -6915.66104032005, -6263.45178588627, -5097.060387961726, -6743.609976456731, -7243.634500334884, -10331.091148403057, -6241.003092737736, -6549.947454892698, -7731.0935871269885, -5453.677152143622, -4983.321539614915, -7396.352657380703, -7087.543210169962, -7872.099785341241, -7419.090944432115, -7820.991017294198, -6859.745092332222, -5438.566453480378, -6884.257112028906, -5802.872248366179, -6518.9421637661535, -6430.12393404443, -3744.4628886854007, -6096.5696338973585, -5988.211280371845, -6119.693054345556, -6116.62499390373, -7640.540727872256]
Time
3.9966633319854736
The result for the 4th execution is
Query Result
[757.0, 825.0, 771.0, 818.0, 783.0, 710.0, 828.0, 775.0, 812.0, 823.0, 762.0, 812.0, 813.0, 794.0, 772.0, 769.0, 816.0, 712.0, 771.0, 794.0, 752.0, 814.0, 716.0, 762.0, 784.0, 756.0, 750.0, 726.0, 706.0, 799.0, 741.0, 751.0, 728.0, 742.0, 812.0, 796.0, 757.0, 797.0, 755.0, 701.0, 775.0, 764.0, 744.0, 784.0, 756.0, 771.0, 774.0, 734.0, 836.0, 759.0]
Noised Result
[-6913.373498019275, -8075.651385054283, -6606.103096139852, -5708.274031713175, -4954.594481502718, -6855.084124670162, -5195.456937913705, -6896.4284447522405, -7170.428485082508, -7276.285630476897, -6472.737614784939, -4500.442163359403, -6910.145898237354, -7103.68776960637, -4911.875115821541, -5679.701302529511, -6344.177436177658, -6229.278467502482, -9042.32758996885, -6546.450109196239, -6955.446358809038, -5170.242032228454, -7963.505760934262, -7203.337168902488, -6876.20668562837, -7517.553683396562, -7650.928857278259, -6747.468069481045, -6438.120889598077, -6552.988292375293, -6909.10738115956, -7800.701225295377, -6115.899938057151, -6058.436128759411, -6306.2659239027935, -7042.130446864072, -8215.945609772618, -8285.1112052797, -7695.3138158276815, -8903.17113402329, -6398.800522114379, -6517.9612861841715, -6493.481633029432, -3570.831594517971, -7577.351453578851, -8393.909141352215, -7141.573262216595, -5241.108252438758, -5949.396283825536, -6422.324634648237]
Time
3.946873903274536
The result for the 5th execution is
Query Result
[757.0, 825.0, 771.0, 818.0, 783.0, 710.0, 828.0, 775.0, 812.0, 823.0, 762.0, 812.0, 813.0, 794.0, 772.0, 769.0, 816.0, 712.0, 771.0, 794.0, 752.0, 814.0, 716.0, 762.0, 784.0, 756.0, 750.0, 726.0, 706.0, 799.0, 741.0, 751.0, 728.0, 742.0, 812.0, 796.0, 757.0, 797.0, 755.0, 701.0, 775.0, 764.0, 744.0, 784.0, 756.0, 771.0, 774.0, 734.0, 836.0, 759.0]
Noised Result
[-7450.2111047456, -4877.355816499303, -5761.491344067688, -5153.806518695388, -6017.678812344876, -6812.233872929719, -6329.970598999238, -6997.299375579475, -4526.525314551978, -7240.877240131807, -6730.035302406868, -3640.758247071817, -7702.359475351765, -4916.951189737878, -6955.9985387304305, -7202.927219083537, -6378.341567011382, -6629.941562425259, -7018.92965039426, -5938.1364861197, -5563.672613543726, -4995.675285417549, -7441.571553145768, -7298.02854918206, -6360.732662492775, -7804.082452774559, -7998.1408879325645, -6615.322208704648, -7657.735982483304, -7821.123758645534, -11241.064974813351, -5543.245599208797, -6500.007536549098, -6124.089128357836, -6364.544629887775, -7100.946735271933, -7524.4814364645335, -5307.174142427441, -6372.880787090844, -7669.381525028861, -7678.413393963223, -7047.082219093053, -7161.8965826802105, -6539.268598197419, -4465.224840459431, -7754.301754453998, -7017.209023823821, -7355.348879402939, -7353.50078595715, -8578.734276204796]
Time
3.915968656539917
The result for the 6th execution is
Query Result
[757.0, 825.0, 771.0, 818.0, 783.0, 710.0, 828.0, 775.0, 812.0, 823.0, 762.0, 812.0, 813.0, 794.0, 772.0, 769.0, 816.0, 712.0, 771.0, 794.0, 752.0, 814.0, 716.0, 762.0, 784.0, 756.0, 750.0, 726.0, 706.0, 799.0, 741.0, 751.0, 728.0, 742.0, 812.0, 796.0, 757.0, 797.0, 755.0, 701.0, 775.0, 764.0, 744.0, 784.0, 756.0, 771.0, 774.0, 734.0, 836.0, 759.0]
Noised Result
[-6055.024723793668, -8429.345080198562, -6380.239026670794, -6315.121444879329, -7431.051605299368, -6939.326903910652, -6545.6798218331405, -7292.9331995007515, -5284.804121880367, -6785.879447764495, -6933.301094224839, -7099.975967869875, -7554.31441329996, -5752.343362594455, -7098.246937939055, 16.36288595699625, -6295.649909049815, -5930.167239831862, -5308.130908070685, -4683.049111686127, -6442.232928161467, -6994.193955343261, -7150.283086662108, -5995.2084301486175, -8323.440181937747, -7848.879968063655, -6943.352877957842, -5802.338480250678, -5294.92591320427, -9443.844313996053, -6960.894498196246, -6845.7440275091785, -9387.647543404968, -8504.253183654404, -6603.876533988036, -8927.565278811124, -5803.228331548957, -6245.978373809085, -6555.999613767031, -5426.402865869814, -4481.7825884055055, -7178.7249111774345, -6705.514136257455, -6892.16605912692, -7345.808492538285, -5956.761953525031, -7313.429064152222, -6214.570201940423, -4569.531593760486, -8759.532814507957]
Time
3.9677631855010986
The result for the 7th execution is
Query Result
[757.0, 825.0, 771.0, 818.0, 783.0, 710.0, 828.0, 775.0, 812.0, 823.0, 762.0, 812.0, 813.0, 794.0, 772.0, 769.0, 816.0, 712.0, 771.0, 794.0, 752.0, 814.0, 716.0, 762.0, 784.0, 756.0, 750.0, 726.0, 706.0, 799.0, 741.0, 751.0, 728.0, 742.0, 812.0, 796.0, 757.0, 797.0, 755.0, 701.0, 775.0, 764.0, 744.0, 784.0, 756.0, 771.0, 774.0, 734.0, 836.0, 759.0]
Noised Result
[-6891.263733770643, -7269.75702385496, -3391.7133607706214, -7418.122845032269, -6383.215714170945, -8739.088566302824, -7722.631575676982, -7643.285407251304, -6467.661943023808, -6316.176723511815, -6769.1054405414125, -5062.526078966405, -4958.724732120263, -6067.693527950726, -6650.845045280239, -6218.717024863052, -6613.49532421294, -8370.483223405034, -6515.166431521604, -8301.928913455075, -7085.780764091472, -6043.123500538778, -5107.658330920786, -6685.723157741225, -6718.148883883327, -6552.3641782872, -5086.969259802461, -10697.793687514937, -7503.7386867635305, -8903.2512234184, -7081.303073465742, -6968.871435312054, -7187.355566703015, -6908.25010635292, -7559.9822412494705, -7827.142784289701, -6728.686493209587, -7682.71310143297, -7978.131832440795, -8262.638208177468, -6610.01159256657, -7833.306390972204, -6932.398083681982, -6924.40143431965, -5958.339535657751, -7381.086915188782, -8163.754655747689, -7328.026335942091, -6410.883938123267, -8045.256521550833]
Time
3.9451284408569336
The result for the 8th execution is
Query Result
[757.0, 825.0, 771.0, 818.0, 783.0, 710.0, 828.0, 775.0, 812.0, 823.0, 762.0, 812.0, 813.0, 794.0, 772.0, 769.0, 816.0, 712.0, 771.0, 794.0, 752.0, 814.0, 716.0, 762.0, 784.0, 756.0, 750.0, 726.0, 706.0, 799.0, 741.0, 751.0, 728.0, 742.0, 812.0, 796.0, 757.0, 797.0, 755.0, 701.0, 775.0, 764.0, 744.0, 784.0, 756.0, 771.0, 774.0, 734.0, 836.0, 759.0]
Noised Result
[-6250.81192054332, -6781.766754021632, -6056.137227955038, -8315.18281906129, -7049.354158555028, -6871.598414953486, -5397.37434797553, -7177.158407300306, -6543.807408324692, -6991.953128219046, -6490.251521276263, -7328.2490153032, -5870.701256420085, -6778.044009540547, -6689.535067139654, -6028.007584975605, -8222.59021510484, -6338.802236560798, -6756.15445019202, -6651.688844436782, -7183.141662144814, -8494.037572421943, -5955.178084222185, -6529.921420227997, -6132.242068608937, -6988.478243587767, -6792.7280672329825, -6510.10636362369, -6255.772300752051, -6967.201406608793, -5285.010630577206, -5509.273285864648, -7086.163228288066, -7793.194917489125, -5959.487157108663, -5589.231902219841, -6205.999208428155, -6687.512042501333, -7438.1568487352715, -6879.795971117131, -5069.312378698612, -5537.035166792585, -8178.3952249471695, -5106.549835399677, -5867.930375357322, -6861.5267981645175, -6004.6704206532495, -6110.762963768381, -6387.854566660751, -6965.449887849994]
Time
3.9339756965637207
The result for the 9th execution is
Query Result
[757.0, 825.0, 771.0, 818.0, 783.0, 710.0, 828.0, 775.0, 812.0, 823.0, 762.0, 812.0, 813.0, 794.0, 772.0, 769.0, 816.0, 712.0, 771.0, 794.0, 752.0, 814.0, 716.0, 762.0, 784.0, 756.0, 750.0, 726.0, 706.0, 799.0, 741.0, 751.0, 728.0, 742.0, 812.0, 796.0, 757.0, 797.0, 755.0, 701.0, 775.0, 764.0, 744.0, 784.0, 756.0, 771.0, 774.0, 734.0, 836.0, 759.0]
Noised Result
[-7697.089702529525, -6157.633119632503, -6379.127638616863, -5062.083374513658, -6962.270028697317, -6918.972705363658, -6841.39295463194, -7871.59322271559, -5848.304012180113, -6074.705175018093, -6184.3944421522, -6409.846632244854, -5557.616124975701, -6587.561273096757, -6779.439952867713, -7139.259319203082, -6136.106043810345, -5960.7106053777115, -7161.920672476959, -6412.959786199312, -6502.52924690588, -6682.691086714955, -6391.134593481918, -7213.384184271571, -3758.3410220819387, -5881.1108090297475, -7611.001456997141, -6510.798156959037, -7962.685311949175, -6361.086799210817, -6416.059083585755, -7145.121482874114, -7155.398780515244, -6753.596554337024, -6662.284402464457, -6125.4919361022, -8801.699574804288, -6677.658867791981, -5288.568398149246, -6783.360749066726, -5159.362939390532, -7660.8640752621395, -6974.611863334147, -7164.7999188835565, -5983.2732045590565, -6479.266781751054, -8115.805171274591, -8617.013993286244, -11918.874882438233, -6003.97167553253]
Time
4.124563455581665
The result for the 10th execution is
Query Result
[757.0, 825.0, 771.0, 818.0, 783.0, 710.0, 828.0, 775.0, 812.0, 823.0, 762.0, 812.0, 813.0, 794.0, 772.0, 769.0, 816.0, 712.0, 771.0, 794.0, 752.0, 814.0, 716.0, 762.0, 784.0, 756.0, 750.0, 726.0, 706.0, 799.0, 741.0, 751.0, 728.0, 742.0, 812.0, 796.0, 757.0, 797.0, 755.0, 701.0, 775.0, 764.0, 744.0, 784.0, 756.0, 771.0, 774.0, 734.0, 836.0, 759.0]
Noised Result
[-5818.870231109869, -6137.073210895967, -6795.079847381551, -6982.384322494288, -6521.788080011374, -7346.4702400096185, -5380.243951222115, -6293.568643935889, -5680.188811940644, -7019.930178562916, -6755.764116917326, -6903.213375813633, -8893.46882684504, -7163.799498005748, -6837.0431256728425, -6544.69579062397, -9247.620219964298, -7126.044016590704, -5833.5334568456265, -5055.760585843596, -6268.863727164549, -6534.017793868997, -5091.7748884492585, -6184.186382799222, -7509.56501915604, -7105.763027317474, -6032.897199709514, -6808.575027039584, -9683.141897446256, -6139.127546671798, -5977.952077815791, -6366.368563541099, -7464.571626346718, -7205.793811981651, -5953.862108707371, -6462.1332461520715, -6857.956237048088, -9875.27982442531, -6352.741216616247, -6157.958906791244, -5905.882077264322, -8267.824313700661, -5890.30823764767, -6447.278716915235, -9705.339561834677, -6577.33312877389, -7445.227836582663, -4981.354670621973, -5643.7703696143035, -6951.453920657488]
Time
3.9689414501190186
The result for the 11th execution is
Query Result
[757.0, 825.0, 771.0, 818.0, 783.0, 710.0, 828.0, 775.0, 812.0, 823.0, 762.0, 812.0, 813.0, 794.0, 772.0, 769.0, 816.0, 712.0, 771.0, 794.0, 752.0, 814.0, 716.0, 762.0, 784.0, 756.0, 750.0, 726.0, 706.0, 799.0, 741.0, 751.0, 728.0, 742.0, 812.0, 796.0, 757.0, 797.0, 755.0, 701.0, 775.0, 764.0, 744.0, 784.0, 756.0, 771.0, 774.0, 734.0, 836.0, 759.0]
Noised Result
[-6623.61541825, -4858.137163081259, -7483.607837773277, -6636.031334676516, -7820.159776792323, -5597.290111358667, -7996.73596238617, -6339.373855449934, -9027.971168884536, -7132.162360802209, -6531.506971473777, -9142.732284411342, -6588.036457474201, -7094.116133009897, -6058.963441237088, -7438.783966583225, -7554.993099310937, -7021.592918777318, -7948.067573567747, -4667.177115579532, -7017.982730512086, -7306.462682184263, -5315.383921494952, -6709.744884401634, -2752.619377678353, -6232.958061160604, -6852.96808604297, -7923.756581213622, -6846.620660087483, -6637.381181645478, -6213.95514157919, -6067.4198455202095, -5873.955714067551, -6912.287996269861, -8292.91953790986, -7387.067131049494, -8031.945982503743, -6683.134323253706, -7672.909561774226, -7467.023783066434, -6492.528472490277, -6792.951793669478, -8119.560312284233, -7089.34518654806, -6401.202352024274, -7097.787597310531, -6317.697536665114, -7070.401320799469, -7179.495946293567, -6923.377571758308]
Time
4.021509170532227
The result for the 12th execution is
Query Result
[757.0, 825.0, 771.0, 818.0, 783.0, 710.0, 828.0, 775.0, 812.0, 823.0, 762.0, 812.0, 813.0, 794.0, 772.0, 769.0, 816.0, 712.0, 771.0, 794.0, 752.0, 814.0, 716.0, 762.0, 784.0, 756.0, 750.0, 726.0, 706.0, 799.0, 741.0, 751.0, 728.0, 742.0, 812.0, 796.0, 757.0, 797.0, 755.0, 701.0, 775.0, 764.0, 744.0, 784.0, 756.0, 771.0, 774.0, 734.0, 836.0, 759.0]
Noised Result
[-7631.239405830247, -6649.5683279046525, -6567.637271885585, -6992.248012610614, -8075.762529406875, -6393.937368631604, -6629.525079684706, -6985.717599928735, -6904.085550766222, -6143.755512865701, -7655.686416226845, -6519.779603840239, -5869.545849284074, -6754.383378510052, -6865.967260607575, -6566.909042103896, -6836.716856106109, -7583.836069000916, -3982.0385868060685, -8365.018227475448, -5773.225341308586, -8693.977055927919, -6479.881592913169, -7374.046425294797, -6823.323902353614, -6725.639643080819, -7298.799566674848, -8222.715610775125, -6899.934051464325, -4588.580976998983, -7150.140965342909, -7314.754641982814, -7122.0272333434195, -6951.037750390168, -8109.488663090546, -7022.249065842941, -5128.652346177359, -6807.382846837538, -6470.902758669494, -6318.686019377848, -6654.326660885406, -6906.674477087887, -6638.528701244481, -6706.537890759029, -7209.432804112325, -7644.939301663329, -7424.545928650347, -6778.828183205509, -6433.471929776215, -6468.313189238271]
Time
4.0576560497283936
The result for the 13th execution is
Query Result
[757.0, 825.0, 771.0, 818.0, 783.0, 710.0, 828.0, 775.0, 812.0, 823.0, 762.0, 812.0, 813.0, 794.0, 772.0, 769.0, 816.0, 712.0, 771.0, 794.0, 752.0, 814.0, 716.0, 762.0, 784.0, 756.0, 750.0, 726.0, 706.0, 799.0, 741.0, 751.0, 728.0, 742.0, 812.0, 796.0, 757.0, 797.0, 755.0, 701.0, 775.0, 764.0, 744.0, 784.0, 756.0, 771.0, 774.0, 734.0, 836.0, 759.0]
Noised Result
[-6639.886876615211, -7114.126632805466, -3847.8834590762635, -7616.727034026648, -8359.495258757725, -8316.301538403894, -5763.57185742512, -8488.8963426439, -5565.504083800466, -8581.284089665136, -7042.001062836431, -6460.566152994568, -6463.36975075165, -6032.332547944791, -6148.8475588324645, -5111.058598412494, -6909.80784817044, -6310.605636677968, -6814.757088032727, -8023.229058424986, -6702.415790437505, -4377.356830259805, -6390.577480476807, -5898.717949978839, -6846.997589474252, -6446.586374145937, -5518.47828883663, -8242.487411594344, -6809.4884591692025, -6806.779783695654, -6589.682297853836, -6018.25663951305, -6689.3684688790545, -5157.852078779677, -8893.389268830022, -6370.0787983087375, -6849.359744766266, -6960.003430039057, -7344.371228293853, -6725.924627157836, -6035.599261179458, -6227.4998566870445, -4150.881416109929, -6678.865284316695, -5560.589361531079, -6966.263722865738, -6901.410779351441, -7376.008061563831, -7508.452268718231, -11479.107501830125]
Time
4.145855188369751
The result for the 14th execution is
Query Result
[757.0, 825.0, 771.0, 818.0, 783.0, 710.0, 828.0, 775.0, 812.0, 823.0, 762.0, 812.0, 813.0, 794.0, 772.0, 769.0, 816.0, 712.0, 771.0, 794.0, 752.0, 814.0, 716.0, 762.0, 784.0, 756.0, 750.0, 726.0, 706.0, 799.0, 741.0, 751.0, 728.0, 742.0, 812.0, 796.0, 757.0, 797.0, 755.0, 701.0, 775.0, 764.0, 744.0, 784.0, 756.0, 771.0, 774.0, 734.0, 836.0, 759.0]
Noised Result
[-7085.887033764885, -3750.7793773391722, -6985.521439272141, -5951.276380180228, -7317.938036717851, -6687.458171679167, -7526.987239764087, -7187.641139500242, -5299.254271373038, -6102.234683765577, -6304.097360113022, -9503.290218617836, -8017.271384165364, -7613.080515813936, -8161.908675741313, -7276.264592540033, -5766.8802303309785, -7632.535461935044, -7257.1795413632435, -7845.60967581841, -6369.09047337351, -5818.020879599412, -7254.7965032791635, -5823.484737607306, -6077.926869113039, -8172.168073664712, -8250.06160905616, -7845.093523863168, -7445.419997080512, -7023.388558885047, -7272.622962890913, -5111.755096052914, -6954.710575853087, -8918.54363856855, -6732.0319411346145, -7468.392633200158, -8944.423190598314, -7392.601778776127, -6001.772464273763, -3158.0415393836197, -6645.648025590193, -6944.170511839961, -6792.061120876865, -5419.2814219747615, -4333.488299222089, -6751.777309060779, -2400.8859421699826, -7459.979338571086, -5692.352779751041, -5064.2638450642]
Time
4.12180757522583
The result for the 15th execution is
Query Result
[757.0, 825.0, 771.0, 818.0, 783.0, 710.0, 828.0, 775.0, 812.0, 823.0, 762.0, 812.0, 813.0, 794.0, 772.0, 769.0, 816.0, 712.0, 771.0, 794.0, 752.0, 814.0, 716.0, 762.0, 784.0, 756.0, 750.0, 726.0, 706.0, 799.0, 741.0, 751.0, 728.0, 742.0, 812.0, 796.0, 757.0, 797.0, 755.0, 701.0, 775.0, 764.0, 744.0, 784.0, 756.0, 771.0, 774.0, 734.0, 836.0, 759.0]
Noised Result
[-7209.5440815897155, -6444.495531534277, -6475.588205225017, -6142.745518347806, -9208.679412640156, -6548.123482899737, -7159.246298447912, -6458.1439667783125, -4882.298204512753, -8895.173480063546, -6678.421115650784, -5687.738042799422, -7121.2686932433, -7427.930922102467, -6673.020778903217, -7828.602632944343, -9153.191238515785, -3363.314025732901, -6389.421130911852, -10012.196909934908, -5441.632285312414, -7101.438293684692, -4694.647830851982, -8136.257104244996, -5184.743796525073, -6803.58126744109, -5060.690422029731, -7578.9324380417165, -6296.238009563958, -7580.869416995027, -6998.630837608976, -7188.183069267349, -6608.73044506825, -8930.30962972068, -7055.294730290229, -6857.903629483122, -8113.427281043267, -6541.617889664902, -6901.490358284401, -8148.218994684892, -5470.169339540335, -5205.623336608479, -6338.083124023198, -8321.512313758369, -7186.249850108514, -7124.389131758866, -6906.955583965011, -6979.99192915915, -7667.130123182162, -6143.251591223297]
Time
4.141019821166992
The result for the 16th execution is
Query Result
[757.0, 825.0, 771.0, 818.0, 783.0, 710.0, 828.0, 775.0, 812.0, 823.0, 762.0, 812.0, 813.0, 794.0, 772.0, 769.0, 816.0, 712.0, 771.0, 794.0, 752.0, 814.0, 716.0, 762.0, 784.0, 756.0, 750.0, 726.0, 706.0, 799.0, 741.0, 751.0, 728.0, 742.0, 812.0, 796.0, 757.0, 797.0, 755.0, 701.0, 775.0, 764.0, 744.0, 784.0, 756.0, 771.0, 774.0, 734.0, 836.0, 759.0]
Noised Result
[-7345.598940522057, -6857.594851861561, -6179.165043450208, -6482.401871622672, -5200.850907321482, -8776.211361227954, -6762.337692443187, -8064.584176246708, -5247.505639080251, -6892.342797739833, -5870.82371797324, -8350.860254662992, -8219.796483650829, -7173.945700599894, -4707.026441647871, -7797.2499914886575, -8625.660158906607, -6609.2223752097325, -5855.782734561037, -6815.644250522449, -6539.638009320901, -6533.3654127524715, -5937.066598858187, -7129.525311760079, -6597.733180096876, -5278.883919353859, -6135.998645715028, -6939.697259666184, -7106.0348759010985, -6647.486379571603, -6763.180802195762, -6345.389959718063, -5527.0750089722005, -6487.032555239126, -8756.231331302395, -8844.527770059343, -6951.522803973265, -3583.3294700255155, -6144.563204591743, -6259.2687360121045, -7421.841007313471, -6517.266415696285, -6636.233821191128, -9590.674249362455, -6452.827515196074, -7621.4201033377685, -6585.032079865449, -6353.22255613784, -6539.516121329003, -6161.868760778888]
Time
4.003819704055786
The result for the 17th execution is
Query Result
[757.0, 825.0, 771.0, 818.0, 783.0, 710.0, 828.0, 775.0, 812.0, 823.0, 762.0, 812.0, 813.0, 794.0, 772.0, 769.0, 816.0, 712.0, 771.0, 794.0, 752.0, 814.0, 716.0, 762.0, 784.0, 756.0, 750.0, 726.0, 706.0, 799.0, 741.0, 751.0, 728.0, 742.0, 812.0, 796.0, 757.0, 797.0, 755.0, 701.0, 775.0, 764.0, 744.0, 784.0, 756.0, 771.0, 774.0, 734.0, 836.0, 759.0]
Noised Result
[-7062.809182993184, -9438.3584370734, -6040.49571373854, -6607.025452720989, -6192.722900340877, -6267.826250118581, -6784.294297492897, -8209.913316434395, -6520.406957198895, -7091.90851985255, -6520.745221702552, -8352.369036402473, -9456.507323358124, -7580.782747143209, -7016.915763519628, -6903.933173474225, -7433.779771610083, -7005.2015721447815, -6341.609227733942, -8024.529853668251, -6052.485001386629, -7677.278560953504, -6670.765009515663, -5995.157081290715, -7199.098395709687, -5526.208878331328, -7356.26080484221, -6749.756119624944, -6913.658979692219, -8218.856325863042, -6080.195407161321, -7022.005854455753, -6384.831982969908, -6503.978885890256, -7524.835906561446, -8454.642114147824, -7774.900754822078, -5355.503992480487, -6572.373128221717, -6542.556929236107, -6368.130337456398, -7122.95845521352, -7134.408426114768, -7236.777230163938, -5572.98761678486, -7172.330008117948, -6750.543385829248, -7879.804536198591, -6209.364212614731, -6336.282560898612]
Time
3.9729158878326416
The result for the 18th execution is
Query Result
[757.0, 825.0, 771.0, 818.0, 783.0, 710.0, 828.0, 775.0, 812.0, 823.0, 762.0, 812.0, 813.0, 794.0, 772.0, 769.0, 816.0, 712.0, 771.0, 794.0, 752.0, 814.0, 716.0, 762.0, 784.0, 756.0, 750.0, 726.0, 706.0, 799.0, 741.0, 751.0, 728.0, 742.0, 812.0, 796.0, 757.0, 797.0, 755.0, 701.0, 775.0, 764.0, 744.0, 784.0, 756.0, 771.0, 774.0, 734.0, 836.0, 759.0]
Noised Result
[-6630.163130488281, -6107.907470106159, -6802.771800086835, -6771.3174523839425, -5675.422815791913, -8440.867345384544, -7194.052654966934, -4758.016803309851, -7012.025552838359, -7422.41607221823, -6597.164396494519, -7195.181811173056, -6617.055531897988, -7474.220225866262, -6436.946600675394, -7052.101813344741, -6899.378306724712, -6595.910643503206, -8661.534435464033, -7129.882837721138, -5313.806496849644, -2887.479631891972, -5954.731662507702, -7849.528848088663, -6739.576960886162, -6759.195352390188, -6084.881236424846, -6063.383863057054, -6734.641655276817, -6413.127081487317, -8315.95495092203, -7752.358097544835, -7084.894514790081, -7076.7166483771625, -7471.563363359051, -5640.648772442774, -6699.4980994621665, -7423.3047647742915, -7097.000448026174, -5743.667240315224, -6748.745026481083, -5633.837628688285, -8481.236600162621, -6605.13737451601, -6835.125159517598, -8504.9990433009, -6692.836777571784, -7255.547195666669, -6618.854867178188, -5969.284787039282]
Time
4.047038555145264
The result for the 19th execution is
Query Result
[757.0, 825.0, 771.0, 818.0, 783.0, 710.0, 828.0, 775.0, 812.0, 823.0, 762.0, 812.0, 813.0, 794.0, 772.0, 769.0, 816.0, 712.0, 771.0, 794.0, 752.0, 814.0, 716.0, 762.0, 784.0, 756.0, 750.0, 726.0, 706.0, 799.0, 741.0, 751.0, 728.0, 742.0, 812.0, 796.0, 757.0, 797.0, 755.0, 701.0, 775.0, 764.0, 744.0, 784.0, 756.0, 771.0, 774.0, 734.0, 836.0, 759.0]
Noised Result
[-6907.604427973862, -6667.506308942648, -7004.546665214451, -7828.943135599577, -7098.019167055636, -7065.560783956635, -6698.105666345054, -7675.185577727625, -6405.6519389779905, -5980.103827148714, -3831.4395838044566, -8547.277674579715, -6883.613919055166, -6970.091130468569, -6418.437929738705, -7855.1204592412105, -7135.732064234183, -6643.531686084592, -6592.046478836954, -9578.807167256413, -7183.341073880205, -5608.007548054837, -5477.4374056489105, -6168.241388245286, -6828.7211314066935, -6868.505302123303, -6872.639646703262, -5995.488190505019, -10349.140377296317, -7538.406550155267, -6949.175848285162, -5398.235776037323, -7343.673127429971, -4830.670218199764, -5633.644543041319, -6144.454570439771, -6848.9391371204765, -5869.180695756428, -5458.188090684382, -8240.177158386758, -6557.457094068285, -6571.204158888175, -9795.360100894412, -9296.991388469283, -6267.381059469726, -8260.052369198225, -7784.985272066999, -7533.726241444642, -5922.81043354383, -5911.753417023579]
Time
4.060893535614014
