The result for the 0th execution is
Query Result
[1602.0, 1517.0, 1557.0, 1626.0, 1444.0, 1538.0, 1593.0, 1525.0, 1692.0, 1621.0, 1475.0, 1501.0, 1548.0, 1545.0, 1582.0, 1646.0, 1501.0, 1527.0, 1535.0, 1535.0, 1549.0, 1628.0, 1479.0, 1526.0, 1493.0, 1545.0, 1552.0, 1578.0, 1478.0, 1443.0, 1578.0, 1573.0, 1518.0, 1389.0, 1601.0, 1587.0, 1582.0, 1498.0, 1605.0, 1616.0, 1599.0, 1468.0, 1578.0, 1455.0, 1541.0, 1557.0, 1623.0, 1626.0, 1426.0, 1545.0]
Noised Result
[-6463.4987107382985, -4936.723388350112, -6639.231313734237, -5087.75660857196, -6930.353709136888, -4623.595908212369, -7851.646378254474, -5797.327133311711, -4817.249961641578, -4008.885844000889, -7455.716180537336, -8035.528248940185, -6074.633721154277, -7240.591542710372, -7566.764482311195, -3555.865932584674, -7852.13189466079, -5843.70107000084, -6928.412068988416, -4145.890181311307, -5934.036067307704, -5787.591380660926, -6428.299219022318, -8766.622173127147, -4447.857679600501, -6224.722855268103, -6631.496954853394, -7277.871901659393, -4866.566831112178, -5948.61957548824, -6550.391585373116, -6253.335319559667, -6555.177404019402, -4488.402966074804, -5631.70593603, -5640.313392020356, -8485.713873274497, -6659.356034810763, -6274.989613583863, -5910.468183200357, -6465.065556281941, -5588.609599354864, -7181.263261986935, -6542.2477249914045, -5470.609952975123, -6647.800831878242, -6054.337605218408, -6140.161827493071, -6452.828726295329, -6467.697538907486]
Time
4.393304824829102
The result for the 1th execution is
Query Result
[1602.0, 1517.0, 1557.0, 1626.0, 1444.0, 1538.0, 1593.0, 1525.0, 1692.0, 1621.0, 1475.0, 1501.0, 1548.0, 1545.0, 1582.0, 1646.0, 1501.0, 1527.0, 1535.0, 1535.0, 1549.0, 1628.0, 1479.0, 1526.0, 1493.0, 1545.0, 1552.0, 1578.0, 1478.0, 1443.0, 1578.0, 1573.0, 1518.0, 1389.0, 1601.0, 1587.0, 1582.0, 1498.0, 1605.0, 1616.0, 1599.0, 1468.0, 1578.0, 1455.0, 1541.0, 1557.0, 1623.0, 1626.0, 1426.0, 1545.0]
Noised Result
[-9232.245026064218, -7445.7698913402255, -4019.155147026132, -6605.903029080825, -5365.781047876417, -5770.3696384529285, -6267.43594167641, -5673.0616814737605, -6731.464343380753, -5377.404314182041, -6367.064995769125, -6059.134543620357, -6750.355336913847, -6374.578080778769, -7050.5658961850695, -6115.866817668391, -5762.113772917921, -5264.307434708154, -8674.413275537261, -9273.95183622648, -8325.621623658099, -6211.5434230431165, -7093.169472225169, -7525.846850452104, -5935.341404452814, -6536.783123979907, -5323.777103583736, -5000.869055094316, -9115.862540886577, -6913.11212488113, -6535.118061955734, -8305.33593572323, -6376.482494258336, -4820.411933901297, -6381.597878711742, -4296.851962362285, -5587.814242414805, -5400.431666576571, -5938.232146252963, -5823.677324028397, -6156.795804551455, -6516.502704168572, -5379.578974815186, -5692.758093984199, -3008.2291570461457, -5856.127033478603, -6245.584463053417, -6061.457263074582, -6476.2352251376005, -6162.506341569915]
Time
4.5838422775268555
The result for the 2th execution is
Query Result
[1602.0, 1517.0, 1557.0, 1626.0, 1444.0, 1538.0, 1593.0, 1525.0, 1692.0, 1621.0, 1475.0, 1501.0, 1548.0, 1545.0, 1582.0, 1646.0, 1501.0, 1527.0, 1535.0, 1535.0, 1549.0, 1628.0, 1479.0, 1526.0, 1493.0, 1545.0, 1552.0, 1578.0, 1478.0, 1443.0, 1578.0, 1573.0, 1518.0, 1389.0, 1601.0, 1587.0, 1582.0, 1498.0, 1605.0, 1616.0, 1599.0, 1468.0, 1578.0, 1455.0, 1541.0, 1557.0, 1623.0, 1626.0, 1426.0, 1545.0]
Noised Result
[-5416.987003129531, -6623.593827993385, -6172.4237292766375, -7028.162156174201, -7144.4395619511215, -5782.193784861836, -6121.87486196111, -4415.065663929407, -8966.448709019178, -5603.7362588588985, -5932.535834554006, -6018.246349999531, -5688.29015424739, -6102.203874878173, -6624.8244697147875, -3967.324342764341, -6322.700970408155, -5686.845811267336, -6322.757964075919, -6806.966576248628, -6837.979650149869, -6743.610539596036, -5430.004647152477, -3393.1650088689157, -6926.799272409042, -6514.070315741395, -6845.359706384849, -6671.089823163979, -11098.981168263097, -4326.5802565781505, -7660.539930682338, -7105.629038400773, -7189.530420478835, -6109.639946863168, -6749.902490213656, -6764.939620281632, -4061.2426093506183, -6334.564474175522, -5748.801810579665, -5853.452504393594, -5085.159939993754, -6932.377233847448, -6344.741131049218, -6363.655237791525, -5797.640301317932, -6155.966002336264, -7226.560641857488, -6283.825175208693, -8126.651127353685, -6149.338595918271]
Time
4.5138349533081055
The result for the 3th execution is
Query Result
[1602.0, 1517.0, 1557.0, 1626.0, 1444.0, 1538.0, 1593.0, 1525.0, 1692.0, 1621.0, 1475.0, 1501.0, 1548.0, 1545.0, 1582.0, 1646.0, 1501.0, 1527.0, 1535.0, 1535.0, 1549.0, 1628.0, 1479.0, 1526.0, 1493.0, 1545.0, 1552.0, 1578.0, 1478.0, 1443.0, 1578.0, 1573.0, 1518.0, 1389.0, 1601.0, 1587.0, 1582.0, 1498.0, 1605.0, 1616.0, 1599.0, 1468.0, 1578.0, 1455.0, 1541.0, 1557.0, 1623.0, 1626.0, 1426.0, 1545.0]
Noised Result
[-5948.168318090859, -4451.857090076154, -5519.262674814398, -4751.955666824488, -5049.704857132982, -5271.130279379881, -8780.301651165932, -6230.934389423147, -8310.087520689784, -7963.298935258139, -6407.370768920211, -7986.487178058329, -5341.084045509285, -8487.29414548461, 4713.1811838338035, -5541.988945712799, -5789.9009505536005, -6662.658403881076, -7488.401298055183, -6251.370120400676, -6914.061359347868, -6070.094053507322, -6111.445296936652, -5759.39913076099, -5915.594028222178, -6035.743485877598, -6105.622112747334, -6391.023917309675, -8002.146066531612, -6408.925334189651, -8462.01165583438, -4720.243687257837, -7788.480899056272, -3846.74231800877, -6515.137036305995, -3042.3335694308607, -6932.5322729774625, -6098.009143526335, -6517.666905616153, -6984.983525618936, -7250.944076146769, -6159.927226497164, -5425.447230840604, -7087.39378715392, -6322.395309788196, -5752.533087107265, -8116.244094081694, -6429.842092714669, -6633.854024253998, -5121.804195652819]
Time
4.362311363220215
The result for the 4th execution is
Query Result
[1602.0, 1517.0, 1557.0, 1626.0, 1444.0, 1538.0, 1593.0, 1525.0, 1692.0, 1621.0, 1475.0, 1501.0, 1548.0, 1545.0, 1582.0, 1646.0, 1501.0, 1527.0, 1535.0, 1535.0, 1549.0, 1628.0, 1479.0, 1526.0, 1493.0, 1545.0, 1552.0, 1578.0, 1478.0, 1443.0, 1578.0, 1573.0, 1518.0, 1389.0, 1601.0, 1587.0, 1582.0, 1498.0, 1605.0, 1616.0, 1599.0, 1468.0, 1578.0, 1455.0, 1541.0, 1557.0, 1623.0, 1626.0, 1426.0, 1545.0]
Noised Result
[-4610.280802225587, -6094.494884774723, -5766.593694852084, -10348.573930273531, -6361.225082446033, -6539.137332316057, -6059.113500576706, -5538.523496262528, -4718.341546204751, -6076.434497796994, -5146.5529320324695, -6276.582147837487, -6677.626852055459, -5711.590989478624, -6843.9429559472255, -3932.056362001351, -5955.632317698698, -6510.11061839205, -8327.423165189044, -6006.965212119421, -6239.080513982056, -6410.505235693836, -7395.953301015519, -3841.2396018870368, -5880.515484167938, -7030.59397670125, -5225.4373189597645, -6935.283782361204, -4956.893757462778, -2581.927370548406, -8467.11808659695, -6489.035351361893, -6454.475253724686, -4018.29715442023, -6706.280455512018, -6721.435439926958, -6191.532217073652, -5791.266611732955, -6829.425306888968, -6401.13791050762, -6538.780323740228, -6136.485824517723, -8200.981664723133, -7023.0770830251, -6431.0466243034925, -4488.066385106744, -5987.290689350467, -5780.709046640831, -7620.152992031093, -7715.349402366519]
Time
4.464993000030518
The result for the 5th execution is
Query Result
[1602.0, 1517.0, 1557.0, 1626.0, 1444.0, 1538.0, 1593.0, 1525.0, 1692.0, 1621.0, 1475.0, 1501.0, 1548.0, 1545.0, 1582.0, 1646.0, 1501.0, 1527.0, 1535.0, 1535.0, 1549.0, 1628.0, 1479.0, 1526.0, 1493.0, 1545.0, 1552.0, 1578.0, 1478.0, 1443.0, 1578.0, 1573.0, 1518.0, 1389.0, 1601.0, 1587.0, 1582.0, 1498.0, 1605.0, 1616.0, 1599.0, 1468.0, 1578.0, 1455.0, 1541.0, 1557.0, 1623.0, 1626.0, 1426.0, 1545.0]
Noised Result
[-6504.142764785429, -4810.303378091529, -4919.450231361077, -8523.774387402844, -5584.499370579903, -5852.329344673949, -5679.70456681597, -5380.855841563822, -1875.6934854880355, -5014.024766450774, -5686.537301487524, -7863.275238216802, -4862.8498510536965, -6622.971925118407, -6699.897917641501, -7198.428596936998, -7572.130166024504, -5924.3176263675105, -5330.635718116845, -6091.878919789751, -5393.21770505515, -6289.868448862174, -6785.19773348374, -4583.938721704015, -5658.6563990018285, -6000.875401506884, -6604.515830616907, -7960.432150706722, -6158.866950070813, -4473.982426065296, -6381.819193830515, -4193.23882441088, -6877.691782040541, -6012.083096959669, -6925.441723399361, -5873.191480438421, -6546.159717267322, -6002.616425698193, -9441.856539199776, -6755.501973756112, -6609.479007869227, -5855.310744797182, -6553.754784992827, -5844.917659088969, -5789.813801273179, -7349.871122889788, -5959.868410168622, -6112.176198486136, -6546.314538888142, -5719.472293353487]
Time
4.628690719604492
The result for the 6th execution is
Query Result
[1602.0, 1517.0, 1557.0, 1626.0, 1444.0, 1538.0, 1593.0, 1525.0, 1692.0, 1621.0, 1475.0, 1501.0, 1548.0, 1545.0, 1582.0, 1646.0, 1501.0, 1527.0, 1535.0, 1535.0, 1549.0, 1628.0, 1479.0, 1526.0, 1493.0, 1545.0, 1552.0, 1578.0, 1478.0, 1443.0, 1578.0, 1573.0, 1518.0, 1389.0, 1601.0, 1587.0, 1582.0, 1498.0, 1605.0, 1616.0, 1599.0, 1468.0, 1578.0, 1455.0, 1541.0, 1557.0, 1623.0, 1626.0, 1426.0, 1545.0]
Noised Result
[-8927.90433660991, -5601.985073110692, -6611.350241536278, -7735.743883257961, -6792.28890119625, -8325.911211921924, -4657.381987909018, -5452.42236993273, -6364.80970165586, -8151.696562369556, -6586.092527640091, -6050.913978147726, -7041.142333915563, -7594.4993208396645, -5340.174396874432, -6248.885692036496, -6283.935927253176, -6661.900140539542, -5971.616174726559, -4867.790827187099, -4989.967452962973, -6127.793794156389, -8045.772374198106, -6535.234199539353, -7193.554878334113, -6203.107814041373, -4130.393377099237, -6802.086201680541, -5567.706155132021, -6024.859540051132, -6730.240187044323, -6075.690330644889, -6652.142358186248, -4429.632509041077, -5004.085503461487, -6448.9285381033305, -6367.154793054258, -4718.514726798247, -3672.806939561753, -5063.8802555848715, -3748.751465852327, -7278.258756455356, -6181.6062506869, -6598.866134446901, -5684.6690007080015, -7518.258766802828, -9080.290565947786, -5660.700440659623, -7183.933129168385, -8211.802413842235]
Time
4.405559778213501
The result for the 7th execution is
Query Result
[1602.0, 1517.0, 1557.0, 1626.0, 1444.0, 1538.0, 1593.0, 1525.0, 1692.0, 1621.0, 1475.0, 1501.0, 1548.0, 1545.0, 1582.0, 1646.0, 1501.0, 1527.0, 1535.0, 1535.0, 1549.0, 1628.0, 1479.0, 1526.0, 1493.0, 1545.0, 1552.0, 1578.0, 1478.0, 1443.0, 1578.0, 1573.0, 1518.0, 1389.0, 1601.0, 1587.0, 1582.0, 1498.0, 1605.0, 1616.0, 1599.0, 1468.0, 1578.0, 1455.0, 1541.0, 1557.0, 1623.0, 1626.0, 1426.0, 1545.0]
Noised Result
[-6032.226454050007, -5297.056360417383, -5326.25892636519, -6818.930546969064, -5377.96406699492, -5779.10129003706, -6234.570454157229, -6145.613150639273, -6267.770453291843, -6028.65481530322, -6058.065141701686, -7930.048399646772, -5695.104444552665, -5807.558528134665, -7234.344876277171, -5562.189310205031, -4989.655031322333, -2973.5212491758266, -5049.206168004167, -5582.410426647684, -5843.367013216586, -10235.011258198014, -5572.532054436572, -5889.8353048885265, -6544.543076873679, -4680.386025473239, -6288.626969523548, -6957.917531385806, -4574.844227319086, -3458.963236079051, -6345.619655856022, -5046.207079109403, -6292.107179463084, -6949.389188629621, -6685.906978403265, -6242.12442057241, -7114.382174524009, -6171.897494252635, -4879.069918511518, -5786.1967934093145, -6881.029616338106, -5995.476295011778, -4856.753775104351, -6743.146750774127, -6597.687545782173, -6570.456189484247, -5667.668976392282, -6637.923104125198, -8000.528815737338, -5705.26043674511]
Time
4.508302688598633
The result for the 8th execution is
Query Result
[1602.0, 1517.0, 1557.0, 1626.0, 1444.0, 1538.0, 1593.0, 1525.0, 1692.0, 1621.0, 1475.0, 1501.0, 1548.0, 1545.0, 1582.0, 1646.0, 1501.0, 1527.0, 1535.0, 1535.0, 1549.0, 1628.0, 1479.0, 1526.0, 1493.0, 1545.0, 1552.0, 1578.0, 1478.0, 1443.0, 1578.0, 1573.0, 1518.0, 1389.0, 1601.0, 1587.0, 1582.0, 1498.0, 1605.0, 1616.0, 1599.0, 1468.0, 1578.0, 1455.0, 1541.0, 1557.0, 1623.0, 1626.0, 1426.0, 1545.0]
Noised Result
[-4702.222300779263, -5021.59144563217, -5234.821245710907, -6811.684559804816, -6293.697410701768, -6440.650095078381, -6066.84827075428, -6195.139275894341, -7537.218487032504, -6251.098258645024, -5370.463533046604, -6663.250599814909, -4717.513574414634, -4472.322400691184, -6573.967757555089, -5802.43968588628, -6879.151478040318, -4946.7254117627745, -4453.400707968364, -6403.018056472853, -6195.4999990903925, -6274.866653456342, -7608.26449805863, -5879.695701534329, -5828.874024445466, -5342.469270341834, -6921.202476291971, -7203.338289097095, -4359.898283286079, -6623.600893110395, -4220.639062945827, -6029.803137393213, -7396.48956577235, -3842.1842986999336, -5399.779613569173, -7772.829034128579, -3883.629328871515, -5700.846642788032, -6482.63660062264, -5519.8116554798, -6582.792594060713, -6466.328860073653, -6360.178949361007, -6101.153199185033, -7294.902374591216, -7124.180709700828, -5724.879842585179, -5096.824368585839, -5349.429577706063, -4862.411954431117]
Time
4.525096416473389
The result for the 9th execution is
Query Result
[1602.0, 1517.0, 1557.0, 1626.0, 1444.0, 1538.0, 1593.0, 1525.0, 1692.0, 1621.0, 1475.0, 1501.0, 1548.0, 1545.0, 1582.0, 1646.0, 1501.0, 1527.0, 1535.0, 1535.0, 1549.0, 1628.0, 1479.0, 1526.0, 1493.0, 1545.0, 1552.0, 1578.0, 1478.0, 1443.0, 1578.0, 1573.0, 1518.0, 1389.0, 1601.0, 1587.0, 1582.0, 1498.0, 1605.0, 1616.0, 1599.0, 1468.0, 1578.0, 1455.0, 1541.0, 1557.0, 1623.0, 1626.0, 1426.0, 1545.0]
Noised Result
[-5229.728407174214, -9091.934020279477, -5876.80175482352, -5980.05396846093, -4746.304468678443, -5625.727076171035, -5313.2971597438245, -7002.751432160939, -6358.927077737034, -5499.595647791741, -1405.1522365499968, -6759.714546469278, -7231.674224888642, -6154.296132931539, -6056.050171018037, -5131.771177483026, -6669.811288510338, -6990.085363182884, -5738.072128197018, -6584.0006703678355, -6753.2831584393625, -6219.588285867991, -6149.682349158566, -6448.2161471576155, -7252.121102767527, -6575.892561204641, -6046.570924352161, -7826.525406025117, -6240.7227836548245, -7137.9993821934, -6743.849401988952, -6197.435419856202, -5683.652130906506, -6596.297357553725, -7022.245728822154, -6180.619210196257, -6174.378200615083, -5318.589782163929, -4633.357502387037, -6475.855748532666, -6290.971319454871, -5414.605594794395, -6567.431220390274, -6648.795980498183, -5049.364373335955, -8152.189093894436, -5682.9708185001755, -6150.7447048331815, -6255.55966580486, -6122.802523318527]
Time
4.412296533584595
The result for the 10th execution is
Query Result
[1602.0, 1517.0, 1557.0, 1626.0, 1444.0, 1538.0, 1593.0, 1525.0, 1692.0, 1621.0, 1475.0, 1501.0, 1548.0, 1545.0, 1582.0, 1646.0, 1501.0, 1527.0, 1535.0, 1535.0, 1549.0, 1628.0, 1479.0, 1526.0, 1493.0, 1545.0, 1552.0, 1578.0, 1478.0, 1443.0, 1578.0, 1573.0, 1518.0, 1389.0, 1601.0, 1587.0, 1582.0, 1498.0, 1605.0, 1616.0, 1599.0, 1468.0, 1578.0, 1455.0, 1541.0, 1557.0, 1623.0, 1626.0, 1426.0, 1545.0]
Noised Result
[-4307.396981128381, -6423.616432020056, -5057.7918416337525, -6905.175580933193, -6547.306178464485, -5714.234276535417, -6568.6626103524895, -6217.802176257068, -4992.177986376335, -7672.039713139857, -6836.706449534884, -6812.681157564864, -6339.374306994772, -6345.691636288734, -7275.221884091174, -8470.5756227978, -6415.076736525917, -5013.636332587856, -4975.3188905907655, -5803.442586601275, -6308.718245219541, -1514.1315854315008, -6282.0393812809625, -2408.624873042674, -6488.3823226682025, -5455.756211978337, -7201.1985187633345, -7597.343008936681, -6292.7435915247, -9652.303197164869, -6116.360164484875, -5873.090048370935, -5659.127870073168, -4507.140878313443, -5060.868984208091, -6954.863352301215, -7229.779508668307, -1127.7582375094526, -6137.796333063258, -6027.306773322151, -6592.602671801014, -6929.3729054837995, -6258.721458883338, -9960.634846522571, -6894.901695271764, -5621.668324093282, -4997.379061967345, -5603.31871868312, -6366.503478616842, -5832.6564083051035]
Time
4.451266288757324
The result for the 11th execution is
Query Result
[1602.0, 1517.0, 1557.0, 1626.0, 1444.0, 1538.0, 1593.0, 1525.0, 1692.0, 1621.0, 1475.0, 1501.0, 1548.0, 1545.0, 1582.0, 1646.0, 1501.0, 1527.0, 1535.0, 1535.0, 1549.0, 1628.0, 1479.0, 1526.0, 1493.0, 1545.0, 1552.0, 1578.0, 1478.0, 1443.0, 1578.0, 1573.0, 1518.0, 1389.0, 1601.0, 1587.0, 1582.0, 1498.0, 1605.0, 1616.0, 1599.0, 1468.0, 1578.0, 1455.0, 1541.0, 1557.0, 1623.0, 1626.0, 1426.0, 1545.0]
Noised Result
[-3611.443281753747, -8421.455818641134, -8595.84595473441, -6364.969528750693, -5694.72372196122, -6139.981491200729, -6362.218315979084, -6889.57414844316, -6109.551534048242, -5712.260474493576, -8234.258529183684, -3677.444087378356, -6365.494073673499, -4970.364275485366, -6331.634397325681, -6689.834424081549, -6042.498029193331, -5847.477859039478, -5346.473517590456, -7218.416387631851, -5596.544407603913, -6974.5867040833255, -5544.773033327073, -7291.245026207385, -6561.263310162487, -1530.0365523491964, -5466.40792263926, -4819.148171018659, -6533.884317534977, -5132.718931072637, -6312.163333910314, -5108.7580863272515, -4270.756328324067, -6268.980583546441, -5589.757434627162, -6110.673057101102, -5066.244010079936, -7198.24436718789, -6037.283116036604, -6625.3857298192315, -6057.612392414924, -10789.906690418207, -6916.0669457537, -2232.8932304949194, -7107.061578383606, -5150.855602525601, -6027.380922241981, -8410.976253485765, -6023.312217300622, -8007.77567615467]
Time
4.493520975112915
The result for the 12th execution is
Query Result
[1602.0, 1517.0, 1557.0, 1626.0, 1444.0, 1538.0, 1593.0, 1525.0, 1692.0, 1621.0, 1475.0, 1501.0, 1548.0, 1545.0, 1582.0, 1646.0, 1501.0, 1527.0, 1535.0, 1535.0, 1549.0, 1628.0, 1479.0, 1526.0, 1493.0, 1545.0, 1552.0, 1578.0, 1478.0, 1443.0, 1578.0, 1573.0, 1518.0, 1389.0, 1601.0, 1587.0, 1582.0, 1498.0, 1605.0, 1616.0, 1599.0, 1468.0, 1578.0, 1455.0, 1541.0, 1557.0, 1623.0, 1626.0, 1426.0, 1545.0]
Noised Result
[-8210.734128180966, -5242.226788299244, -6149.151534433054, -7159.055890685726, -5522.4854930463, -6562.8627648201345, -6180.168148341563, -7126.576464271233, -6670.068448221167, -6895.849988401558, -9534.496199444386, -6181.559729735538, -6790.400981323746, -6215.805397858081, -4240.46796161911, -5730.30032173018, -6677.64453468483, -8331.187097894617, -4877.043947584436, -6654.848796435225, -6103.642179179387, -6610.753020990804, -5348.783860167048, -4628.871179038051, -6240.70121618904, -5198.566401128959, -4585.5363583885755, -6258.42600621674, -6178.606356770097, -5698.058648785871, -6351.203240189724, -6705.732382400755, -5076.477575465142, -6970.541153110919, -3852.1104957579555, -6721.281501610355, -5629.619699958813, -4739.564661884326, -8909.600035125153, -7199.619095581849, -5160.625847376786, -4180.313757187153, -8620.512524133153, -8015.36892088638, -6760.842164110801, -5979.079446589604, -5024.286557151325, -6157.610510597737, -6914.925132461831, -5813.226707687347]
Time
4.573936700820923
The result for the 13th execution is
Query Result
[1602.0, 1517.0, 1557.0, 1626.0, 1444.0, 1538.0, 1593.0, 1525.0, 1692.0, 1621.0, 1475.0, 1501.0, 1548.0, 1545.0, 1582.0, 1646.0, 1501.0, 1527.0, 1535.0, 1535.0, 1549.0, 1628.0, 1479.0, 1526.0, 1493.0, 1545.0, 1552.0, 1578.0, 1478.0, 1443.0, 1578.0, 1573.0, 1518.0, 1389.0, 1601.0, 1587.0, 1582.0, 1498.0, 1605.0, 1616.0, 1599.0, 1468.0, 1578.0, 1455.0, 1541.0, 1557.0, 1623.0, 1626.0, 1426.0, 1545.0]
Noised Result
[-4968.807415774592, -6133.0474881356695, -4993.963229124147, -5443.45303415948, -5847.279402394224, -7245.050128053288, -6033.018477352486, -5406.498807469722, -5187.627522141991, -6289.4042533463, -5405.612309796446, -6036.842656182363, -7223.611785782241, -5319.699205312108, -5287.566469744797, -5951.273323456368, -6495.611894914063, -6597.30632996782, -6552.57378898175, -6852.604024390992, -6500.066008918143, -7402.412238828425, -6251.1660793881965, -4794.886459902309, -4301.542811669943, -6585.230473366954, -6906.928253194658, -7192.90831938631, -6514.311902530378, -5986.864075672391, -6123.4708309998805, -7879.385204640625, -6044.6788251571525, -6703.46767223772, -7594.6966949338275, -8208.107111193862, -9343.641722844684, -6179.907511963902, -6296.994449018009, -6415.048920741299, -8323.093135331896, -3893.2935427942884, -5094.137899639059, -5821.801313566953, -6240.415522859785, -5475.676517478353, -6295.876065077283, -5770.847873331497, -5099.153336067176, -6442.72983998261]
Time
4.381377696990967
The result for the 14th execution is
Query Result
[1602.0, 1517.0, 1557.0, 1626.0, 1444.0, 1538.0, 1593.0, 1525.0, 1692.0, 1621.0, 1475.0, 1501.0, 1548.0, 1545.0, 1582.0, 1646.0, 1501.0, 1527.0, 1535.0, 1535.0, 1549.0, 1628.0, 1479.0, 1526.0, 1493.0, 1545.0, 1552.0, 1578.0, 1478.0, 1443.0, 1578.0, 1573.0, 1518.0, 1389.0, 1601.0, 1587.0, 1582.0, 1498.0, 1605.0, 1616.0, 1599.0, 1468.0, 1578.0, 1455.0, 1541.0, 1557.0, 1623.0, 1626.0, 1426.0, 1545.0]
Noised Result
[-6580.704884544201, -5669.46814331865, -5218.30185053873, -6020.239426462906, -5995.412804989171, -7899.873789648174, -5824.447953008157, -6351.5995425694, -6239.391311730044, -7063.1291348950635, -6920.85841124445, -6231.581779158266, -6553.727580705276, -5410.607623549836, -7132.889901927703, -6808.044190142355, -3430.1582240443477, -5863.882860666886, -5334.004597564898, -6192.389347563557, -5689.376128202008, -5534.630592264428, -9446.294452914743, -5216.856785347505, -6190.84926210744, -6068.995923489374, -6390.746599891953, -6872.759705812384, -6103.0553423129695, -7393.828321490817, -7748.381607238287, -6420.589752648274, -6593.747303910321, -5278.51543994814, -5853.898921512503, -6185.450667506075, -7929.593869501583, -2356.233382222364, -6524.897101081932, -9406.840179334698, -6955.747140321037, -6080.437735103243, -6452.743325601784, -7728.123178233955, -6131.086754324001, -6368.269467102903, -6605.609420552971, -6057.090122560126, -5588.0513960127155, -6428.803798165306]
Time
4.457277774810791
The result for the 15th execution is
Query Result
[1602.0, 1517.0, 1557.0, 1626.0, 1444.0, 1538.0, 1593.0, 1525.0, 1692.0, 1621.0, 1475.0, 1501.0, 1548.0, 1545.0, 1582.0, 1646.0, 1501.0, 1527.0, 1535.0, 1535.0, 1549.0, 1628.0, 1479.0, 1526.0, 1493.0, 1545.0, 1552.0, 1578.0, 1478.0, 1443.0, 1578.0, 1573.0, 1518.0, 1389.0, 1601.0, 1587.0, 1582.0, 1498.0, 1605.0, 1616.0, 1599.0, 1468.0, 1578.0, 1455.0, 1541.0, 1557.0, 1623.0, 1626.0, 1426.0, 1545.0]
Noised Result
[-5852.058483949543, -7597.339663962803, -6384.421555307029, -6272.975429774521, -5651.012861379884, -5808.375469666473, -6125.165379944591, -5726.132350689592, -5618.675286599526, -5543.963088861658, -3968.55977682326, -7242.319376522926, -8257.06339119936, -7038.588324011704, -5387.433836087419, -4742.707618093016, -7308.204750697689, -3460.3613406690565, -6357.369587618924, -5075.838114779131, -6444.835389946778, -5643.895854965473, -6762.154803890947, -6158.192933425603, -6657.995553358343, -4867.583159735565, -6112.0852966424545, -7435.193054109157, -3715.5433734350017, -7109.687117224106, -6416.2147472969655, -4789.52973502162, -6845.320680325174, -6013.144414550953, -6765.828301040887, -3909.084727465932, -6427.354127075054, -6893.774628295028, -7605.948938809097, -6713.496155149376, -4599.498641656484, -4396.466370734921, -7443.417660157851, -4880.737620924723, -7511.983227186725, -7126.334614426685, -6351.64711108519, -6645.5683397701505, -5689.893568761312, -10693.999544418892]
Time
4.53918719291687
The result for the 16th execution is
Query Result
[1602.0, 1517.0, 1557.0, 1626.0, 1444.0, 1538.0, 1593.0, 1525.0, 1692.0, 1621.0, 1475.0, 1501.0, 1548.0, 1545.0, 1582.0, 1646.0, 1501.0, 1527.0, 1535.0, 1535.0, 1549.0, 1628.0, 1479.0, 1526.0, 1493.0, 1545.0, 1552.0, 1578.0, 1478.0, 1443.0, 1578.0, 1573.0, 1518.0, 1389.0, 1601.0, 1587.0, 1582.0, 1498.0, 1605.0, 1616.0, 1599.0, 1468.0, 1578.0, 1455.0, 1541.0, 1557.0, 1623.0, 1626.0, 1426.0, 1545.0]
Noised Result
[-6355.432063880147, -5164.009253262802, -6011.052539541413, -3855.4022078107073, -8311.861159019452, -6232.449721513671, -6139.637398418469, -6120.689681979211, -6018.036997459841, -5786.237422352712, -5167.1947542341495, -5841.771450136975, -5642.448822699744, -6803.571537497109, -7547.806714414051, -4008.9413898196235, -6160.150383526192, -4628.738394704675, -8189.1786683984155, -8881.61371067369, -5292.803176916608, -6377.545571866915, -6456.721474628151, -1331.4142625870136, -6471.083522318193, -6740.331559607303, -6306.506071228795, -6747.698401073613, -8656.622384026103, -6156.619904463454, -7022.3051900439, -4804.872756589888, -5804.056810535371, -4059.221437092613, -5781.890640106937, -6051.319635297894, -6184.745076368704, -4681.514509093995, -6777.766608983944, -7876.92981301932, -6184.237269893833, -6509.085475454345, -6402.372141807141, -6578.127580631165, -6527.575884735818, -7463.355940443937, -6045.943528767426, -6013.4934060457, -6408.631056144103, -5531.173011956826]
Time
4.38336706161499
The result for the 17th execution is
Query Result
[1602.0, 1517.0, 1557.0, 1626.0, 1444.0, 1538.0, 1593.0, 1525.0, 1692.0, 1621.0, 1475.0, 1501.0, 1548.0, 1545.0, 1582.0, 1646.0, 1501.0, 1527.0, 1535.0, 1535.0, 1549.0, 1628.0, 1479.0, 1526.0, 1493.0, 1545.0, 1552.0, 1578.0, 1478.0, 1443.0, 1578.0, 1573.0, 1518.0, 1389.0, 1601.0, 1587.0, 1582.0, 1498.0, 1605.0, 1616.0, 1599.0, 1468.0, 1578.0, 1455.0, 1541.0, 1557.0, 1623.0, 1626.0, 1426.0, 1545.0]
Noised Result
[-7091.705010364709, -6480.375402769314, -6842.396587358388, -6959.576288551168, -6388.795579032452, -6728.498400739261, -6387.91175326489, -8580.652599889461, -6077.04295431442, -3833.6777908450067, -6593.071770670265, -6517.904771136902, -4482.992470104777, -7586.127029188823, -7612.842951931005, -6170.329005795783, -6374.090972889936, -6338.675667922905, -8479.328515935991, -6694.3167114966, -7192.6301974472135, -5321.013496528501, -8084.419628101163, -5886.275770932109, -7601.321299512067, -5510.686908135007, -4123.551637848423, -5987.684790742443, -5535.007419299669, -3529.204920714099, -5432.8970623806545, -5217.891746966471, -5577.376250517424, -7608.196899827271, -5373.548692206604, -5703.756320300043, -5778.044882889646, -5848.824787285371, -5470.980519121609, -4265.386026827106, -5921.127892733996, -6594.254963147591, -6248.498569319038, -6610.399867360464, -6250.16984136014, -6945.34506664299, -4681.946940517956, -5636.397183637069, -6495.8853278289735, -5465.960827549389]
Time
4.494959831237793
The result for the 18th execution is
Query Result
[1602.0, 1517.0, 1557.0, 1626.0, 1444.0, 1538.0, 1593.0, 1525.0, 1692.0, 1621.0, 1475.0, 1501.0, 1548.0, 1545.0, 1582.0, 1646.0, 1501.0, 1527.0, 1535.0, 1535.0, 1549.0, 1628.0, 1479.0, 1526.0, 1493.0, 1545.0, 1552.0, 1578.0, 1478.0, 1443.0, 1578.0, 1573.0, 1518.0, 1389.0, 1601.0, 1587.0, 1582.0, 1498.0, 1605.0, 1616.0, 1599.0, 1468.0, 1578.0, 1455.0, 1541.0, 1557.0, 1623.0, 1626.0, 1426.0, 1545.0]
Noised Result
[-5408.707530717898, -5449.235748395752, -7226.146630100186, -7318.568676986173, -9512.430108983168, -9446.00236860744, -5925.891548731768, -6248.307528320883, -6264.611386424837, -6743.242808900078, -6828.034617009716, -7012.810979128395, -5354.845874772131, -5923.2110252676, -5238.386247227626, -6183.654406677898, -6339.800359407944, -5827.800493995217, -5990.091311305709, -6331.849025290238, -5898.741093907851, -6232.779355450211, -6236.071451489641, -7024.203054646482, -4486.215204711649, -6650.532092727765, -5736.681557570268, -6429.70689566139, -6331.111595596055, -5996.27261300493, -6291.649309279444, -5320.837792231716, -6502.445403909967, -8168.0855581009, -5031.47689313241, -4810.930382215688, -7090.181887701237, -6241.300351009111, -4946.365700778541, -7536.428455319185, -6994.040456558852, -5247.2079925900325, -6929.9646719843595, -7509.187175719051, -6434.278234095404, -5717.948222926938, -5839.098485093929, -6403.065846257278, -7588.377005357332, -5394.900515089953]
Time
4.570127487182617
The result for the 19th execution is
Query Result
[1602.0, 1517.0, 1557.0, 1626.0, 1444.0, 1538.0, 1593.0, 1525.0, 1692.0, 1621.0, 1475.0, 1501.0, 1548.0, 1545.0, 1582.0, 1646.0, 1501.0, 1527.0, 1535.0, 1535.0, 1549.0, 1628.0, 1479.0, 1526.0, 1493.0, 1545.0, 1552.0, 1578.0, 1478.0, 1443.0, 1578.0, 1573.0, 1518.0, 1389.0, 1601.0, 1587.0, 1582.0, 1498.0, 1605.0, 1616.0, 1599.0, 1468.0, 1578.0, 1455.0, 1541.0, 1557.0, 1623.0, 1626.0, 1426.0, 1545.0]
Noised Result
[-6418.760554101316, -5312.770806515032, -5754.547187535788, -7973.455769277893, -7830.753652827732, -7769.157277326596, -7219.197219211899, -5905.956093345849, -6413.720221874656, -6257.818583130494, -6243.850590860399, -4680.819425635598, -4271.418810099711, -4587.233078904119, -6201.854373687674, -7385.407559466388, -6883.530622504433, -6179.227832964514, -6501.472262356694, -6314.660925494907, -3836.677748363806, -6255.6840192144455, -6280.256177761823, -6053.975783938248, -5070.621526395894, -6746.851826810003, -4813.3899431146765, -7277.23604843131, -5954.891871692648, -5575.9145523499665, -6022.3318150771265, -4921.871415860864, -5968.729933134791, -5050.713346195844, -4384.636026655061, -6179.25347391883, -9649.8232296476, -5763.103000075715, -5069.308627126215, -6540.228145276472, -6220.614153945795, -5907.2814932932215, -6101.681985911329, -6363.438700582933, -6630.378271074058, -6218.587105569914, -6687.870396951737, -8452.589804811747, -8200.89687777378, -6545.133791886777]
Time
4.466287136077881
