The result for the 0th execution is
Query Result
[24539.0, 24358.0, 24530.0, 25052.0, 24822.0, 24826.0, 24806.0, 24750.0, 24774.0, 25207.0, 24526.0, 24751.0, 24979.0, 24569.0, 24741.0, 24858.0, 24754.0, 24557.0, 24920.0, 24809.0, 25146.0, 24882.0, 25133.0, 24865.0, 25137.0, 25043.0, 24727.0, 25134.0, 25083.0, 24965.0, 24594.0, 24719.0, 24377.0, 24313.0, 24697.0, 24517.0, 24374.0, 24541.0, 24693.0, 24550.0, 24771.0, 24939.0, 24662.0, 24419.0, 24774.0, 24373.0, 24873.0, 24324.0, 24696.0, 24605.0]
Noised Result
[17368.496003853383, 18869.914031217642, 19541.86660179517, 18889.289167224037, 19242.32480524585, 19644.121756907745, 19219.133386164332, 19691.980388903456, 19529.89005198735, 20873.85176393237, 19998.68329388664, 19623.39937192034, 19544.081591631395, 18334.031640372606, 19123.94312576884, 21222.961886955673, 20578.51062583105, 20956.138346678195, 19528.441493269722, 19261.863772098728, 19505.764020175848, 19323.981325915636, 19716.023510307896, 19547.70570224403, 20349.696532925096, 19910.548528761665, 19528.977889840313, 19967.002097624965, 23094.308337820778, 18860.858089766, 19671.953131630336, 19907.988276073527, 18775.02002709729, 19132.069325291603, 19928.720307620504, 18845.69003725781, 18877.41116186737, 19493.11796010346, 20269.042277832003, 19487.02201210941, 19619.192395094786, 19456.81233813994, 18107.9773014741, 18948.558326370563, 18574.844455359715, 19742.258756673444, 19427.630187185776, 19066.499751181065, 19883.32225899152, 19752.27922077003]
Time
15.53201961517334
The result for the 1th execution is
Query Result
[24539.0, 24358.0, 24530.0, 25052.0, 24822.0, 24826.0, 24806.0, 24750.0, 24774.0, 25207.0, 24526.0, 24751.0, 24979.0, 24569.0, 24741.0, 24858.0, 24754.0, 24557.0, 24920.0, 24809.0, 25146.0, 24882.0, 25133.0, 24865.0, 25137.0, 25043.0, 24727.0, 25134.0, 25083.0, 24965.0, 24594.0, 24719.0, 24377.0, 24313.0, 24697.0, 24517.0, 24374.0, 24541.0, 24693.0, 24550.0, 24771.0, 24939.0, 24662.0, 24419.0, 24774.0, 24373.0, 24873.0, 24324.0, 24696.0, 24605.0]
Noised Result
[18990.457724543987, 18923.935547142606, 19224.13735623106, 18977.03328007074, 19689.788385643744, 19560.44245715935, 18431.940657721483, 19777.481371509028, 19256.346351513206, 19296.592416923, 19210.36383857963, 19049.442417500613, 19588.596660981468, 19521.079523451786, 19757.541946716396, 19878.411229461683, 18762.653127426045, 19576.721859279158, 18134.463794953866, 19590.38580194635, 21770.803040568695, 19574.35966736861, 19199.591167484046, 19523.66765281562, 20022.030526207003, 20249.682341843494, 17897.084611249637, 19590.223442747858, 19600.289105628413, 19384.068934838262, 19422.190813807858, 19550.09472599462, 19294.701094056072, 19216.979656115665, 20194.14143590538, 19836.171809757852, 20139.997383471535, 19678.572443015684, 19721.055661819555, 20079.292841414335, 19031.385118670856, 19466.325892677058, 19490.915454828955, 19286.021320033036, 20125.35129507555, 18620.742088439558, 19323.976480798156, 18396.946026983085, 9387442.816397898, 18257.02189129285]
Time
15.774161338806152
The result for the 2th execution is
Query Result
[24539.0, 24358.0, 24530.0, 25052.0, 24822.0, 24826.0, 24806.0, 24750.0, 24774.0, 25207.0, 24526.0, 24751.0, 24979.0, 24569.0, 24741.0, 24858.0, 24754.0, 24557.0, 24920.0, 24809.0, 25146.0, 24882.0, 25133.0, 24865.0, 25137.0, 25043.0, 24727.0, 25134.0, 25083.0, 24965.0, 24594.0, 24719.0, 24377.0, 24313.0, 24697.0, 24517.0, 24374.0, 24541.0, 24693.0, 24550.0, 24771.0, 24939.0, 24662.0, 24419.0, 24774.0, 24373.0, 24873.0, 24324.0, 24696.0, 24605.0]
Noised Result
[19245.90520316339, 18969.415003843544, 18961.365865953183, 20017.378604162226, 19104.220304864997, 19495.277488262105, 18404.171148534384, 19669.12562660124, 18840.77706470408, 20453.80857049596, 18439.79709163783, 19549.047920543253, 19017.26516894022, 18511.843377269714, 20013.282476359604, 18847.9852388972, 19331.197280343476, 19937.807394884076, 19645.841101619477, 19470.85660461524, 19545.903089429914, 19445.08357836128, 19634.68088586119, 19403.75440677287, 20143.785331819057, 19675.11112359611, 19490.69166140641, 20467.389742960822, 18765.25581496802, 19470.75615400603, 19337.053631894516, 19673.13872767312, 19835.069864982936, 20019.050360063975, 19879.550077106007, 18523.828046019033, 18853.04014806322, 19105.79783364923, 19401.705101766296, 20999.563356555846, 19340.492806652604, 19248.854100299206, 19334.06417691703, 19395.949070958755, 18698.230483486037, 19889.243051905734, 19824.273287376654, 19297.776743484643, 18868.261100308388, 18277.734602593173]
Time
15.625615119934082
The result for the 3th execution is
Query Result
[24539.0, 24358.0, 24530.0, 25052.0, 24822.0, 24826.0, 24806.0, 24750.0, 24774.0, 25207.0, 24526.0, 24751.0, 24979.0, 24569.0, 24741.0, 24858.0, 24754.0, 24557.0, 24920.0, 24809.0, 25146.0, 24882.0, 25133.0, 24865.0, 25137.0, 25043.0, 24727.0, 25134.0, 25083.0, 24965.0, 24594.0, 24719.0, 24377.0, 24313.0, 24697.0, 24517.0, 24374.0, 24541.0, 24693.0, 24550.0, 24771.0, 24939.0, 24662.0, 24419.0, 24774.0, 24373.0, 24873.0, 24324.0, 24696.0, 24605.0]
Noised Result
[18923.238135624146, 16800.233579661945, 19473.093988778113, 19689.094246513123, 18832.334725111432, 20207.22811469925, 19228.301560852095, 20887.609957132525, 21684.90851353215, 19671.01497797928, 17078.38964202778, 20157.109519292484, 20187.431680132682, 19756.25968328231, 19199.736930196323, 19953.48598544945, 18651.3526380699, 19885.666322704452, 18866.876281551606, 20256.739759584772, 19481.41664430133, 20377.82690325732, 20205.457916762618, 19519.264644822273, 19843.025363462686, 20479.56302585491, 19723.079845465654, 19834.263939588967, 19729.716488096277, 19975.679995089475, 18753.744174392836, 17684.141590452557, 19493.83866821412, 19582.91496573408, 19712.590583837587, 19418.421453972267, 19145.018550139237, 18974.057449833752, 19142.18408253816, 20227.75818949284, 19636.107715447408, 19804.535738626946, 18767.744228164796, 19161.028170891524, 19569.666684477248, 19267.335587518435, 19663.920187901615, 19444.45187638506, 19607.42105012416, 16920.775590261797]
Time
15.617995500564575
The result for the 4th execution is
Query Result
[24539.0, 24358.0, 24530.0, 25052.0, 24822.0, 24826.0, 24806.0, 24750.0, 24774.0, 25207.0, 24526.0, 24751.0, 24979.0, 24569.0, 24741.0, 24858.0, 24754.0, 24557.0, 24920.0, 24809.0, 25146.0, 24882.0, 25133.0, 24865.0, 25137.0, 25043.0, 24727.0, 25134.0, 25083.0, 24965.0, 24594.0, 24719.0, 24377.0, 24313.0, 24697.0, 24517.0, 24374.0, 24541.0, 24693.0, 24550.0, 24771.0, 24939.0, 24662.0, 24419.0, 24774.0, 24373.0, 24873.0, 24324.0, 24696.0, 24605.0]
Noised Result
[19985.62534580072, 20049.537825199626, 19002.933606246825, 20731.47422654109, 19027.60905450733, 17805.75547997524, 20585.274598381984, 19632.158974893806, 20482.022175323422, 20019.697637465, 20086.332445017837, 19645.44043347345, 18504.61951219967, 19381.378024332065, 18924.04277465888, 20442.97019458848, 20535.73466103443, 20785.062644940783, 20108.73855572484, 19523.414361503314, 20072.284961281464, 20213.87265694709, 19983.45751501985, 20210.864696120727, 19767.148032799345, 20122.236664819244, 19336.871348846093, 20447.28045007012, 19816.71309962388, 19739.77366854649, 18611.1734272159, 19559.759733645056, 18550.387303818665, 19169.503777447055, 20036.673090504773, 19360.684967321162, 18765.88015161796, 19030.085351930495, 19712.365474574646, 19302.996190028047, 20370.29479520281, 19992.999393723105, 19634.33129126678, 18934.32278490771, 21672.36927103889, 19180.247655394352, 18820.247580772142, 20046.555527971945, 19293.72806687533, 19151.720088273207]
Time
15.71068549156189
The result for the 5th execution is
Query Result
[24539.0, 24358.0, 24530.0, 25052.0, 24822.0, 24826.0, 24806.0, 24750.0, 24774.0, 25207.0, 24526.0, 24751.0, 24979.0, 24569.0, 24741.0, 24858.0, 24754.0, 24557.0, 24920.0, 24809.0, 25146.0, 24882.0, 25133.0, 24865.0, 25137.0, 25043.0, 24727.0, 25134.0, 25083.0, 24965.0, 24594.0, 24719.0, 24377.0, 24313.0, 24697.0, 24517.0, 24374.0, 24541.0, 24693.0, 24550.0, 24771.0, 24939.0, 24662.0, 24419.0, 24774.0, 24373.0, 24873.0, 24324.0, 24696.0, 24605.0]
Noised Result
[18877.571057754925, 19171.917029574626, 19260.54136735827, 19368.098152162464, 19519.779828224277, 20171.047565267934, 19440.32652747135, 18422.22051983878, 19887.637192405527, 19897.959656140047, 19380.51227090581, 19692.254229283364, 20242.888732818337, 19393.44099807924, 20153.08239208561, 19502.47138952618, 19564.196160081, 19695.322513878342, 19596.93643332192, 19782.11416894727, 19649.712501473772, 19897.336598891863, 19921.04742736815, 19034.834619341218, 20207.023361634183, 19478.27896667861, 19638.099028351455, 19500.48527761603, 20328.27427015631, 20092.298262025244, 20485.20701663592, 19418.84753805514, 19401.20919345226, 18788.58607607375, 18778.703210456926, 19520.511689900362, 20039.43467359834, 19259.797485994604, 20149.22698572238, 18973.164339415525, 19296.196836405055, 19899.508690905015, 19501.193298722414, 18698.42001498255, 19658.08825981502, 20313.531213196417, 20025.45428467376, 19098.147071331274, 19575.104755798835, 19173.24055125947]
Time
15.590528726577759
The result for the 6th execution is
Query Result
[24539.0, 24358.0, 24530.0, 25052.0, 24822.0, 24826.0, 24806.0, 24750.0, 24774.0, 25207.0, 24526.0, 24751.0, 24979.0, 24569.0, 24741.0, 24858.0, 24754.0, 24557.0, 24920.0, 24809.0, 25146.0, 24882.0, 25133.0, 24865.0, 25137.0, 25043.0, 24727.0, 25134.0, 25083.0, 24965.0, 24594.0, 24719.0, 24377.0, 24313.0, 24697.0, 24517.0, 24374.0, 24541.0, 24693.0, 24550.0, 24771.0, 24939.0, 24662.0, 24419.0, 24774.0, 24373.0, 24873.0, 24324.0, 24696.0, 24605.0]
Noised Result
[19518.84351013603, 19049.363232483804, 17816.411966777727, 19248.25195826918, 19862.28856750026, 19495.729729096718, 19608.63070203341, 20068.879791166615, 20270.80235438923, 20878.341363570333, 19104.235389749858, 19276.68076253683, 19299.792421412174, 18895.334670396944, 20232.35781084907, 19977.768001411372, 19797.735327658338, 19477.334004478704, 20056.46507582621, 19147.438130734696, 18132.140137008428, 19509.996619494937, 19918.347845022894, 19631.298252836245, 18776.210977336617, 19694.959195893254, 19778.2669989306, 19671.34511495302, 19208.793440021935, 19327.427008527542, 19156.626668278946, 19066.70755950097, 19158.11623142896, 20084.6606979535, 19375.955590111884, 19851.13467322407, 19154.814472705264, 19014.056443259167, 19920.323745852293, 19595.56746598157, 18460.084673154906, 19753.209112084285, 18063.13354090357, 19161.59236840007, 20885.925241839268, 18918.253865360657, 20567.997956742423, 19083.785687544434, 19090.371956780327, 22558.24972050065]
Time
15.533884763717651
The result for the 7th execution is
Query Result
[24539.0, 24358.0, 24530.0, 25052.0, 24822.0, 24826.0, 24806.0, 24750.0, 24774.0, 25207.0, 24526.0, 24751.0, 24979.0, 24569.0, 24741.0, 24858.0, 24754.0, 24557.0, 24920.0, 24809.0, 25146.0, 24882.0, 25133.0, 24865.0, 25137.0, 25043.0, 24727.0, 25134.0, 25083.0, 24965.0, 24594.0, 24719.0, 24377.0, 24313.0, 24697.0, 24517.0, 24374.0, 24541.0, 24693.0, 24550.0, 24771.0, 24939.0, 24662.0, 24419.0, 24774.0, 24373.0, 24873.0, 24324.0, 24696.0, 24605.0]
Noised Result
[18710.75793618112, 19099.50840183578, 19461.19387411686, 19529.251906660847, 19155.452201154072, 20418.593397847028, 19388.15963013573, 19419.268220145877, 19887.911759642648, 20520.434788591298, 20094.162245505624, 19802.50805780982, 20089.674380961158, 19403.525239949187, 19113.87752643039, 20331.331495463928, 17223.337419834028, 19086.72009054588, 18891.621406952952, 19120.294606039068, 19592.871319572176, 18538.899004295174, 22522.27949096813, 19718.33667364303, 20023.860991283276, 20327.399130150818, 19283.659391712856, 19630.79524142703, 20357.092823480576, 19523.660560804266, 19486.7344453556, 18658.94082124526, 19592.90925625697, 18566.6966751476, 19572.968593830476, 19289.972484786595, 19137.48160293874, 20105.777887077704, 19206.02575405097, 19239.93163242238, 21068.732415566614, 19738.464682148253, 19057.91361280065, 18652.334830807922, 19313.235747727715, 19203.017498762056, 20860.23024159777, 19051.422831630378, 19194.211530247143, 19420.17450582629]
Time
15.731951236724854
The result for the 8th execution is
Query Result
[24539.0, 24358.0, 24530.0, 25052.0, 24822.0, 24826.0, 24806.0, 24750.0, 24774.0, 25207.0, 24526.0, 24751.0, 24979.0, 24569.0, 24741.0, 24858.0, 24754.0, 24557.0, 24920.0, 24809.0, 25146.0, 24882.0, 25133.0, 24865.0, 25137.0, 25043.0, 24727.0, 25134.0, 25083.0, 24965.0, 24594.0, 24719.0, 24377.0, 24313.0, 24697.0, 24517.0, 24374.0, 24541.0, 24693.0, 24550.0, 24771.0, 24939.0, 24662.0, 24419.0, 24774.0, 24373.0, 24873.0, 24324.0, 24696.0, 24605.0]
Noised Result
[19069.80671485429, 19317.219726883577, 17876.299284778095, 19670.197109381625, 20570.85501996566, 20432.762249859017, 18605.433678331858, 19052.27735920039, 19109.67042643576, 19854.531234831094, 18693.030993645218, 19251.50880354129, 19316.326034951067, 19720.231361770628, 20130.556437067946, 18586.3443444173, 17077.735617723465, 19312.070349712714, 19837.381494203197, 19906.35145387507, 19909.966658107594, 20330.318986301852, 19877.89190667754, 19998.196063664225, 20195.50209296262, 20215.160438384217, 19769.128234870303, 19518.858489885453, 21052.022092997402, 20629.255381843726, 18913.510214636186, 20740.931059538507, 19903.74673035133, 17313.01875791076, 19386.95558449504, 19516.378722054895, 19401.296601695736, 18580.51220814147, 19564.960357056232, 19419.79330118324, 20406.09075642815, 20256.486219061335, 18998.721466255258, 19625.946228328445, 19557.935935553105, 18813.464278412233, 19320.003262524333, 19282.6893241481, 19920.945369949466, 19151.434359837276]
Time
15.706711530685425
The result for the 9th execution is
Query Result
[24539.0, 24358.0, 24530.0, 25052.0, 24822.0, 24826.0, 24806.0, 24750.0, 24774.0, 25207.0, 24526.0, 24751.0, 24979.0, 24569.0, 24741.0, 24858.0, 24754.0, 24557.0, 24920.0, 24809.0, 25146.0, 24882.0, 25133.0, 24865.0, 25137.0, 25043.0, 24727.0, 25134.0, 25083.0, 24965.0, 24594.0, 24719.0, 24377.0, 24313.0, 24697.0, 24517.0, 24374.0, 24541.0, 24693.0, 24550.0, 24771.0, 24939.0, 24662.0, 24419.0, 24774.0, 24373.0, 24873.0, 24324.0, 24696.0, 24605.0]
Noised Result
[19087.208968653467, 19354.501264892395, 19257.280884233405, 19574.902409834536, 20465.426619169382, 19884.061329356242, 18130.311449682325, 18725.234626240268, 19698.060142111775, 19762.295315969466, 18522.40340400934, 19589.098907041265, 19915.03708536857, 19245.16169131609, 21259.2737837316, 19753.12920588853, 19496.08818197497, 20299.25357923164, 19843.824236173925, 19702.395238427427, 164145.07106799912, 19565.467909810395, 19656.29514472715, 19380.4597992344, 20654.82413087604, 19774.521001489265, 20639.502056282283, 19638.14708039628, 20156.2243037415, 19526.812564965097, 18871.540429691013, 19809.430777557594, 19078.647854402425, 19884.724380740623, 20216.52999923445, 19764.475806899936, 19102.92768960167, 19899.83212972442, 18678.476866867397, 18859.6220227133, 19222.041436638556, 19091.48187895467, 19413.299176849447, 18095.09779320576, 19243.80812147331, 20358.169477375497, 19041.034931541977, 19241.24082921574, 21469.548462396146, 19827.283446401812]
Time
15.545202493667603
The result for the 10th execution is
Query Result
[24539.0, 24358.0, 24530.0, 25052.0, 24822.0, 24826.0, 24806.0, 24750.0, 24774.0, 25207.0, 24526.0, 24751.0, 24979.0, 24569.0, 24741.0, 24858.0, 24754.0, 24557.0, 24920.0, 24809.0, 25146.0, 24882.0, 25133.0, 24865.0, 25137.0, 25043.0, 24727.0, 25134.0, 25083.0, 24965.0, 24594.0, 24719.0, 24377.0, 24313.0, 24697.0, 24517.0, 24374.0, 24541.0, 24693.0, 24550.0, 24771.0, 24939.0, 24662.0, 24419.0, 24774.0, 24373.0, 24873.0, 24324.0, 24696.0, 24605.0]
Noised Result
[18271.751054125514, 19173.693998276878, 19498.172964988444, 19144.807075513992, 20610.643734845013, 20110.214524587805, 20091.230493967905, 19114.042659045997, 19753.467881633922, 19316.559712627663, 18458.53564175017, 20722.49651796248, 19854.681926862242, 19469.533460644743, 19855.67574971995, 19426.802828103348, 19287.181735626502, 19991.308819138496, 20380.31615187039, 19578.91320678949, 19719.562773688784, 19026.712463340642, 19310.4034425433, 19043.073343330503, 20338.576082769894, 21528.34036334496, 19519.90156731519, 20960.896924958004, 20542.853219818742, 19817.005790030722, 19139.25524180452, 19107.204036771498, 19170.863697708664, 18358.494179889767, 19498.911055495293, 18181.21876302726, 19494.326528368372, 19499.09501301652, 18706.682018659343, 19241.790719736335, 17708.508122019764, 18297.909286527858, 20385.095790163825, 19034.700494308585, 20245.551004551297, 19353.736972402272, 19611.52089087085, 19290.597510833453, 20184.54617208484, 18807.10732741779]
Time
15.50916838645935
The result for the 11th execution is
Query Result
[24539.0, 24358.0, 24530.0, 25052.0, 24822.0, 24826.0, 24806.0, 24750.0, 24774.0, 25207.0, 24526.0, 24751.0, 24979.0, 24569.0, 24741.0, 24858.0, 24754.0, 24557.0, 24920.0, 24809.0, 25146.0, 24882.0, 25133.0, 24865.0, 25137.0, 25043.0, 24727.0, 25134.0, 25083.0, 24965.0, 24594.0, 24719.0, 24377.0, 24313.0, 24697.0, 24517.0, 24374.0, 24541.0, 24693.0, 24550.0, 24771.0, 24939.0, 24662.0, 24419.0, 24774.0, 24373.0, 24873.0, 24324.0, 24696.0, 24605.0]
Noised Result
[18269.025627606243, 18653.53608553238, 19993.917269082875, 20887.043058201, 19952.004070305447, 20275.695501548358, 18842.646602076806, 19422.7908497576, 19409.463162518252, 19539.72584803142, 19520.308969698282, 19243.292060850043, 20036.46508814452, 19608.42411780424, 20254.29482132943, 19485.287136457147, 19063.00056339735, 19051.40011748147, 19424.126597378734, 19414.8055805981, 20002.509906130475, 17797.2887881125, 20113.543186423125, 19162.223885505686, 19468.714844285554, 19837.29299954523, 19387.482981572626, 20057.502415552543, 19914.036591520162, 19213.982742871474, 19504.53534767892, 19700.932468759558, 20725.6611887737, 19839.764911767714, 19767.813384494442, 18118.260526594546, 18166.271929203023, 19567.25167102683, 19648.38436064897, 18914.443417341226, 17793.445342762607, 19766.54739816124, 20051.93242968191, 18338.835769621655, 19695.277827597787, 19225.104391767876, 18586.670157963003, 18174.54584376647, 19735.38070892146, 19327.312392398722]
Time
15.717123031616211
The result for the 12th execution is
Query Result
[24539.0, 24358.0, 24530.0, 25052.0, 24822.0, 24826.0, 24806.0, 24750.0, 24774.0, 25207.0, 24526.0, 24751.0, 24979.0, 24569.0, 24741.0, 24858.0, 24754.0, 24557.0, 24920.0, 24809.0, 25146.0, 24882.0, 25133.0, 24865.0, 25137.0, 25043.0, 24727.0, 25134.0, 25083.0, 24965.0, 24594.0, 24719.0, 24377.0, 24313.0, 24697.0, 24517.0, 24374.0, 24541.0, 24693.0, 24550.0, 24771.0, 24939.0, 24662.0, 24419.0, 24774.0, 24373.0, 24873.0, 24324.0, 24696.0, 24605.0]
Noised Result
[18647.21124217142, 19334.526297211345, 19284.581966427268, 20200.80246418956, 19720.104976534658, 19534.627925930945, 20305.3240210698, 19610.659802439437, 18926.864817968904, 19721.297836093403, 19075.77756981171, 19997.548732029663, 18625.86704226091, 19545.15953527485, 19223.616538221962, 18940.247705913698, 19656.272679152957, 20989.4376822122, 19698.622788707296, 18988.09777830934, 19228.335105290662, 19598.273387291432, 19597.954715416716, 19113.018766033085, 19571.35587579513, 19341.948740138618, 19371.545943344874, 19318.112520624632, 19482.61602357962, 19675.26403461812, 17423.678964611037, 19337.21441729254, 19435.532670666697, 19055.698857319065, 19754.09438907849, 18744.643510009606, 18796.319074983825, 19758.018675508854, 19775.933017089363, 19597.749152619886, 19210.61970440508, 20405.51355494564, 20106.63775964378, 18889.748319323186, 19455.735418370557, 19142.0272163731, 19150.328555333, 18804.84063700497, 19236.858216300418, 19507.846665800604]
Time
15.723403215408325
The result for the 13th execution is
Query Result
[24539.0, 24358.0, 24530.0, 25052.0, 24822.0, 24826.0, 24806.0, 24750.0, 24774.0, 25207.0, 24526.0, 24751.0, 24979.0, 24569.0, 24741.0, 24858.0, 24754.0, 24557.0, 24920.0, 24809.0, 25146.0, 24882.0, 25133.0, 24865.0, 25137.0, 25043.0, 24727.0, 25134.0, 25083.0, 24965.0, 24594.0, 24719.0, 24377.0, 24313.0, 24697.0, 24517.0, 24374.0, 24541.0, 24693.0, 24550.0, 24771.0, 24939.0, 24662.0, 24419.0, 24774.0, 24373.0, 24873.0, 24324.0, 24696.0, 24605.0]
Noised Result
[19936.587185550834, 30982007.925978422, 18496.717996785483, 19722.11253282046, 19386.043033554408, 18580.500456187645, 19394.772925820944, 20321.774681309525, 18909.455945394, 19547.56135760012, 19083.013003925553, 19571.768006497678, 20361.853192386297, 20273.009872239545, 19551.133812282515, 17265.235632897446, 18728.513547661583, 19471.94556769821, 19885.199718766424, 19159.6194802707, 19210.13732936838, 19480.492533069897, 19474.40097896746, 19891.207318126413, 19777.562531750304, 19359.040231761814, 18764.716941889783, 19455.896454894813, 19385.246223997696, 19962.356971834008, 18818.766349020385, 19494.169580214144, 19824.484027851246, 19217.648999595203, 21150.74663966271, 20649.864982719257, 18918.6850017874, 19689.827609244858, 19846.835892347728, 19526.221158948287, 19685.53212734298, 20278.716570448607, 19322.875486256733, 19442.825761415144, 18837.89708167917, 19675.73578849445, 19902.77646242403, 19186.81131775702, 20987.003335553, 19445.99927226129]
Time
15.650263547897339
The result for the 14th execution is
Query Result
[24539.0, 24358.0, 24530.0, 25052.0, 24822.0, 24826.0, 24806.0, 24750.0, 24774.0, 25207.0, 24526.0, 24751.0, 24979.0, 24569.0, 24741.0, 24858.0, 24754.0, 24557.0, 24920.0, 24809.0, 25146.0, 24882.0, 25133.0, 24865.0, 25137.0, 25043.0, 24727.0, 25134.0, 25083.0, 24965.0, 24594.0, 24719.0, 24377.0, 24313.0, 24697.0, 24517.0, 24374.0, 24541.0, 24693.0, 24550.0, 24771.0, 24939.0, 24662.0, 24419.0, 24774.0, 24373.0, 24873.0, 24324.0, 24696.0, 24605.0]
Noised Result
[18438.85723034874, 20746.0800765502, 18464.397641141415, 20905.368459977726, 19379.27600729097, 19529.284932853254, 19829.20299299155, 19400.617735086307, 19339.437628746542, 20103.466596656155, 17925.720013190952, 19221.222907019786, 18756.97662112036, 19413.305357053418, 19592.06752837702, 19727.40488581498, 19306.008760081826, 19644.17210224233, 19876.906339521014, 19879.894987357184, 19928.53678618904, 19187.262679329848, 19918.965455432473, 19583.43259280012, 21025.18213152906, 19825.36901612822, 19384.240953175013, 22909.41055270318, 20527.150486985196, 17338.658283091725, 19387.94054600515, 18986.87070642798, 19141.971257474223, 19576.572996061393, 18702.011775168066, 19103.359720378372, 18652.873420851043, 19155.98705398886, 19628.426404962447, 19528.51383031027, 22006.320270484306, 20069.14474231437, 18974.917215080695, 18095.986768802362, 19360.04317633537, 19449.03017733014, 19361.230800204186, 19434.89308897234, 19527.573990141464, 19101.027597388118]
Time
15.64218282699585
The result for the 15th execution is
Query Result
[24539.0, 24358.0, 24530.0, 25052.0, 24822.0, 24826.0, 24806.0, 24750.0, 24774.0, 25207.0, 24526.0, 24751.0, 24979.0, 24569.0, 24741.0, 24858.0, 24754.0, 24557.0, 24920.0, 24809.0, 25146.0, 24882.0, 25133.0, 24865.0, 25137.0, 25043.0, 24727.0, 25134.0, 25083.0, 24965.0, 24594.0, 24719.0, 24377.0, 24313.0, 24697.0, 24517.0, 24374.0, 24541.0, 24693.0, 24550.0, 24771.0, 24939.0, 24662.0, 24419.0, 24774.0, 24373.0, 24873.0, 24324.0, 24696.0, 24605.0]
Noised Result
[18768.022476829938, 19163.196256930503, 19391.56093221955, 19603.775840576534, 19609.32269624014, 19219.873496478125, 19682.580100127518, 19237.671898223834, 20123.716879452324, 20024.231869862346, 19401.19129137928, 19759.63663576833, 19034.97994381588, 19542.156013177184, 19760.463984745365, 20246.024406129654, 20485.703425667325, 19945.344255801156, 19436.677696486986, 19459.02990954896, 17871.341061398365, 18896.66215932088, 20208.082346766998, 19708.543861627357, 18944.663871471137, 17759.639391645724, 19991.92555529021, 20690.655869255817, 19326.07799952558, 19201.113549473026, 20649.128838484572, 19434.251074285083, 18755.23998892457, 19404.75713989169, 18979.5452924796, 19266.241947238945, 18024.671829451196, 20030.24498279221, 19473.80318519642, 18715.60887414993, 19093.30413007151, 19680.50039537112, 19875.1930103005, 18608.24999356734, 19146.946337271747, 18950.97571014065, 18591.130209246843, 19292.463749162092, 19343.796987852515, 18959.799987783914]
Time
15.741804838180542
The result for the 16th execution is
Query Result
[24539.0, 24358.0, 24530.0, 25052.0, 24822.0, 24826.0, 24806.0, 24750.0, 24774.0, 25207.0, 24526.0, 24751.0, 24979.0, 24569.0, 24741.0, 24858.0, 24754.0, 24557.0, 24920.0, 24809.0, 25146.0, 24882.0, 25133.0, 24865.0, 25137.0, 25043.0, 24727.0, 25134.0, 25083.0, 24965.0, 24594.0, 24719.0, 24377.0, 24313.0, 24697.0, 24517.0, 24374.0, 24541.0, 24693.0, 24550.0, 24771.0, 24939.0, 24662.0, 24419.0, 24774.0, 24373.0, 24873.0, 24324.0, 24696.0, 24605.0]
Noised Result
[19163.55969852204, 19310.015027122725, 19605.782204129493, 18486.907768259254, 20006.66997512465, 18545.606260539105, 20894.145597709157, 19065.891413879348, 19945.866114383607, 20526.173869324306, 20003.218010216475, 19785.55069569025, 19816.826367596703, 19480.284460133153, 20058.5014456838, 19517.11375399654, 18805.361732209974, 19345.79353664037, 20594.037593855468, 19375.945236799245, 20198.542537869682, 19324.084853236258, 19431.708785351308, 20031.760196643743, 19978.575206859117, 19565.12657680503, 19078.2223933601, 20190.697010546177, 19970.26549016046, 20118.618991219915, 18866.84536810753, 19544.452265448028, 19207.831154148305, 19330.204844736138, 18915.68790879344, 20188.222021654376, 19174.470877115473, 20331.52500950799, 19491.12775892209, 19010.951012977566, 19565.669351024826, 19825.212951753812, 19194.47877908981, 19331.679150026197, 19394.74724187215, 18703.2809310492, 20554.314764837218, 20872.5868541139, 19447.946216686287, 18128.988105724842]
Time
15.527814388275146
The result for the 17th execution is
Query Result
[24539.0, 24358.0, 24530.0, 25052.0, 24822.0, 24826.0, 24806.0, 24750.0, 24774.0, 25207.0, 24526.0, 24751.0, 24979.0, 24569.0, 24741.0, 24858.0, 24754.0, 24557.0, 24920.0, 24809.0, 25146.0, 24882.0, 25133.0, 24865.0, 25137.0, 25043.0, 24727.0, 25134.0, 25083.0, 24965.0, 24594.0, 24719.0, 24377.0, 24313.0, 24697.0, 24517.0, 24374.0, 24541.0, 24693.0, 24550.0, 24771.0, 24939.0, 24662.0, 24419.0, 24774.0, 24373.0, 24873.0, 24324.0, 24696.0, 24605.0]
Noised Result
[19916.279769508517, 19792.706255859943, 19252.851999272378, 19951.344817101675, 19355.485708466127, 20858.156369327615, 20478.893678237066, 20145.309389338006, 21091.21260934255, 19882.73319685154, 19972.602886240467, 18701.11005314473, 20035.61726370413, 20944.258044813127, 18824.52209830192, 18587.127457021918, 19962.5423733858, 19763.05029344834, 20404.077349969375, 19202.83407612924, 20402.617196119365, 19622.07791717259, 20042.40083116956, 19551.378660628812, 20305.396360776038, 19445.728357436048, 19237.976856580954, 19032.52696334016, 20151.093591162902, 19091.554510793543, 19124.794917160856, 19549.74476737319, 19069.641854388366, 19881.603614630585, 19207.208717462596, 19658.942421786076, 18924.220855232157, 18637.39670957787, 19368.20940706337, 17997.643200632207, 19685.635611560214, 18872.97014275457, 17971.803324512628, 17968.23960168378, 18559.426858256887, 19332.760535270514, 19646.137472362127, 18942.84138844481, 19266.46292667185, 19567.287000060933]
