The result for the 0th execution is
Query Result
[229231.3464149007, 291039.9319044998, 232336.21123839926, 271793.5697668994, 233252.7029270997, 282075.1964855997, 225900.90695000038, 290379.5779161993, 235689.03167439986, 283641.21173180046, 229290.1969184995, 280979.78670609964, 234128.9519510001, 289151.40515459975, 236794.40682660002, 284137.3163717998, 227369.8348061006, 282683.0841657019, 233818.72381170074, 287479.3708049005, 235126.4266755999, 286020.32383249956, 247999.47748469998, 290455.89890440024, 233562.59083169923, 290951.8307871007, 231772.89751820025, 270184.9353078995, 226891.32284370053, 287862.97003630054, 227034.01231259937, 271936.2261741001, 233302.3442993996, 276246.3993007998, 230056.16751030012, 280153.7047555996, 237676.4152758994, 278517.00940240035, 235463.18616640032, 275714.02588410024, 240786.72476859938, 285501.2211211985, 234065.04910289976, 283465.63513709995, 230894.13395049953, 273834.374213299, 222882.54366529983, 285777.7018646998, 232271.4493658003, 277397.7461090005]
Noised Result
[24624.7871071697, 61308.270401034664, 23265.223745853124, 55783.16410056362, 16044.574842165603, 44076.508473669266, 22904.874369224075, 60486.24257288004, 25045.235574318067, 62563.983809495505, 23596.92984977352, 53089.319834296126, 45400.64306400667, 64038.38273343055, 41198.31643297315, 48746.001245717984, 25360.02204148662, 35088.65297866909, 42485.846562009596, 50488.426045676635, 25369.0158700167, 40394.551032492214, 76371.42918599647, 78191.81321177335, 31123.637436897363, 104293.32202724184, 40263.987077195314, 19107.460353404567, 38701.62947138815, 61017.1511169906, 20441.287604309517, 36171.09099304187, 28099.271481625925, 40126.17633380412, 31439.110329525247, 45043.42459414071, 37945.61955570458, 35883.94415759378, 37996.95631705379, 49895.71951102954, 27891.742466887546, 86419.36104819941, 42356.05147029674, 35891.66770684084, 16283.472955665377, 49480.567533143985, 20146.716162899444, 46618.33047077304, 40016.04106525619, 41661.962285420734]
Time
23.909728050231934
The result for the 1th execution is
Query Result
[229231.3464149007, 291039.9319044998, 232336.21123839926, 271793.5697668994, 233252.7029270997, 282075.1964855997, 225900.90695000038, 290379.5779161993, 235689.03167439986, 283641.21173180046, 229290.1969184995, 280979.78670609964, 234128.9519510001, 289151.40515459975, 236794.40682660002, 284137.3163717998, 227369.8348061006, 282683.0841657019, 233818.72381170074, 287479.3708049005, 235126.4266755999, 286020.32383249956, 247999.47748469998, 290455.89890440024, 233562.59083169923, 290951.8307871007, 231772.89751820025, 270184.9353078995, 226891.32284370053, 287862.97003630054, 227034.01231259937, 271936.2261741001, 233302.3442993996, 276246.3993007998, 230056.16751030012, 280153.7047555996, 237676.4152758994, 278517.00940240035, 235463.18616640032, 275714.02588410024, 240786.72476859938, 285501.2211211985, 234065.04910289976, 283465.63513709995, 230894.13395049953, 273834.374213299, 222882.54366529983, 285777.7018646998, 232271.4493658003, 277397.7461090005]
Noised Result
[30502.22652408553, 140858.28921838323, 31239.314340699, 43557.603229473476, 25716.84139087668, 47644.998473448766, 52479.79125731098, 53106.20493027124, 33034.28051507984, 78080.13584724703, 16510.693458209153, 36369.329821426094, 23956.80410948809, 51666.39132281243, 51071.20736074554, 46724.72527342476, 35421.28273617302, 102949.10832237896, 43822.30197483541, 48907.77080912751, 40498.4239662744, 41657.94065733759, 41440.86120047433, 28534.699779381277, 44880.01354357539, 55922.07468514482, 63986.809222900396, 54018.28615064168, 32546.39528990126, 49092.16732846973, 23024.14607205949, 35975.39541101364, 28886.272823514424, 73635.28834695293, 27263.308822190353, 45841.92070472933, 41109.03123253524, 42814.078878256565, 48922.165832998304, 51740.408837680414, 29212.15241615189, 41694.590035640795, 36079.09151819753, 51690.48407656423, 35273.632973134096, 55077.63013042539, 30611.457635732862, 36925.250291794895, 33838.60561307587, 39735.393664401345]
Time
23.08223271369934
The result for the 2th execution is
Query Result
[229231.3464149007, 291039.9319044998, 232336.21123839926, 271793.5697668994, 233252.7029270997, 282075.1964855997, 225900.90695000038, 290379.5779161993, 235689.03167439986, 283641.21173180046, 229290.1969184995, 280979.78670609964, 234128.9519510001, 289151.40515459975, 236794.40682660002, 284137.3163717998, 227369.8348061006, 282683.0841657019, 233818.72381170074, 287479.3708049005, 235126.4266755999, 286020.32383249956, 247999.47748469998, 290455.89890440024, 233562.59083169923, 290951.8307871007, 231772.89751820025, 270184.9353078995, 226891.32284370053, 287862.97003630054, 227034.01231259937, 271936.2261741001, 233302.3442993996, 276246.3993007998, 230056.16751030012, 280153.7047555996, 237676.4152758994, 278517.00940240035, 235463.18616640032, 275714.02588410024, 240786.72476859938, 285501.2211211985, 234065.04910289976, 283465.63513709995, 230894.13395049953, 273834.374213299, 222882.54366529983, 285777.7018646998, 232271.4493658003, 277397.7461090005]
Noised Result
[27155.355543166806, 35697.67592022175, 23396.874034272667, 40456.07291178225, 32135.97092645945, 38858.69856916516, 22538.560840593025, 50003.59612914892, 49170.52121748145, 39387.307744708596, 28187.953675757264, 72390.06871802709, 77220.02232985862, 110946.16211268233, 61305.50986140585, 47922.85950462689, 55703.8929800795, 36997.478824800884, 34303.918055725066, 41552.9323394023, 32254.76090191247, 38195.46688967509, 53439.94585283997, 50963.07164709593, 28715.17099757654, 45705.73385931238, 25076.303822461392, 44869.654353396894, 46385.3585948745, 55467.31301095069, 66328.83713216125, 58435.99017061516, 28991.075265458014, 107164.34228263074, 35031.76652979931, 48131.731044748405, 24513.012344364623, 89808.10850402495, 40638.61663532465, 43217.00926399894, 62900.26594251019, 48129.99654358263, 25901.436707351604, 70967.89480191597, 40489.744990328676, 38479.29414394994, 21216.347457787626, 37624.00135640617, 22304.694163398803, 64277.770079458]
Time
24.03025507926941
The result for the 3th execution is
Query Result
[229231.3464149007, 291039.9319044998, 232336.21123839926, 271793.5697668994, 233252.7029270997, 282075.1964855997, 225900.90695000038, 290379.5779161993, 235689.03167439986, 283641.21173180046, 229290.1969184995, 280979.78670609964, 234128.9519510001, 289151.40515459975, 236794.40682660002, 284137.3163717998, 227369.8348061006, 282683.0841657019, 233818.72381170074, 287479.3708049005, 235126.4266755999, 286020.32383249956, 247999.47748469998, 290455.89890440024, 233562.59083169923, 290951.8307871007, 231772.89751820025, 270184.9353078995, 226891.32284370053, 287862.97003630054, 227034.01231259937, 271936.2261741001, 233302.3442993996, 276246.3993007998, 230056.16751030012, 280153.7047555996, 237676.4152758994, 278517.00940240035, 235463.18616640032, 275714.02588410024, 240786.72476859938, 285501.2211211985, 234065.04910289976, 283465.63513709995, 230894.13395049953, 273834.374213299, 222882.54366529983, 285777.7018646998, 232271.4493658003, 277397.7461090005]
Noised Result
[73758.10528809961, 54356.89933871823, 44933.11790897187, 28257.99110397484, 26289.384002057683, 66720.53318562097, 30877.186515222747, 68243.706369167, 30917.825295356088, 31803.776276343226, 59861901.541016236, 39530.04647245709, 31128.95532136631, 48475.880492323704, 30677.282851132783, 47445.946382605194, 22665.295970651372, 37379.97897285903, 71516.45040882264, 92845.60181848088, 53107.32272085568, 29744.03524490929, 42989.94602794619, 57762.483161717, 53507.6876146303, 75533.9084915585, 35115.054604951525, 32045.79594850744, 27423.921074264865, 41196.016859056865, 23748.91667064334, 54954.107842490645, 30629.90037738751, 48270.63809837792, 38707.18766893083, 84725.95130793352, 28685.24355886601, 55737.286200201226, 38709.14996761645, 76032.23040524099, 28715.977203416318, 26011.952249933747, 23856.496383058817, 47124.32851668983, 31833.23774792535, 72615.63213069827, 24157.487169377266, 41065.74939627867, 26089.270695794738, 48631.929763440276]
Time
23.997708559036255
The result for the 4th execution is
Query Result
[229231.3464149007, 291039.9319044998, 232336.21123839926, 271793.5697668994, 233252.7029270997, 282075.1964855997, 225900.90695000038, 290379.5779161993, 235689.03167439986, 283641.21173180046, 229290.1969184995, 280979.78670609964, 234128.9519510001, 289151.40515459975, 236794.40682660002, 284137.3163717998, 227369.8348061006, 282683.0841657019, 233818.72381170074, 287479.3708049005, 235126.4266755999, 286020.32383249956, 247999.47748469998, 290455.89890440024, 233562.59083169923, 290951.8307871007, 231772.89751820025, 270184.9353078995, 226891.32284370053, 287862.97003630054, 227034.01231259937, 271936.2261741001, 233302.3442993996, 276246.3993007998, 230056.16751030012, 280153.7047555996, 237676.4152758994, 278517.00940240035, 235463.18616640032, 275714.02588410024, 240786.72476859938, 285501.2211211985, 234065.04910289976, 283465.63513709995, 230894.13395049953, 273834.374213299, 222882.54366529983, 285777.7018646998, 232271.4493658003, 277397.7461090005]
Noised Result
[47544.651450168065, 62905.34884730428, 29064.371994077643, 44538.39306951892, 52426.47926381965, 48076.99239773024, 23795.905565591296, 53225.98351577227, 24575.919026514464, 28645.025237047725, 42401.02709036157, 43824.559916342965, 56924.827068502374, 90206.14075444994, 29877.909689622677, 35741.55156135765, 21549.861905093596, 67746.04348604583, 30582.625730502376, 31914.09458192128, 27691.20025242203, 42146.74172644608, 46655.31376033007, 59436.359581528464, 36761.84168729144, 48315.31948138727, 25020.562305759755, 55038.84455436347, 24136.74338285491, 53973.35719820998, 44272.55445489887, 42416.811435453244, 42670.845994211544, 81768.79130195358, 117591.69503647537, 32068.72721987519, 26759.829531720417, 41324.80584731601, 49028.19523940052, 45954.07012969811, 40559.57881951655, 40016.15505471954, 27451.59629744594, 36509.27468086082, 33747.04417151914, 26828.38660682019, 21399.18263369106, 38798.73133290229, 28001.34937377619, 36930.47546635052]
Time
24.72679853439331
The result for the 5th execution is
Query Result
[229231.3464149007, 291039.9319044998, 232336.21123839926, 271793.5697668994, 233252.7029270997, 282075.1964855997, 225900.90695000038, 290379.5779161993, 235689.03167439986, 283641.21173180046, 229290.1969184995, 280979.78670609964, 234128.9519510001, 289151.40515459975, 236794.40682660002, 284137.3163717998, 227369.8348061006, 282683.0841657019, 233818.72381170074, 287479.3708049005, 235126.4266755999, 286020.32383249956, 247999.47748469998, 290455.89890440024, 233562.59083169923, 290951.8307871007, 231772.89751820025, 270184.9353078995, 226891.32284370053, 287862.97003630054, 227034.01231259937, 271936.2261741001, 233302.3442993996, 276246.3993007998, 230056.16751030012, 280153.7047555996, 237676.4152758994, 278517.00940240035, 235463.18616640032, 275714.02588410024, 240786.72476859938, 285501.2211211985, 234065.04910289976, 283465.63513709995, 230894.13395049953, 273834.374213299, 222882.54366529983, 285777.7018646998, 232271.4493658003, 277397.7461090005]
Noised Result
[26553.539971489306, 47492.75562744509, 33239.143900434, 30353.851991640084, 35956.378724752576, 68990.50637246712, 37755.86357077464, 36855.09233853943, 41123.72416625895, 43478.10593136202, 71010.70860077138, 30345.72281555069, 25811.643823812745, 46586.99269920275, 34010.860098715275, 44979.87197402207, 25403.49258910839, 65777.2349691565, 29501.101595272834, 50292.91912436382, 23656.61721895176, 37064.2305032766, 29481.491723257277, 57740.12636873747, 17787.97424758746, 44199.32595210467, 33272.66409023717, 57061.68910533935, 26456.22088010663, 57598.56099777491, 35474.54602032315, 39310.390674119466, 27459.729806494885, 85345.80112934219, 27618.56765426627, 38076.50437848996, 29125.373344295003, 58939.01884501282, 20817.69587579138, 48644.320521536734, 23933.141826923777, 27287.28604826273, 34862.19540901702, 74491.1517789452, 105320.82321710992, 34014.14166059147, 51197.74289350549, 53412.598697372654, 28342.449623385066, 63615.76383186996]
Time
23.38769817352295
The result for the 6th execution is
Query Result
[229231.3464149007, 291039.9319044998, 232336.21123839926, 271793.5697668994, 233252.7029270997, 282075.1964855997, 225900.90695000038, 290379.5779161993, 235689.03167439986, 283641.21173180046, 229290.1969184995, 280979.78670609964, 234128.9519510001, 289151.40515459975, 236794.40682660002, 284137.3163717998, 227369.8348061006, 282683.0841657019, 233818.72381170074, 287479.3708049005, 235126.4266755999, 286020.32383249956, 247999.47748469998, 290455.89890440024, 233562.59083169923, 290951.8307871007, 231772.89751820025, 270184.9353078995, 226891.32284370053, 287862.97003630054, 227034.01231259937, 271936.2261741001, 233302.3442993996, 276246.3993007998, 230056.16751030012, 280153.7047555996, 237676.4152758994, 278517.00940240035, 235463.18616640032, 275714.02588410024, 240786.72476859938, 285501.2211211985, 234065.04910289976, 283465.63513709995, 230894.13395049953, 273834.374213299, 222882.54366529983, 285777.7018646998, 232271.4493658003, 277397.7461090005]
Noised Result
[25092.08597070852, 46365.717113254854, 29455.43040656988, 42821.34561887717, 37991.07027779604, 45320.853569936415, 23996.147280277415, 39567.854367545384, 16777.216617019716, 76281.42541990413, 40818.221877234566, 46673.24187362808, 46403.47805541932, 61164.55512904262, 27719.756893824124, 72081.600797434, 55577.37122078362, 45614.13152532996, 69512.4870990506, 43374.097940621126, 39196.741095354824, 58073.36972737233, 30567.607267530126, 31071.17227457225, 58860.07900615175, 124741.35318647075, 72467.23525146718, 90156.56169882286, 20185.58821078769, 48228.74090934059, 41096.02802242391, 36388.88249592441, 37026.607670985206, 40199.69306172864, 25501.248367057487, 51125.561458661454, 51624.24898633754, 49045.785589345964, 35526.431889029176, 38341.10769305011, 30267.820620234706, 32680.396389336194, 39884.87881526826, 47143.069938793116, 25107.26370397945, 42019.15671013926, 31269.370638481378, 38789.592477382124, 51402.30428738527, 48403.26782298059]
Time
23.364982843399048
The result for the 7th execution is
Query Result
[229231.3464149007, 291039.9319044998, 232336.21123839926, 271793.5697668994, 233252.7029270997, 282075.1964855997, 225900.90695000038, 290379.5779161993, 235689.03167439986, 283641.21173180046, 229290.1969184995, 280979.78670609964, 234128.9519510001, 289151.40515459975, 236794.40682660002, 284137.3163717998, 227369.8348061006, 282683.0841657019, 233818.72381170074, 287479.3708049005, 235126.4266755999, 286020.32383249956, 247999.47748469998, 290455.89890440024, 233562.59083169923, 290951.8307871007, 231772.89751820025, 270184.9353078995, 226891.32284370053, 287862.97003630054, 227034.01231259937, 271936.2261741001, 233302.3442993996, 276246.3993007998, 230056.16751030012, 280153.7047555996, 237676.4152758994, 278517.00940240035, 235463.18616640032, 275714.02588410024, 240786.72476859938, 285501.2211211985, 234065.04910289976, 283465.63513709995, 230894.13395049953, 273834.374213299, 222882.54366529983, 285777.7018646998, 232271.4493658003, 277397.7461090005]
Noised Result
[25546.81611023852, 44502.21638365724, 26777.412643650954, 37527.23740585278, 28838.564056478644, 51519.40527322155, 37198.2833220364, 52881.61531294274, 22977.66790979875, 48922.83806219055, 15027.741041376139, 44393.91198088434, 33292.17215886424, 47634.232466990536, 26551.892622597436, 66765.41408579695, 24187.842795672666, 43424.754061222164, 28733.426713302622, 41130.36577517752, 19685.79591634222, 21461.013992683325, 28404.69262941872, 81476.03385573832, 24675.23379178597, 64488.21716782349, 16597.913412264228, 44320.211686940325, 22522.87629910851, 42293.20246359322, 23529.63916590406, 33831.31096439504, 19239.669940809516, 62772.99587998833, 27154.95196961482, 37298.402429371046, 44095.727034211435, 28954.71202823911, 30913.927610260886, 50074.399887801104, 65721.25380333091, 42684.26802872501, 28357.187467943935, 51747.66711933588, 37126.96958926867, 51204.49852445667, 23907.011157690722, 47016.01069391078, 26449.675649852812, 66026.63004583302]
Time
23.505297660827637
The result for the 8th execution is
Query Result
[229231.3464149007, 291039.9319044998, 232336.21123839926, 271793.5697668994, 233252.7029270997, 282075.1964855997, 225900.90695000038, 290379.5779161993, 235689.03167439986, 283641.21173180046, 229290.1969184995, 280979.78670609964, 234128.9519510001, 289151.40515459975, 236794.40682660002, 284137.3163717998, 227369.8348061006, 282683.0841657019, 233818.72381170074, 287479.3708049005, 235126.4266755999, 286020.32383249956, 247999.47748469998, 290455.89890440024, 233562.59083169923, 290951.8307871007, 231772.89751820025, 270184.9353078995, 226891.32284370053, 287862.97003630054, 227034.01231259937, 271936.2261741001, 233302.3442993996, 276246.3993007998, 230056.16751030012, 280153.7047555996, 237676.4152758994, 278517.00940240035, 235463.18616640032, 275714.02588410024, 240786.72476859938, 285501.2211211985, 234065.04910289976, 283465.63513709995, 230894.13395049953, 273834.374213299, 222882.54366529983, 285777.7018646998, 232271.4493658003, 277397.7461090005]
Noised Result
[33089.65967244566, 34105.182311528544, 25500.88099397438, 27649.30123639712, 19220.3266524855, 50365.78702218007, 21017.887095034792, 58944.41899441625, 30877.341174776157, 43018.58333695216, 33812.796254586574, 35805.745292233885, 39782.450410941456, 40586.704300154684, 31667.54089210587, 37296.880959041635, 29897.352565504043, 94076.82697475144, 47362.496604325584, 31980.93538305958, 33552.01585376223, 44627.170147102646, 52593.23618231657, 57072.19735852619, 33123.494553032535, 45951.85745598814, 26708.13840333542, 36940.674083383565, 59624.73866883968, 64420.33016979971, 40051.235507867634, 77508.61994128922, 29374.96063435283, 64154.548313620035, 38527.38340546754, 49148.77244941452, 28357.405155004366, 51201.55606912772, 95931.70586411854, 36447.67517499395, 35411.206641710756, 51190.713328933096, 37009.817728116956, 44288.005541419654, 25480.83418043361, 38066.481104440805, 16982.56203809239, 36651.25914717105, 29180.35390576451, 29962.208160072696]
Time
24.235469818115234
The result for the 9th execution is
Query Result
[229231.3464149007, 291039.9319044998, 232336.21123839926, 271793.5697668994, 233252.7029270997, 282075.1964855997, 225900.90695000038, 290379.5779161993, 235689.03167439986, 283641.21173180046, 229290.1969184995, 280979.78670609964, 234128.9519510001, 289151.40515459975, 236794.40682660002, 284137.3163717998, 227369.8348061006, 282683.0841657019, 233818.72381170074, 287479.3708049005, 235126.4266755999, 286020.32383249956, 247999.47748469998, 290455.89890440024, 233562.59083169923, 290951.8307871007, 231772.89751820025, 270184.9353078995, 226891.32284370053, 287862.97003630054, 227034.01231259937, 271936.2261741001, 233302.3442993996, 276246.3993007998, 230056.16751030012, 280153.7047555996, 237676.4152758994, 278517.00940240035, 235463.18616640032, 275714.02588410024, 240786.72476859938, 285501.2211211985, 234065.04910289976, 283465.63513709995, 230894.13395049953, 273834.374213299, 222882.54366529983, 285777.7018646998, 232271.4493658003, 277397.7461090005]
Noised Result
[51270.539372548796, 104037.05378028197, 30469.830508048617, 46326.59888185837, 29787.806091942708, 38186.102401049124, 30723.966747491468, 40172.49665049137, 48119.78085889282, 51492.19465331975, 30697.75343030368, 58876.55971525855, 24511.995857502712, 44158.32272620898, 38725.499564461614, 59992.86530515857, 27166.75034160439, 38703.924220947476, 33186.657558383195, 42821.336848089806, 28372.901260228755, 52011.93617369469, 82876.60206826645, 44254.726585596654, 30152.251955730346, 52654.999130730364, 71220.09385858284, 32965.33518319632, 29064.690165649386, 54531.38296574805, 16166.36987684622, 39871.616966372516, 24963.217388701072, 44124.23686695576, 37983.85619143229, 47022.10918063289, 30469.24256902402, 36480.09414005632, 31898.578327110867, 42060.84355392784, 28694.229802780363, 44879.578006810465, 25173.282595198565, 37683.200001677025, 37637.499377463886, 33342.87636748772, 33189.800439979794, 47182.56476868631, 28762.27021270932, 46220.73139755883]
Time
23.711877584457397
The result for the 10th execution is
Query Result
[229231.3464149007, 291039.9319044998, 232336.21123839926, 271793.5697668994, 233252.7029270997, 282075.1964855997, 225900.90695000038, 290379.5779161993, 235689.03167439986, 283641.21173180046, 229290.1969184995, 280979.78670609964, 234128.9519510001, 289151.40515459975, 236794.40682660002, 284137.3163717998, 227369.8348061006, 282683.0841657019, 233818.72381170074, 287479.3708049005, 235126.4266755999, 286020.32383249956, 247999.47748469998, 290455.89890440024, 233562.59083169923, 290951.8307871007, 231772.89751820025, 270184.9353078995, 226891.32284370053, 287862.97003630054, 227034.01231259937, 271936.2261741001, 233302.3442993996, 276246.3993007998, 230056.16751030012, 280153.7047555996, 237676.4152758994, 278517.00940240035, 235463.18616640032, 275714.02588410024, 240786.72476859938, 285501.2211211985, 234065.04910289976, 283465.63513709995, 230894.13395049953, 273834.374213299, 222882.54366529983, 285777.7018646998, 232271.4493658003, 277397.7461090005]
Noised Result
[25037.116695890043, 54466.44208139271, 33907.05949731477, 36360.07285220745, 29841.274101044444, 58565.93387135808, 26976.61664954853, 35768.041635284346, 32553.38198034432, 37001.73194947258, 31268.475420105788, 36874.62446392438, 43970.5137908529, 51398.93024791905, 45942.13177216456, 34176.602525142756, 69308.09883501902, 74910.46379235943, 34640.8234735633, 60031.144380568105, 44823.06732701977, 56380.735925762565, 41249.59777442276, 39390.684262914, 36024.568745158846, 54773.49004552192, 44757.93229099296, 35719.557808838465, 26828.14464537958, 97104.29821677784, 35239.76074944272, 40321.03287736022, 29731.61180502871, 60774.1571839766, 37760.80581714347, 35346.69278845156, 42683.33818681346, 54194.581640443255, 33279.21638144857, 91687.32915133945, 24640.393210752154, 71083.32184325678, 26153.955536794856, 45061.47253448388, 44951.85341428273, 42221.83205796569, 46074.23569391917, 64455.38448211239, 40186.10874305754, 29583.23538908499]
Time
24.792057991027832
The result for the 11th execution is
Query Result
[229231.3464149007, 291039.9319044998, 232336.21123839926, 271793.5697668994, 233252.7029270997, 282075.1964855997, 225900.90695000038, 290379.5779161993, 235689.03167439986, 283641.21173180046, 229290.1969184995, 280979.78670609964, 234128.9519510001, 289151.40515459975, 236794.40682660002, 284137.3163717998, 227369.8348061006, 282683.0841657019, 233818.72381170074, 287479.3708049005, 235126.4266755999, 286020.32383249956, 247999.47748469998, 290455.89890440024, 233562.59083169923, 290951.8307871007, 231772.89751820025, 270184.9353078995, 226891.32284370053, 287862.97003630054, 227034.01231259937, 271936.2261741001, 233302.3442993996, 276246.3993007998, 230056.16751030012, 280153.7047555996, 237676.4152758994, 278517.00940240035, 235463.18616640032, 275714.02588410024, 240786.72476859938, 285501.2211211985, 234065.04910289976, 283465.63513709995, 230894.13395049953, 273834.374213299, 222882.54366529983, 285777.7018646998, 232271.4493658003, 277397.7461090005]
Noised Result
[25648.74978578466, 41161.088841397366, 32897.29658973796, 29263.504728781292, 60952.020133100756, 40016.43419647691, 25486.1095936236, 45846.89817474043, 24702.13838194874, 48620.96803596972, 13843.927626815523, 41740.99984798116, 26698.22817698981, 78875.41826663297, 61104.019733228546, 51225.09630485615, 53290.39768845786, 40104.40779662636, 23090.62115895369, 74186.77021091468, 29598.474847961945, 40342.82842488842, 36880.64906204976, 52615.24731910853, 34603.29362438142, 60226.117662727454, 25236.29568199448, 40783.73074580321, 32543.309978540914, 32730.24846015138, 12626.224587214383, 35244.631397006764, 29201.857516072196, 55736.980824531216, 20560.476520723023, 75716.5447871396, 33139.81600023665, 45029.30015669929, 35205.502457139024, 49169.29158526106, 35437.7383761886, 43506.087625251195, 37194.29750189648, 54625.96471919818, 32426.44416252908, 28684.776971728606, 34008.14946089752, 34942.06331821059, 27467.626780941042, 35921.635674400764]
Time
23.334317684173584
The result for the 12th execution is
Query Result
[229231.3464149007, 291039.9319044998, 232336.21123839926, 271793.5697668994, 233252.7029270997, 282075.1964855997, 225900.90695000038, 290379.5779161993, 235689.03167439986, 283641.21173180046, 229290.1969184995, 280979.78670609964, 234128.9519510001, 289151.40515459975, 236794.40682660002, 284137.3163717998, 227369.8348061006, 282683.0841657019, 233818.72381170074, 287479.3708049005, 235126.4266755999, 286020.32383249956, 247999.47748469998, 290455.89890440024, 233562.59083169923, 290951.8307871007, 231772.89751820025, 270184.9353078995, 226891.32284370053, 287862.97003630054, 227034.01231259937, 271936.2261741001, 233302.3442993996, 276246.3993007998, 230056.16751030012, 280153.7047555996, 237676.4152758994, 278517.00940240035, 235463.18616640032, 275714.02588410024, 240786.72476859938, 285501.2211211985, 234065.04910289976, 283465.63513709995, 230894.13395049953, 273834.374213299, 222882.54366529983, 285777.7018646998, 232271.4493658003, 277397.7461090005]
Noised Result
[26078.78609089664, 50598.21825383875, 30011.165805992598, 29121.431380947113, 15401.102912633454, 44017.04039464236, 29334.289712687896, 51805.829158367575, 26864.910703925903, 42143.10447997649, 39431.84575750056, 46285.45535898465, 44869.22577950914, 68323.49475112595, 30564.108760928735, 41581.39467070393, 22913.447303602326, 49140.004581852496, 24002.682959306112, 47192.521611558695, 25855.072369033987, 53681.79183482901, 39673.5731213813, 44141.691791724705, 28901.959057058804, 43539.24143030688, 22728.754259333924, 32000.926508678647, 21764.340259818404, 45028.91776033213, 13083.057876593695, 49933.20774415739, 72718.86585767538, 68350.20316116267, 29317.687862632825, 73196.05984411307, 63919.64523246413, 42032.25814487955, 36084.146030319185, 51354.57622627771, 45936.71413714657, 46536.32966169185, 18927.48968576816, 74814.68893647389, 26636.707817425493, 32610.322090837202, 27511.643070683698, 45248.82127908793, 20068.02312785774, 77500.27087586804]
Time
23.545472383499146
The result for the 13th execution is
Query Result
[229231.3464149007, 291039.9319044998, 232336.21123839926, 271793.5697668994, 233252.7029270997, 282075.1964855997, 225900.90695000038, 290379.5779161993, 235689.03167439986, 283641.21173180046, 229290.1969184995, 280979.78670609964, 234128.9519510001, 289151.40515459975, 236794.40682660002, 284137.3163717998, 227369.8348061006, 282683.0841657019, 233818.72381170074, 287479.3708049005, 235126.4266755999, 286020.32383249956, 247999.47748469998, 290455.89890440024, 233562.59083169923, 290951.8307871007, 231772.89751820025, 270184.9353078995, 226891.32284370053, 287862.97003630054, 227034.01231259937, 271936.2261741001, 233302.3442993996, 276246.3993007998, 230056.16751030012, 280153.7047555996, 237676.4152758994, 278517.00940240035, 235463.18616640032, 275714.02588410024, 240786.72476859938, 285501.2211211985, 234065.04910289976, 283465.63513709995, 230894.13395049953, 273834.374213299, 222882.54366529983, 285777.7018646998, 232271.4493658003, 277397.7461090005]
Noised Result
[26923.599428615897, 57290.40720886945, 46348.96881959273, 28603.03058386653, 52101.674711771266, 46303.086439788676, 23887.70523681865, 53509.339434250316, 37948.97501561344, 60431.85554478489, 24909.81498566598, 40461.85316553498, 65416.32205769527, 47784.202189723044, 29035.48678610567, 47370.74640597287, 24846.132380338597, 22405.85981722834, 49026.54619317752, 42178.21980398998, 42723.649207281356, 69257.3547379824, 37865.416905364225, 52151.45794919779, 20593.972227836068, 41407.775508938386, 28331.15439853484, 75098.52247957772, 21836.015241056462, 49939.657352030554, 40504.50381162172, 62159.428209880134, 33054.26001523043, 61166.44396100832, 39587.14585019069, 48811.64902526175, 31008.95881070131, 57332.064204758135, 29807.31458184633, 54549.40531196684, 26769.52528134238, 45861.64707279079, 42065.05188866853, 61655.214407010295, 35727.56093117666, 37665.99716871958, 28454.419754348724, 32384.875270615325, 26500.828951180527, 53952.78951295139]
Time
23.306257724761963
The result for the 14th execution is
Query Result
[229231.3464149007, 291039.9319044998, 232336.21123839926, 271793.5697668994, 233252.7029270997, 282075.1964855997, 225900.90695000038, 290379.5779161993, 235689.03167439986, 283641.21173180046, 229290.1969184995, 280979.78670609964, 234128.9519510001, 289151.40515459975, 236794.40682660002, 284137.3163717998, 227369.8348061006, 282683.0841657019, 233818.72381170074, 287479.3708049005, 235126.4266755999, 286020.32383249956, 247999.47748469998, 290455.89890440024, 233562.59083169923, 290951.8307871007, 231772.89751820025, 270184.9353078995, 226891.32284370053, 287862.97003630054, 227034.01231259937, 271936.2261741001, 233302.3442993996, 276246.3993007998, 230056.16751030012, 280153.7047555996, 237676.4152758994, 278517.00940240035, 235463.18616640032, 275714.02588410024, 240786.72476859938, 285501.2211211985, 234065.04910289976, 283465.63513709995, 230894.13395049953, 273834.374213299, 222882.54366529983, 285777.7018646998, 232271.4493658003, 277397.7461090005]
Noised Result
[28580.9583703581, 53823.64488858695, 35169.59392260833, 52526.11660985509, 41574.60350099606, 116652.62734943948, 24199.91338151539, 114481.14044742798, 26817.98516149928, 49362.33460717063, 17518.688037943997, 43825.363563255116, 44370.59498986861, 46375.07977103404, 30594.38802963213, 74781.77329326124, 24221.439524371148, 29907.864806576763, 30642.62958162249, 38747.1321074641, 30604.650800100542, 45592.21311941992, 49030.85372185949, 46241.910083999246, 59981.028410596686, 33759.972610173834, 27550.089526914846, 49817.09994919412, 11359.829631061992, 94716.26681917961, 35613.008589003424, 44300.310218243714, 35487.03180736066, 44516.006160377365, 22761.325274403105, 37998.37092669442, 23310.23215214591, 59920.81079665742, 32899.40040375569, 86256.65827928219, 38800.24293284089, 27915.150404171814, 20295.562731756232, 33064.22458916585, 24268.142511486516, 53939.102863137, 13725.120679510212, 44349.9130232154, 19213.69678077649, 48984.47586878609]
Time
22.721858263015747
The result for the 15th execution is
Query Result
[229231.3464149007, 291039.9319044998, 232336.21123839926, 271793.5697668994, 233252.7029270997, 282075.1964855997, 225900.90695000038, 290379.5779161993, 235689.03167439986, 283641.21173180046, 229290.1969184995, 280979.78670609964, 234128.9519510001, 289151.40515459975, 236794.40682660002, 284137.3163717998, 227369.8348061006, 282683.0841657019, 233818.72381170074, 287479.3708049005, 235126.4266755999, 286020.32383249956, 247999.47748469998, 290455.89890440024, 233562.59083169923, 290951.8307871007, 231772.89751820025, 270184.9353078995, 226891.32284370053, 287862.97003630054, 227034.01231259937, 271936.2261741001, 233302.3442993996, 276246.3993007998, 230056.16751030012, 280153.7047555996, 237676.4152758994, 278517.00940240035, 235463.18616640032, 275714.02588410024, 240786.72476859938, 285501.2211211985, 234065.04910289976, 283465.63513709995, 230894.13395049953, 273834.374213299, 222882.54366529983, 285777.7018646998, 232271.4493658003, 277397.7461090005]
Noised Result
[53907.03354320067, 72330.56127683794, 25808.83469831587, 38090.87953855308, 31202.056649846294, 75724.6257464489, 53459.135337446, 50173.443311556, 33384.99138270787, 43357.90369184673, 25771.457067108677, 25733.139856971276, 31981.12772857645, 44225.9262012714, 39989.83333220653, 67718.21096564394, 29152.359180178508, 43704.53427911116, 23665.47207870397, 55327.099055786064, 32214.618621290996, 42913.62354058062, 37031.87542922051, 63677.38918161736, 27301.932544427407, 55553.501852289395, 32860.62028917121, 48377.429713390506, 24739.526080883075, 56502.174754545355, 25804.62973116798, 35101.47174664037, 26394.191952307825, 48332.49181668708, 45548.91877170997, 61278.695024314104, 17713.877131164925, 48395.82692579675, 27445.612378280435, 55309.65584789218, 24816.12269789986, 50917.75595377041, 48041.39153968333, 65360.062670227344, 24230.23987415844, 70056.13736199756, 60841.082993819204, 51763.69690417775, 32701.38302851841, 61527.736629470615]
Time
22.6286563873291
The result for the 16th execution is
Query Result
[229231.3464149007, 291039.9319044998, 232336.21123839926, 271793.5697668994, 233252.7029270997, 282075.1964855997, 225900.90695000038, 290379.5779161993, 235689.03167439986, 283641.21173180046, 229290.1969184995, 280979.78670609964, 234128.9519510001, 289151.40515459975, 236794.40682660002, 284137.3163717998, 227369.8348061006, 282683.0841657019, 233818.72381170074, 287479.3708049005, 235126.4266755999, 286020.32383249956, 247999.47748469998, 290455.89890440024, 233562.59083169923, 290951.8307871007, 231772.89751820025, 270184.9353078995, 226891.32284370053, 287862.97003630054, 227034.01231259937, 271936.2261741001, 233302.3442993996, 276246.3993007998, 230056.16751030012, 280153.7047555996, 237676.4152758994, 278517.00940240035, 235463.18616640032, 275714.02588410024, 240786.72476859938, 285501.2211211985, 234065.04910289976, 283465.63513709995, 230894.13395049953, 273834.374213299, 222882.54366529983, 285777.7018646998, 232271.4493658003, 277397.7461090005]
Noised Result
[57021.45204824973, 49040.949102917, 34782.90023088192, 47625.65195311216, 34653.223815679725, 35937.09317703068, 26565.960640100726, 74241.7355362071, 27557.533288694765, 53195.94168893206, 33025.12410352506, 57558.547837256454, 25797.563359323773, 41878.48408250342, 22690.483379673795, 42883.79455806431, 29206.94218438951, 50479.403673642635, 24262.38069192297, 47971.908368672084, 30542.73573148952, 81667.76951133632, 58592.717750051495, 78697.99888278544, 23625.992433709936, 52592.852734774904, 37537.57850537861, 54749.07940496769, 28901.57208886237, 36554.820873025164, 35998.38375989166, 36205.38251754531, 28763.003259333214, 40063.893756832214, 39806.02974208683, 98067.66131434977, 33697.65361588099, 25100.510628331773, 23068.716210914212, 129153.2034298637, 42681.91188511002, 58553.4673243288, 25703.59049821055, 64492.412253507355, 30519.380759400767, 39266.655299460996, 25738.571653457497, 69119.94237003125, 55515.901123561605, 55297.3950574708]
Time
22.532214403152466
The result for the 17th execution is
Query Result
[229231.3464149007, 291039.9319044998, 232336.21123839926, 271793.5697668994, 233252.7029270997, 282075.1964855997, 225900.90695000038, 290379.5779161993, 235689.03167439986, 283641.21173180046, 229290.1969184995, 280979.78670609964, 234128.9519510001, 289151.40515459975, 236794.40682660002, 284137.3163717998, 227369.8348061006, 282683.0841657019, 233818.72381170074, 287479.3708049005, 235126.4266755999, 286020.32383249956, 247999.47748469998, 290455.89890440024, 233562.59083169923, 290951.8307871007, 231772.89751820025, 270184.9353078995, 226891.32284370053, 287862.97003630054, 227034.01231259937, 271936.2261741001, 233302.3442993996, 276246.3993007998, 230056.16751030012, 280153.7047555996, 237676.4152758994, 278517.00940240035, 235463.18616640032, 275714.02588410024, 240786.72476859938, 285501.2211211985, 234065.04910289976, 283465.63513709995, 230894.13395049953, 273834.374213299, 222882.54366529983, 285777.7018646998, 232271.4493658003, 277397.7461090005]
Noised Result
[28808.148259941365, 49309.832555629626, 25197.07609918723, 41022.824436121475, 15772.110296169878, 36736.15173363643, 32230.47372140114, 42267.92628615761, 36075.17002811187, 54201.48872219041, 27715.56950262047, 46288.5132027971, 27015.888073255825, 48820.60139174345, 27933.448249462395, 35621.57555113746, 32529.58986177735, 64640.252137608855, 37837.359714644874, 37969.746613938405, 25471.894824396986, 60863.32228827101, 22764.8809560401, 40938.07983997409, 20373.007495078826, 63045.9679153473, 37181.59665798318, 40874.1746061015, 32955.68439385187, 40800.79770461038, 21917.45759572751, 27621.685202975, 29207.54986948782, 63255.53215683589, 47013.059325459, 49213.57870983813, 49564.06696549442, 52490.57566962375, 28079.048217649855, 41616.32693393156, 19335.81227954394, 45133.40697756403, 32298.83584502776, 47468.52119802707, 31738.72772709663, 35651.47482674587, 20738.292847658122, 55725.62105645931, 34292.49334723035, 55526.77436035985]
Time
23.694669246673584
The result for the 18th execution is
Query Result
[229231.3464149007, 291039.9319044998, 232336.21123839926, 271793.5697668994, 233252.7029270997, 282075.1964855997, 225900.90695000038, 290379.5779161993, 235689.03167439986, 283641.21173180046, 229290.1969184995, 280979.78670609964, 234128.9519510001, 289151.40515459975, 236794.40682660002, 284137.3163717998, 227369.8348061006, 282683.0841657019, 233818.72381170074, 287479.3708049005, 235126.4266755999, 286020.32383249956, 247999.47748469998, 290455.89890440024, 233562.59083169923, 290951.8307871007, 231772.89751820025, 270184.9353078995, 226891.32284370053, 287862.97003630054, 227034.01231259937, 271936.2261741001, 233302.3442993996, 276246.3993007998, 230056.16751030012, 280153.7047555996, 237676.4152758994, 278517.00940240035, 235463.18616640032, 275714.02588410024, 240786.72476859938, 285501.2211211985, 234065.04910289976, 283465.63513709995, 230894.13395049953, 273834.374213299, 222882.54366529983, 285777.7018646998, 232271.4493658003, 277397.7461090005]
Noised Result
[34752.71727690981, 95291.66720551637, 30810.55815712108, 39887.9788584364, 35867.56094531392, 37674.10643203383, 21584.888017758596, 54215.46715392082, 30253.91332536115, 50401.097738972865, 28664.45773032641, 40079.524314100185, 15003.70763959611, 48751.10918947749, 26724.32950398492, 45197.765981540535, 33758.12992736837, 48219.59064647663, 26013.467166392045, 60321.14480304002, 27912.176372990856, 39012.51170189469, 39439.841980062454, 68547.32752987983, 27083.847600804507, 34678.864856303204, 22703.32697530398, 45549.67801227815, 61937.36602139886, 64092.452632180706, 41802.327244343076, 34226.79029725732, 19147.3790828888, 52415.976304695694, 19891.267512868522, 48558.21126705306, 41183.2863794489, 40635.57349716864, 48275.866849305574, 42598.16002099741, 56937.938178058044, 83536.66680489108, 25576.670187520955, 38490.676165883226, 28702.6456566235, 74133.01381019235, 62235.28466186134, 35752.58107846744, 23828.7727234372, 65853.52282586115]
Time
23.815099477767944
The result for the 19th execution is
Query Result
[229231.3464149007, 291039.9319044998, 232336.21123839926, 271793.5697668994, 233252.7029270997, 282075.1964855997, 225900.90695000038, 290379.5779161993, 235689.03167439986, 283641.21173180046, 229290.1969184995, 280979.78670609964, 234128.9519510001, 289151.40515459975, 236794.40682660002, 284137.3163717998, 227369.8348061006, 282683.0841657019, 233818.72381170074, 287479.3708049005, 235126.4266755999, 286020.32383249956, 247999.47748469998, 290455.89890440024, 233562.59083169923, 290951.8307871007, 231772.89751820025, 270184.9353078995, 226891.32284370053, 287862.97003630054, 227034.01231259937, 271936.2261741001, 233302.3442993996, 276246.3993007998, 230056.16751030012, 280153.7047555996, 237676.4152758994, 278517.00940240035, 235463.18616640032, 275714.02588410024, 240786.72476859938, 285501.2211211985, 234065.04910289976, 283465.63513709995, 230894.13395049953, 273834.374213299, 222882.54366529983, 285777.7018646998, 232271.4493658003, 277397.7461090005]
Noised Result
[29222.608793245636, 59272.86270485622, 23880.12115689073, 22728.103767870634, 22172.542175444498, 34895.709915392945, 28582.12101027195, 81933.74241820918, 39556.929401079906, 47468.658089314966, 25694.457717501013, 55241.13597671046, 50035.9444523041, 41817.699077360245, 28417.18955134722, 35660.352583497646, 22717.545373113666, 53392.867697572845, 34611.97623194938, 48461.877917712816, 32218.835298889462, 70589.33538540528, 52205.76071993765, 39742.95232911385, 43165.79823001227, 52430.63193038208, 32641.52902085577, 47784.81152692799, 21778.4431608472, 40812.93149960549, 31572.390973981674, 26765.171993823402, 38308.68844617531, 40839.56096606304, 39177.713309894694, 52308.85290607599, 27999.454402603544, 44625.23810734313, 26067.379323783287, 61026.36298801199, 19488.10491380836, 46442.73861869275, 34207.02991889483, 57014.10394221608, 51943.246052021976, 31565.96624566923, 18511.508141687955, 51971.028427491125, 25903.40498976402, 68489.05863281217]
Time
25.140064001083374
