The result for the 0th execution is
Query Result
[24539.0, 24358.0, 24530.0, 25052.0, 24822.0, 24826.0, 24806.0, 24750.0, 24774.0, 25207.0, 24526.0, 24751.0, 24979.0, 24569.0, 24741.0, 24858.0, 24754.0, 24557.0, 24920.0, 24809.0, 25146.0, 24882.0, 25133.0, 24865.0, 25137.0, 25043.0, 24727.0, 25134.0, 25083.0, 24965.0, 24594.0, 24719.0, 24377.0, 24313.0, 24697.0, 24517.0, 24374.0, 24541.0, 24693.0, 24550.0, 24771.0, 24939.0, 24662.0, 24419.0, 24774.0, 24373.0, 24873.0, 24324.0, 24696.0, 24605.0]
Noised Result
[11091.119470298752, 11784.052407636005, 11400.573414760132, 11168.814251417425, 12280.075707174252, 10833.305226161698, 11508.782263721701, 12016.526323800217, 10737.084280927684, 11837.867097821303, 10434.443448644799, 10866.477685224616, 12058.865306767782, 11087.390365087052, 11397.110811431829, 12095.874432200055, 11336.242877613062, 12428.09800534861, 11677.619173255312, 11725.965901219886, 12766.767831587702, 12414.166933955468, 12392.020730689303, 12362.683996885855, 11870.220466337783, 11924.954759135097, 11710.868607903692, 11129.960354401926, 11766.104776118013, 12633.616696367773, 9963.15721337389, 20200.642110776636, 11709.131846218192, 10042.48457358197, 11070.825986749915, 9882.350273407314, 11689.166726627693, 11593.352951455978, 12432.045217644803, 12417.320564295567, 10416.42796763605, 15269.094763684387, 10907.549329825699, 12291.917697140798, 11789.699490577914, 12418.838799245725, 11871.291713101064, 11123.21930628087, 11139.614833368472, 11353.776399178125]
Time
15.609829425811768
The result for the 1th execution is
Query Result
[24539.0, 24358.0, 24530.0, 25052.0, 24822.0, 24826.0, 24806.0, 24750.0, 24774.0, 25207.0, 24526.0, 24751.0, 24979.0, 24569.0, 24741.0, 24858.0, 24754.0, 24557.0, 24920.0, 24809.0, 25146.0, 24882.0, 25133.0, 24865.0, 25137.0, 25043.0, 24727.0, 25134.0, 25083.0, 24965.0, 24594.0, 24719.0, 24377.0, 24313.0, 24697.0, 24517.0, 24374.0, 24541.0, 24693.0, 24550.0, 24771.0, 24939.0, 24662.0, 24419.0, 24774.0, 24373.0, 24873.0, 24324.0, 24696.0, 24605.0]
Noised Result
[11602.411651303479, 11633.025536693196, 10551.505916279368, 11490.956569117414, 12762.443676017007, 11295.521859157267, 12878.288974409516, 12711.335787877293, 10390.740550097265, 20523.65660798453, 10669.513743900465, 11639.723420643899, 12298.250283861074, 12154.272520690563, 12082.302715859645, 12448.170410210638, 12012.723635574835, 12233.830169727256, 12047.237060178886, 12325.075127555814, 13140.797470294301, 11929.691136363776, 13846.914222476384, 10994.761564090619, 14999.846442048383, 10941.304249109058, 13853.682179992487, 13072.666687649076, 11593.35909496294, 12032.859046003487, 11344.305430171291, 13795.920721761959, 11085.8753191422, 12342.24891572926, 10561.253895241243, 13057.84090006593, 12031.400825055245, 10481.54428485069, 11575.476764361476, 13594.480683492357, 11266.984441290308, 12131.323418801683, 14064.693271132242, 11095.825387034587, 12616.397113633944, 11761.11116023162, 11770.214366915781, 11056.675117183357, 11681.805449187701, 11583.66075368883]
Time
15.660387992858887
The result for the 2th execution is
Query Result
[24539.0, 24358.0, 24530.0, 25052.0, 24822.0, 24826.0, 24806.0, 24750.0, 24774.0, 25207.0, 24526.0, 24751.0, 24979.0, 24569.0, 24741.0, 24858.0, 24754.0, 24557.0, 24920.0, 24809.0, 25146.0, 24882.0, 25133.0, 24865.0, 25137.0, 25043.0, 24727.0, 25134.0, 25083.0, 24965.0, 24594.0, 24719.0, 24377.0, 24313.0, 24697.0, 24517.0, 24374.0, 24541.0, 24693.0, 24550.0, 24771.0, 24939.0, 24662.0, 24419.0, 24774.0, 24373.0, 24873.0, 24324.0, 24696.0, 24605.0]
Noised Result
[11586.441720992836, 9566.471268020225, 13501.090670965528, 11519.83241577012, 11350.414023328469, 12059.914836615313, 10886.993197543552, 11836.816934390285, 16004.843154702703, 7575.059489976784, 10498.348751051693, 13581.451319167278, 11353.897851546257, 11892.00726064651, 11404.89110381082, 10684.234243579023, 12824.558177608324, 11671.466654910671, 11290.267146366881, 11403.45729454327, 12582.565952858597, 11714.45457592545, 12235.181639256429, 11850.133317991062, 11984.060315339735, 14137.08154750869, 11219.925770471795, 11697.675040912913, 11518.908346737824, 11191.225169174893, 10352.738126299808, 11615.70351938365, 10623.923725257102, 10843.130814295342, 12117.149524434426, 12270.463839642101, 12135.867973379685, 11500.895385682245, 12815.761798702737, 11378.66652785596, 11903.32722343487, 13147.676349634305, 13483.200124863473, 11589.959712630476, 11559.536020015326, 11415.741978687154, 14381.252485804614, 10937.35415003138, 13761.539818132644, 11669.09474360904]
Time
15.684664726257324
The result for the 3th execution is
Query Result
[24539.0, 24358.0, 24530.0, 25052.0, 24822.0, 24826.0, 24806.0, 24750.0, 24774.0, 25207.0, 24526.0, 24751.0, 24979.0, 24569.0, 24741.0, 24858.0, 24754.0, 24557.0, 24920.0, 24809.0, 25146.0, 24882.0, 25133.0, 24865.0, 25137.0, 25043.0, 24727.0, 25134.0, 25083.0, 24965.0, 24594.0, 24719.0, 24377.0, 24313.0, 24697.0, 24517.0, 24374.0, 24541.0, 24693.0, 24550.0, 24771.0, 24939.0, 24662.0, 24419.0, 24774.0, 24373.0, 24873.0, 24324.0, 24696.0, 24605.0]
Noised Result
[13630.988117098734, 11042.758679454419, 11249.756514312136, 11992.470778342164, 11210.427372100718, 10710.570670078603, 14385.531872686126, 11984.389694206504, 10665.038268120297, 11908.286789360474, 11795.545727727313, 12238.471749882392, 12409.219999665685, 12766.996644150338, 12867.779497966538, 12790.883923498313, 11620.635946908773, 11500.037546244705, 13728.125289414438, 9627.44186780533, 12892.671887236473, 12821.380702900233, 12006.820442033026, 12142.469918253326, 12553.774609599965, 10770.405153809952, 11902.169809046554, 13161.692848594044, 11499.412636050927, 11811.848014627965, 12725.4518511056, 16110.606420041702, 11480.065440879462, 11057.639502955248, 11755.403044887924, 13410.698859723312, 11299.637080898807, 13672.16204433783, 14584.349864971682, 13890.091471959606, 11823.428641334787, 11473.835776775046, 12280.503449603031, 10074.518233336285, 14286.732247609465, 13555.306574606802, 13031.92501540318, 12202.625620944382, 12857.730664889903, 11730.455052322657]
Time
15.587634086608887
The result for the 4th execution is
Query Result
[24539.0, 24358.0, 24530.0, 25052.0, 24822.0, 24826.0, 24806.0, 24750.0, 24774.0, 25207.0, 24526.0, 24751.0, 24979.0, 24569.0, 24741.0, 24858.0, 24754.0, 24557.0, 24920.0, 24809.0, 25146.0, 24882.0, 25133.0, 24865.0, 25137.0, 25043.0, 24727.0, 25134.0, 25083.0, 24965.0, 24594.0, 24719.0, 24377.0, 24313.0, 24697.0, 24517.0, 24374.0, 24541.0, 24693.0, 24550.0, 24771.0, 24939.0, 24662.0, 24419.0, 24774.0, 24373.0, 24873.0, 24324.0, 24696.0, 24605.0]
Noised Result
[10984.166437732203, 11120.98958405376, 11631.597794500052, 11775.120633337548, 10647.251415315575, 12086.477123719904, 10245.354101035107, 14671.709772478709, 12038.198659798032, 12110.940273720906, 13727.481178673606, 12480.992330321198, 12182.953800901225, 11532.601162170726, 12012.77464873631, 11418.363083933482, 10823.239096210624, 11581.382956519781, 12888.193272061646, 13497.388448294241, 11437.689404391498, 11839.17084810561, 10949.591370919143, 11427.672196776792, 12053.271829674679, 12999.037654650674, 12268.912379662212, 11705.571785330096, 13600.134310080313, 11719.298574437573, 11406.276538035854, 11841.737178464737, 12737.649661820513, 13562.939807159764, 13075.813790437189, 10956.596409747333, 11357.015937066408, 10933.691644955354, 11822.583413142096, 11201.419008729594, 11876.053600588495, 12665.235313802821, 11058.709384399292, 11891.555489997776, 12461.62925608733, 11168.04467262921, 12238.296033741904, 14244.028787697827, 12235.404255263653, 11297.207601817747]
Time
15.715682029724121
The result for the 5th execution is
Query Result
[24539.0, 24358.0, 24530.0, 25052.0, 24822.0, 24826.0, 24806.0, 24750.0, 24774.0, 25207.0, 24526.0, 24751.0, 24979.0, 24569.0, 24741.0, 24858.0, 24754.0, 24557.0, 24920.0, 24809.0, 25146.0, 24882.0, 25133.0, 24865.0, 25137.0, 25043.0, 24727.0, 25134.0, 25083.0, 24965.0, 24594.0, 24719.0, 24377.0, 24313.0, 24697.0, 24517.0, 24374.0, 24541.0, 24693.0, 24550.0, 24771.0, 24939.0, 24662.0, 24419.0, 24774.0, 24373.0, 24873.0, 24324.0, 24696.0, 24605.0]
Noised Result
[11283.296655281958, 12362.790910622969, 11762.690011619037, 11606.418708493722, 14176.149712492119, 11877.249815056024, 13609.791537634064, 11672.125493711424, 10297.88317543586, 12251.222591852882, 11080.411812196817, 13258.389270267984, 10015.713182876083, 10535.514058024255, 10366.282019688695, 12800.991391510044, 14682.057585122833, 11823.818780173402, 11867.188913604718, 13181.749763062217, 11910.169605082116, 13759.68165367224, 12286.851270338952, 11592.155195720601, 12584.86735786689, 11613.223456463693, 12382.403018103143, 9851.225955450833, 13509.367949647145, 11056.52731717281, 12519.31511550792, 11526.597700507224, 12453.140975314118, 11950.13194754024, 10558.078152815113, 11239.188138976027, 14272.719336336133, 11752.879560768066, 12942.656651937958, 12033.702089306069, 12427.47788362744, 11646.016806682415, 10114.40394846366, 11979.314290765267, 12148.870392478559, 11312.346130233382, 12603.559513765003, 12400.48762399556, 11608.744633736307, 14047.562350199942]
Time
15.691518068313599
The result for the 6th execution is
Query Result
[24539.0, 24358.0, 24530.0, 25052.0, 24822.0, 24826.0, 24806.0, 24750.0, 24774.0, 25207.0, 24526.0, 24751.0, 24979.0, 24569.0, 24741.0, 24858.0, 24754.0, 24557.0, 24920.0, 24809.0, 25146.0, 24882.0, 25133.0, 24865.0, 25137.0, 25043.0, 24727.0, 25134.0, 25083.0, 24965.0, 24594.0, 24719.0, 24377.0, 24313.0, 24697.0, 24517.0, 24374.0, 24541.0, 24693.0, 24550.0, 24771.0, 24939.0, 24662.0, 24419.0, 24774.0, 24373.0, 24873.0, 24324.0, 24696.0, 24605.0]
Noised Result
[11223.859996487956, 11321.758691372153, 11419.318858662795, 11519.1358907351, 11480.162085816377, 11923.849402539461, 11948.837714441961, 10796.348465076879, 12400.372750884006, 12120.826616787384, 11824.939473470371, 11232.933887119114, 11080.279457631277, 12438.154486337207, 11460.995879918151, 12393.354919314661, 12398.052000543834, 13205.172698279512, 11552.0712662835, 11373.081759154356, 10748.47803150908, 11078.227865023639, 11900.719502007109, 10888.26907434445, 14492.714035372475, 11663.491900503737, 11298.376155750462, 11610.097982882842, 11784.114730650734, 12091.906464091431, 12073.33318572949, 13573.970810447692, 13988.351227261575, 11907.698230333677, 12101.06835516937, 11390.308033162371, 10801.670268774224, 12350.752557694745, 11914.765186051289, 14751.572603947652, 11594.552979962473, 10743.184290775076, 12578.937776423749, 11796.306701928715, 11828.870025367012, 12446.248587357797, 11848.36666086869, 10770.634239343653, 12575.325433686268, 11409.598711326915]
Time
15.780898571014404
The result for the 7th execution is
Query Result
[24539.0, 24358.0, 24530.0, 25052.0, 24822.0, 24826.0, 24806.0, 24750.0, 24774.0, 25207.0, 24526.0, 24751.0, 24979.0, 24569.0, 24741.0, 24858.0, 24754.0, 24557.0, 24920.0, 24809.0, 25146.0, 24882.0, 25133.0, 24865.0, 25137.0, 25043.0, 24727.0, 25134.0, 25083.0, 24965.0, 24594.0, 24719.0, 24377.0, 24313.0, 24697.0, 24517.0, 24374.0, 24541.0, 24693.0, 24550.0, 24771.0, 24939.0, 24662.0, 24419.0, 24774.0, 24373.0, 24873.0, 24324.0, 24696.0, 24605.0]
Noised Result
[11349.969618851293, 11407.725742461509, 10856.372982603232, 11748.451182624834, 10775.279992155221, 13734.73137020672, 11753.888400771491, 13154.253128343777, 12879.708405821977, 12538.701386090426, 11301.594178950905, 11374.878675109449, 10515.824257419568, 11064.89730723454, 12194.42420653312, 13026.683411767512, 11867.469507300497, 12204.286086841632, 12129.092694401857, 13018.766491073084, 12474.31760995125, 12074.20192624462, 10977.825336882992, 10774.64936246479, 11574.18647830146, 11865.170906988875, 9183.919247726042, 11489.306546257612, 8986.083482518448, 12070.878938868698, 9213.40881071561, 11495.491948329105, 11559.723313776201, 12195.264917445336, 11253.832607479366, 12197.51193111928, 12467.86644568172, 12829.113604065795, 10000.304424485916, 12908.990689027742, 12998.343270626938, 12803.52043591932, 11384.391942381659, 11969.667407927982, 9770.58046790309, 11590.643605731744, 11975.832569449976, 10649.13481342227, 11886.289779809882, 12624.400145214035]
Time
15.446193933486938
The result for the 8th execution is
Query Result
[24539.0, 24358.0, 24530.0, 25052.0, 24822.0, 24826.0, 24806.0, 24750.0, 24774.0, 25207.0, 24526.0, 24751.0, 24979.0, 24569.0, 24741.0, 24858.0, 24754.0, 24557.0, 24920.0, 24809.0, 25146.0, 24882.0, 25133.0, 24865.0, 25137.0, 25043.0, 24727.0, 25134.0, 25083.0, 24965.0, 24594.0, 24719.0, 24377.0, 24313.0, 24697.0, 24517.0, 24374.0, 24541.0, 24693.0, 24550.0, 24771.0, 24939.0, 24662.0, 24419.0, 24774.0, 24373.0, 24873.0, 24324.0, 24696.0, 24605.0]
Noised Result
[11328.75605913689, 11577.090494394086, 14370.161057321224, 12230.13291306436, 11522.785689489385, 10883.825663482901, 11735.878455340393, 13152.722310104215, 11578.822362898758, 14850.363010527966, 11542.991106756643, 11400.218618841353, 11838.08126768352, 11730.46828310904, 11375.360770923431, 10731.60227008075, 13942.687811398035, 10916.97368866174, 12008.327540773755, 13147.348152479673, 16793.799652047237, 12381.648527842977, 12691.410917575166, 12458.855631226996, 11543.889021255647, 12162.772913352812, 11530.418319426506, 12009.441406399605, 11879.30119604244, 12299.472111928215, 11229.36197801234, 11352.69879708409, 14293.806186491149, 11404.432833444464, 12467.067574420573, 10032.09997769982, 11034.337800477973, 12267.297170429854, 13900.946026222773, 12815.65673220443, 16232.922666235743, 12445.176283504345, 12952.317086905892, 10801.414312513636, 12243.930405554962, 10965.56226626376, 9311.387874073778, 11462.284209045687, 12745.736624449652, 13332.388860803087]
Time
15.662323951721191
The result for the 9th execution is
Query Result
[24539.0, 24358.0, 24530.0, 25052.0, 24822.0, 24826.0, 24806.0, 24750.0, 24774.0, 25207.0, 24526.0, 24751.0, 24979.0, 24569.0, 24741.0, 24858.0, 24754.0, 24557.0, 24920.0, 24809.0, 25146.0, 24882.0, 25133.0, 24865.0, 25137.0, 25043.0, 24727.0, 25134.0, 25083.0, 24965.0, 24594.0, 24719.0, 24377.0, 24313.0, 24697.0, 24517.0, 24374.0, 24541.0, 24693.0, 24550.0, 24771.0, 24939.0, 24662.0, 24419.0, 24774.0, 24373.0, 24873.0, 24324.0, 24696.0, 24605.0]
Noised Result
[12285.547951695531, 11590.555449212905, 12788.233299321237, 13114.13946205046, 7571.526004827614, 11644.509738790435, 10984.253403701145, 15362.197158846939, 10954.528914225622, 11885.409509059107, 12213.68846289949, 12430.731892631982, 15791.537510385075, 12648.908674361923, 12528.156899385902, 10383.0019718973, 11031.356571171977, 9236.219816220128, 11350.213496704058, 11490.837126386143, 12368.34960144541, 15069.298549272084, 12878.678438853603, 18119.013995959576, 12091.084835298518, 12403.904204802928, 11650.094408230267, 11896.621975974565, 11984.343960908123, 12320.968961741299, 12914.695900165785, 11111.869440567836, 11364.697515872384, 11007.644117556873, 10278.563094213667, 12386.525869527866, 10507.112656171397, 11511.476317091889, 15977.236119913381, 10181.503798544578, 12695.00292025509, 12170.010191419591, 13067.275805212987, 12761.605590026018, 11524.335561254042, 10715.80545193957, 12505.683676811534, 13097.756609520779, 12565.34920810917, 12603.740284646534]
Time
15.741518259048462
The result for the 10th execution is
Query Result
[24539.0, 24358.0, 24530.0, 25052.0, 24822.0, 24826.0, 24806.0, 24750.0, 24774.0, 25207.0, 24526.0, 24751.0, 24979.0, 24569.0, 24741.0, 24858.0, 24754.0, 24557.0, 24920.0, 24809.0, 25146.0, 24882.0, 25133.0, 24865.0, 25137.0, 25043.0, 24727.0, 25134.0, 25083.0, 24965.0, 24594.0, 24719.0, 24377.0, 24313.0, 24697.0, 24517.0, 24374.0, 24541.0, 24693.0, 24550.0, 24771.0, 24939.0, 24662.0, 24419.0, 24774.0, 24373.0, 24873.0, 24324.0, 24696.0, 24605.0]
Noised Result
[16573.413122182268, 10434.604001685224, 11793.530630373625, 14648.980842475667, 11586.137341977597, 11859.97890372149, 12653.61197582112, 11583.304297159899, 11235.463704403786, 12158.522976303972, 12198.064801889142, 13115.907163637467, 11582.928530025949, 11858.046281250561, 10979.684259183297, 11615.706929332064, 14075.643220137033, 11466.546027550932, 13169.690799172573, 11756.602521515673, 12793.032783707073, 11717.305706590405, 12625.339764865748, 12675.657665428751, 12359.248061782942, 11039.433065341633, 11757.179198585412, 11356.653623635066, 11821.135154773972, 12650.717918691087, 11673.59078039216, 11963.18572810898, 9531.137103023157, 11875.309577291484, 10286.457746642645, 12013.768050614082, 10651.77049290278, 11373.051027910986, 11106.136832626366, 11937.909692428577, 12343.135668317544, 11613.979375833518, 11617.980392230373, 15984.535679692995, 13202.353625738255, 11477.20231298251, 12240.26251164039, 11480.500649000616, 14827.395766315416, 12194.877457198509]
Time
15.731060981750488
The result for the 11th execution is
Query Result
[24539.0, 24358.0, 24530.0, 25052.0, 24822.0, 24826.0, 24806.0, 24750.0, 24774.0, 25207.0, 24526.0, 24751.0, 24979.0, 24569.0, 24741.0, 24858.0, 24754.0, 24557.0, 24920.0, 24809.0, 25146.0, 24882.0, 25133.0, 24865.0, 25137.0, 25043.0, 24727.0, 25134.0, 25083.0, 24965.0, 24594.0, 24719.0, 24377.0, 24313.0, 24697.0, 24517.0, 24374.0, 24541.0, 24693.0, 24550.0, 24771.0, 24939.0, 24662.0, 24419.0, 24774.0, 24373.0, 24873.0, 24324.0, 24696.0, 24605.0]
Noised Result
[12876.453943588163, 12041.707784655364, 10871.266837187384, 10717.43163371664, 12269.337451855154, 11956.913868862739, 12059.568914271313, 10965.960690193502, 12113.551148384888, 12133.670187499063, 11737.009178427466, 11334.038906128199, 11799.68065021162, 12075.410029368897, 12305.512713091573, 13372.631808366048, 11640.113490153039, 11693.416928732773, 12021.103499267945, 11950.286662350662, 11890.492181100442, 10397.659004306679, 13723.479839083455, 12738.638620156798, 11837.793569753027, 12115.13129922401, 11727.371821803203, 13617.78360252321, 12270.49624038495, 11898.116249624858, 11723.59927608519, 13027.639762520175, 9328.701995212696, 11059.052846838842, 9896.484534255622, 11903.496929670615, 9834.55746951614, 10954.774568537056, 12627.9468442817, 11252.907960129669, 12130.90685982056, 11865.061750714689, 10822.511168096033, 12113.339079059426, 12404.225778296604, 10446.470493532841, 11974.923573118424, 8766.059087119544, 11570.622298187325, 10702.529616877075]
Time
15.46333384513855
The result for the 12th execution is
Query Result
[24539.0, 24358.0, 24530.0, 25052.0, 24822.0, 24826.0, 24806.0, 24750.0, 24774.0, 25207.0, 24526.0, 24751.0, 24979.0, 24569.0, 24741.0, 24858.0, 24754.0, 24557.0, 24920.0, 24809.0, 25146.0, 24882.0, 25133.0, 24865.0, 25137.0, 25043.0, 24727.0, 25134.0, 25083.0, 24965.0, 24594.0, 24719.0, 24377.0, 24313.0, 24697.0, 24517.0, 24374.0, 24541.0, 24693.0, 24550.0, 24771.0, 24939.0, 24662.0, 24419.0, 24774.0, 24373.0, 24873.0, 24324.0, 24696.0, 24605.0]
Noised Result
[11173.23388550966, 9484.272287129443, 12027.107717184434, 11331.90923695065, 11629.050776978507, 11346.876759474108, 11412.029313774721, 11528.749208666452, 12527.025601630034, 12858.69736987148, 11981.302158552848, 11651.425242772417, 11929.242439322019, 8624.80385496105, 11709.823918519169, 11769.650420591366, 11698.660317842103, 11004.702080605788, 12748.941835221254, 12325.982214383332, 12834.718428574888, 14943.694699003761, 13116.418740900952, 13596.061890307821, 14367.423469824866, 11392.987449506727, 14205.810605567334, 12097.46398176199, 12396.336842227745, 11803.105819719629, 11690.297448066063, 12796.85027532584, 11499.363310897726, 10571.088964124989, 12399.365850401504, 11376.913215643865, 10724.281379988923, 11007.750537201697, 11222.916161447887, 12059.486723690145, 11404.396922982101, 12142.666447056656, 11516.356418465451, 10829.396684476633, 11722.104792359843, 12159.60787115562, 12109.377697871816, 11592.129082049552, 10885.5023722217, 11529.85669284677]
Time
15.532278537750244
The result for the 13th execution is
Query Result
[24539.0, 24358.0, 24530.0, 25052.0, 24822.0, 24826.0, 24806.0, 24750.0, 24774.0, 25207.0, 24526.0, 24751.0, 24979.0, 24569.0, 24741.0, 24858.0, 24754.0, 24557.0, 24920.0, 24809.0, 25146.0, 24882.0, 25133.0, 24865.0, 25137.0, 25043.0, 24727.0, 25134.0, 25083.0, 24965.0, 24594.0, 24719.0, 24377.0, 24313.0, 24697.0, 24517.0, 24374.0, 24541.0, 24693.0, 24550.0, 24771.0, 24939.0, 24662.0, 24419.0, 24774.0, 24373.0, 24873.0, 24324.0, 24696.0, 24605.0]
Noised Result
[11467.141054955846, 11867.426113321239, 10617.919128344487, 10247.72733779358, 14875.014004473309, 11744.572558150136, 11232.314066617426, 11651.257147358825, 12966.738480756696, 12193.860098820562, 10707.235743597299, 12988.808324474492, 12064.232114114937, 9749.233770579118, 12046.457331433812, 10392.501215568425, 11405.17082031126, 15121.320956489802, 11905.45661529301, 12035.329340977369, 13484.910651204991, 11976.579418830508, 13663.687658905965, 12326.777812346489, 11760.566590462473, 11848.124418963487, 13039.147652847214, 12156.813312157188, 11409.842068131065, 11773.085380223361, 11057.692879839296, 12340.762705832918, 11462.978072285876, 13122.779984318651, 12370.858401815178, 11010.053542390093, 11245.021117781496, 10642.857054798247, 12776.5735328556, 9101.7703314953, 12202.076021194673, 10952.747778122288, 12741.98748891422, 11157.88441925043, 12067.554148169249, 11717.519307227427, 16778.01357749172, 11385.612265468515, 11185.884905554583, 12446.114719683696]
Time
15.743643522262573
The result for the 14th execution is
Query Result
[24539.0, 24358.0, 24530.0, 25052.0, 24822.0, 24826.0, 24806.0, 24750.0, 24774.0, 25207.0, 24526.0, 24751.0, 24979.0, 24569.0, 24741.0, 24858.0, 24754.0, 24557.0, 24920.0, 24809.0, 25146.0, 24882.0, 25133.0, 24865.0, 25137.0, 25043.0, 24727.0, 25134.0, 25083.0, 24965.0, 24594.0, 24719.0, 24377.0, 24313.0, 24697.0, 24517.0, 24374.0, 24541.0, 24693.0, 24550.0, 24771.0, 24939.0, 24662.0, 24419.0, 24774.0, 24373.0, 24873.0, 24324.0, 24696.0, 24605.0]
Noised Result
[12510.85690171326, 11511.190468834408, 13036.037566668198, 10456.722136359283, 13461.589923029365, 12658.774114100694, 11674.513881458643, 11321.91022971169, 12478.856321733785, 12072.701368179387, 10874.18999372728, 11563.996835896634, 11982.496108457217, 11817.588278956606, 13075.473671016178, 12843.273003029957, 11452.541381609368, 12190.004936373029, 11894.57105290651, 13462.19150323726, 12111.13480776262, 12036.101998236369, 11919.08011123547, 11217.814076684323, 12786.245262154018, 11012.514169269527, 11028.566291559342, 12786.089780501792, 11679.065185350591, 10364.379932220276, 11943.100604654152, 11100.055579302727, 12547.295489890521, 12393.283380238146, 12174.629069087205, 10854.740097263388, 11927.580452966475, 12012.80182855757, 12182.63944280165, 11429.797848744329, 12839.071729936812, 12837.675235505953, 11571.234768977547, 14704.927044232143, 12148.691283879503, 12099.796578682104, 13061.988480515782, 10830.487715710238, 12853.428776588516, 11501.541781154652]
Time
15.62375545501709
The result for the 15th execution is
Query Result
[24539.0, 24358.0, 24530.0, 25052.0, 24822.0, 24826.0, 24806.0, 24750.0, 24774.0, 25207.0, 24526.0, 24751.0, 24979.0, 24569.0, 24741.0, 24858.0, 24754.0, 24557.0, 24920.0, 24809.0, 25146.0, 24882.0, 25133.0, 24865.0, 25137.0, 25043.0, 24727.0, 25134.0, 25083.0, 24965.0, 24594.0, 24719.0, 24377.0, 24313.0, 24697.0, 24517.0, 24374.0, 24541.0, 24693.0, 24550.0, 24771.0, 24939.0, 24662.0, 24419.0, 24774.0, 24373.0, 24873.0, 24324.0, 24696.0, 24605.0]
Noised Result
[16976.15832863968, 11444.498296665264, 10496.77978265729, 14137.25711537668, 11944.138768119225, 19393.65740708423, 10687.037173072771, 11479.436777962092, 11279.58017207377, 13908.851543704492, 11427.283497194136, 12156.995192718616, 8410.458057347636, 11284.920012918148, 11990.125209827425, 12783.944416105087, 10918.432878116611, 11792.352294999699, 11642.04935691796, 11097.406709722183, 11768.4895613021, 11104.435239122831, 11833.520624382803, 11499.547388540082, 11914.083175577694, 11424.933002063579, 11148.423511090126, 12253.783349216654, 10718.935008233333, 10455.003417419479, 8752.824237508625, 9429.306978169205, 11513.34014424658, 10446.113470266228, 11820.679072907617, 11764.456756675596, 10033.304416557105, 10892.709894427444, 12573.621225774908, 8464.670250450372, 12866.227881413182, 11929.979410283115, 12984.029019155403, 10926.088237508104, 11503.59075476696, 7935.162716219493, 11625.6276454389, 11901.068937240088, 11772.356258984291, 15010.320200704617]
Time
15.705757141113281
The result for the 16th execution is
Query Result
[24539.0, 24358.0, 24530.0, 25052.0, 24822.0, 24826.0, 24806.0, 24750.0, 24774.0, 25207.0, 24526.0, 24751.0, 24979.0, 24569.0, 24741.0, 24858.0, 24754.0, 24557.0, 24920.0, 24809.0, 25146.0, 24882.0, 25133.0, 24865.0, 25137.0, 25043.0, 24727.0, 25134.0, 25083.0, 24965.0, 24594.0, 24719.0, 24377.0, 24313.0, 24697.0, 24517.0, 24374.0, 24541.0, 24693.0, 24550.0, 24771.0, 24939.0, 24662.0, 24419.0, 24774.0, 24373.0, 24873.0, 24324.0, 24696.0, 24605.0]
Noised Result
[11073.312908332928, 12762.733154170313, 11501.95023559115, 13073.093208931226, 14075.259352730654, 11936.916211753121, 11987.370511907562, 10662.313556037796, 10761.82945619728, 11826.216865437338, 11646.386582160929, 11349.30892031993, 9181.893825778872, 11808.554844017537, 12789.115933776022, 10611.57756460401, 11393.95843882977, 11033.671404018103, 12923.171743441999, 12260.744168652836, 11359.58664264915, 12999.718481554602, 11609.654360596636, 11954.698350833678, 13255.041606327688, 12319.515273255729, 13193.53444185958, 12618.168559560665, 11231.61996703746, 11929.43304162228, 11693.138852474709, 11312.491990452909, 10381.568921646644, 11447.85895645061, 11945.251980840927, 12256.739164997369, 12379.495303844335, 11650.715535955977, 11221.033131402113, 12426.897226413912, 12146.287379614065, 14593.717851142814, 11560.58772173926, 11775.935512416498, 12067.571509126657, 11869.209942454752, 10850.46147516081, 11329.246874915463, 10820.82604950394, 11297.190568227736]
Time
15.719260931015015
The result for the 17th execution is
Query Result
[24539.0, 24358.0, 24530.0, 25052.0, 24822.0, 24826.0, 24806.0, 24750.0, 24774.0, 25207.0, 24526.0, 24751.0, 24979.0, 24569.0, 24741.0, 24858.0, 24754.0, 24557.0, 24920.0, 24809.0, 25146.0, 24882.0, 25133.0, 24865.0, 25137.0, 25043.0, 24727.0, 25134.0, 25083.0, 24965.0, 24594.0, 24719.0, 24377.0, 24313.0, 24697.0, 24517.0, 24374.0, 24541.0, 24693.0, 24550.0, 24771.0, 24939.0, 24662.0, 24419.0, 24774.0, 24373.0, 24873.0, 24324.0, 24696.0, 24605.0]
Noised Result
[12721.711922133956, 12608.560756166455, 13749.314290964885, 12227.678011060674, 12149.319975312157, 9779.794271684299, 9975.936743114444, 14744.233132117617, 9964.919013357783, 13544.997249903186, 11756.672252384475, 14385.51387974427, 12076.038352824875, 11809.925716525166, 8546.108210689936, 13251.61125391031, 13306.369969714171, 10599.753350169985, 11886.816804055677, 12781.669692928854, 12148.443632986931, 11554.107794630636, 11588.266604809945, 12701.240968147475, 12068.659118061758, 11849.636164469895, 13575.732563704842, 22798276.65882644, 12485.20614779726, 12062.321943095145, 12134.89720204802, 11841.711574796273, 12593.238901672044, 12279.122928551358, 12192.126312351018, 11704.558555722906, 11459.03546608381, 12151.233552313868, 10631.255135097854, 12362.844422127422, 12138.448333676359, 16370.727693602623, 11318.21272688606, 11115.226511876983, 11295.14014847079, 11507.47282692555, 13660.886334845498, 13943.150569529596, 11254.545048759608, 11904.923902307663]
Time
15.458905220031738
The result for the 18th execution is
Query Result
[24539.0, 24358.0, 24530.0, 25052.0, 24822.0, 24826.0, 24806.0, 24750.0, 24774.0, 25207.0, 24526.0, 24751.0, 24979.0, 24569.0, 24741.0, 24858.0, 24754.0, 24557.0, 24920.0, 24809.0, 25146.0, 24882.0, 25133.0, 24865.0, 25137.0, 25043.0, 24727.0, 25134.0, 25083.0, 24965.0, 24594.0, 24719.0, 24377.0, 24313.0, 24697.0, 24517.0, 24374.0, 24541.0, 24693.0, 24550.0, 24771.0, 24939.0, 24662.0, 24419.0, 24774.0, 24373.0, 24873.0, 24324.0, 24696.0, 24605.0]
Noised Result
[12373.393015211801, 11459.735024419499, 11989.558474669508, 11920.42293470919, 13173.77987228198, 11535.062485812956, 12392.654205928166, 11842.066401753942, 11528.286798911027, 10209.672522155759, 11195.959679821126, 11448.361097409768, 11076.701351351465, 8432.396011192095, 12665.723203092935, 12266.309441210647, 12362.751763139333, 10291.184516447167, 10856.543811193818, 10761.570601218487, 11614.859128476795, 11431.683791746647, 12447.659697717369, 13228.467250913513, 9697.153803072371, 12432.91524389623, 10565.917413119536, 11238.616881151189, 11426.088755557037, 10098.159647009057, 14235.94689439574, 11599.020653139167, 11866.780781566686, 10710.569908034618, 14375.990969120541, 11507.829261641997, 12147.348519145857, 10648.023050579843, 11249.275447958753, 12522.914129569088, 11956.976995089077, 15444.16725314764, 11777.816191781754, 12101.739701626, 10491.849156184688, 11756.937520748099, 11521.036903929606, 11719.897314320926, 12119.096239475086, 11653.826437096626]
Time
15.734224557876587
The result for the 19th execution is
Query Result
[24539.0, 24358.0, 24530.0, 25052.0, 24822.0, 24826.0, 24806.0, 24750.0, 24774.0, 25207.0, 24526.0, 24751.0, 24979.0, 24569.0, 24741.0, 24858.0, 24754.0, 24557.0, 24920.0, 24809.0, 25146.0, 24882.0, 25133.0, 24865.0, 25137.0, 25043.0, 24727.0, 25134.0, 25083.0, 24965.0, 24594.0, 24719.0, 24377.0, 24313.0, 24697.0, 24517.0, 24374.0, 24541.0, 24693.0, 24550.0, 24771.0, 24939.0, 24662.0, 24419.0, 24774.0, 24373.0, 24873.0, 24324.0, 24696.0, 24605.0]
Noised Result
[10070.176576398162, 11962.920574040752, 15495.243018576133, 11429.535074440591, 11459.545416624607, 8903.625472111733, 11650.39475879999, 14897.930982513964, 8877.613380564251, 12647.940051314146, 9795.16343582109, 11726.868798697147, 10636.964981309971, 11006.274628668703, 12428.166115874355, 11295.07335731983, 11558.23305525313, 11918.728453473675, 12157.591070821909, 13284.122578193124, 11705.826770591531, 11850.518571851739, 10378.001138681451, 11740.742338905471, 12129.526037746966, 12025.886901861544, 12560.9757765793, 12125.24611921653, 12261.285787514746, 11850.514755076858, 13700.819416780963, 11760.332293083069, 11099.973064980823, 10949.437973820943, 11965.367853930049, 11512.234479378161, 11427.524464971248, 11620.11823645467, 12679.756922001361, 10305.411135619092, 12192.490279730024, 13697.601032289733, 11293.098245248932, 12197.43132117394, 13468.920812372286, 10013.11859740146, 11746.195135000653, 11352.451012711219, 12584.217842455771, 10541.849425785005]
Time
15.577708721160889
