The result for the 0th execution is
Query Result
[36031.78231759992, 41248.63908580002, 42551.344564000006, 30693.502856700015, 58822.714722800076, 43344.46914359991, 38256.79663579996, 37211.595373699965, 47077.86958910006, 40946.2602582, 49617.5850107, 44785.28793959994, 52519.76663470003, 41404.58317219997, 30252.720627799976, 34369.76909229997, 43846.35477460011, 35577.96574140007, 41439.13785259998, 31918.0852531, 44089.3442638, 50239.853476800075, 41942.332139799975, 29264.204497600007, 37622.8053879001]
Noised Result
[-1277.85074894982, -2843.4291188518937, -1340.7854517980206, -1095.236937932745, -973.1327278397539, -1200.3953438419128, -1225.883964855675, -1498.1269072861062, -1419.5742312275693, -1348.4942536471426, -884.1372454914726, -1541.6634538453031, -1289.631100896752, -1627.9391715921151, -1184.875539919793, -1435.9393122662257, -1299.4888579585868, -1648.9308630929952, -1296.901634355002, -1394.9831181104078, -1158.9874591315677, -1024.1013063383682, -1229.842228291037, -1087.8228597466136, -1436.4296572122773]
Time
3.085442066192627
The result for the 1th execution is
Query Result
[36031.78231759992, 41248.63908580002, 42551.344564000006, 30693.502856700015, 58822.714722800076, 43344.46914359991, 38256.79663579996, 37211.595373699965, 47077.86958910006, 40946.2602582, 49617.5850107, 44785.28793959994, 52519.76663470003, 41404.58317219997, 30252.720627799976, 34369.76909229997, 43846.35477460011, 35577.96574140007, 41439.13785259998, 31918.0852531, 44089.3442638, 50239.853476800075, 41942.332139799975, 29264.204497600007, 37622.8053879001]
Noised Result
[-1231.023148957805, -1456.199619090901, -1340.593045434276, -1187.1482940186402, -1036.7226100696712, -1221.1608222262198, -1254.7483110403803, -1361.0093827155024, -1341.4993168870021, -1318.2287005152239, -1064.3587484965594, -1018.4576663771429, -1516.560365046277, -1253.6098919115193, -1368.5453842771963, -1293.2588372248256, -1239.105338064178, -1357.1337432838416, -1388.0898744868473, -1506.3856465061297, -1407.852436393532, -1085.1592097030396, -1190.3997285949492, -1298.3267847315756, -1879.1903443585902]
Time
2.954996347427368
The result for the 2th execution is
Query Result
[36031.78231759992, 41248.63908580002, 42551.344564000006, 30693.502856700015, 58822.714722800076, 43344.46914359991, 38256.79663579996, 37211.595373699965, 47077.86958910006, 40946.2602582, 49617.5850107, 44785.28793959994, 52519.76663470003, 41404.58317219997, 30252.720627799976, 34369.76909229997, 43846.35477460011, 35577.96574140007, 41439.13785259998, 31918.0852531, 44089.3442638, 50239.853476800075, 41942.332139799975, 29264.204497600007, 37622.8053879001]
Noised Result
[-1800.8150631502838, -1170.0379374078689, -1281.7037976529543, -1258.202945424415, -1430.8695070901347, -1283.5787890305305, -408.3819139484352, -1275.0630026249644, -1224.3355759930957, -1284.7576259588323, -1065.7358673354702, -1303.6962929084252, -1565.810881588216, -1324.6210816857426, -1525.6941245514504, -1273.8970208099786, -1444.0924627277318, -1161.8698915827108, -1246.956442082529, -1341.461400194437, -1158.331387273498, -1301.571558996726, -1345.3344874366726, -1150.508928778099, -1476.5116253336623]
Time
3.019697666168213
The result for the 3th execution is
Query Result
[36031.78231759992, 41248.63908580002, 42551.344564000006, 30693.502856700015, 58822.714722800076, 43344.46914359991, 38256.79663579996, 37211.595373699965, 47077.86958910006, 40946.2602582, 49617.5850107, 44785.28793959994, 52519.76663470003, 41404.58317219997, 30252.720627799976, 34369.76909229997, 43846.35477460011, 35577.96574140007, 41439.13785259998, 31918.0852531, 44089.3442638, 50239.853476800075, 41942.332139799975, 29264.204497600007, 37622.8053879001]
Noised Result
[-1259.5072312491695, -1089.269687382426, -1393.2744514611952, -1429.7524975383628, -1206.164513653787, -1511.221871371124, -1272.673877054599, -1024.986790436788, -1048.6261888167123, -1070.4821503924238, -1500.0267307559225, -1381.4760488850281, -1599.6227096532518, -971.8523051301345, -265.20991166564477, -1737.0686877343944, -1121.8485163312323, -1399.0590438181011, -1244.933841094598, -1464.7304062685776, -1528.7250325344326, -1074.0761710268232, -1179.74174397953, -1237.0282947217727, -1349.5065603811818]
Time
2.9326205253601074
The result for the 4th execution is
Query Result
[36031.78231759992, 41248.63908580002, 42551.344564000006, 30693.502856700015, 58822.714722800076, 43344.46914359991, 38256.79663579996, 37211.595373699965, 47077.86958910006, 40946.2602582, 49617.5850107, 44785.28793959994, 52519.76663470003, 41404.58317219997, 30252.720627799976, 34369.76909229997, 43846.35477460011, 35577.96574140007, 41439.13785259998, 31918.0852531, 44089.3442638, 50239.853476800075, 41942.332139799975, 29264.204497600007, 37622.8053879001]
Noised Result
[-1310.7796675032055, -1235.640854389464, -1252.2153820572296, -2209.590376731508, -1456.8401378668125, -1145.6085409520538, -1345.616359379749, -1441.616991618527, -1607.2552793754053, -788.1197911645115, -1214.6243879219676, -1446.6135409084957, -1490.8181417409317, -971.9777434936495, -623.7218899900395, -858.3553178238133, -1286.2593003445645, -1270.6248940008072, -1670.7745453940347, -1522.7380121931049, -1449.8882033506602, -1459.2050852431737, -1321.658291419314, -1120.3786449301024, -1303.3438011784356]
Time
3.020639419555664
The result for the 5th execution is
Query Result
[36031.78231759992, 41248.63908580002, 42551.344564000006, 30693.502856700015, 58822.714722800076, 43344.46914359991, 38256.79663579996, 37211.595373699965, 47077.86958910006, 40946.2602582, 49617.5850107, 44785.28793959994, 52519.76663470003, 41404.58317219997, 30252.720627799976, 34369.76909229997, 43846.35477460011, 35577.96574140007, 41439.13785259998, 31918.0852531, 44089.3442638, 50239.853476800075, 41942.332139799975, 29264.204497600007, 37622.8053879001]
Noised Result
[-1310.691566785394, -1273.6106687432607, -1339.9929799775641, -1372.4915921733705, -1613.6288446396302, 1641.4878963992142, -1356.0064287971954, -515.1173015423207, -1412.6299263755554, -1460.2618938090495, -877.026851189368, -1151.968766625314, -1196.5027601026518, -1069.557911437842, -808.7641004311594, -930.0883836345045, -1581.0402548564361, -1639.539806242108, -1300.0027155435753, -1684.1220067288777, -1090.4873723137812, -1047.0751431076924, -812.95732211629, -1512.1972410002295, -1496.271401454705]
Time
2.9160349369049072
The result for the 6th execution is
Query Result
[36031.78231759992, 41248.63908580002, 42551.344564000006, 30693.502856700015, 58822.714722800076, 43344.46914359991, 38256.79663579996, 37211.595373699965, 47077.86958910006, 40946.2602582, 49617.5850107, 44785.28793959994, 52519.76663470003, 41404.58317219997, 30252.720627799976, 34369.76909229997, 43846.35477460011, 35577.96574140007, 41439.13785259998, 31918.0852531, 44089.3442638, 50239.853476800075, 41942.332139799975, 29264.204497600007, 37622.8053879001]
Noised Result
[-1246.080612795916, -1286.3550638717204, -1804.4693215363613, -1324.2174988422485, -927.2232193478328, -1303.586928326546, -965.3147616888368, -1273.985565747931, -1223.0425596979414, -1336.4993558621381, -1132.8268608398805, -1279.6468668436366, -1302.7655025645581, -1295.7976921765141, -1305.085181941189, -1429.3115669240624, -1266.0365366525123, -1309.8677563188737, -1291.5354879835963, -870.5865852672971, -1158.435229363648, -1277.4691486358347, -1106.027265321225, -992.2286027860519, -975.6602770965246]
Time
2.845149040222168
The result for the 7th execution is
Query Result
[36031.78231759992, 41248.63908580002, 42551.344564000006, 30693.502856700015, 58822.714722800076, 43344.46914359991, 38256.79663579996, 37211.595373699965, 47077.86958910006, 40946.2602582, 49617.5850107, 44785.28793959994, 52519.76663470003, 41404.58317219997, 30252.720627799976, 34369.76909229997, 43846.35477460011, 35577.96574140007, 41439.13785259998, 31918.0852531, 44089.3442638, 50239.853476800075, 41942.332139799975, 29264.204497600007, 37622.8053879001]
Noised Result
[-1405.4031179765889, -1330.9910046549685, -1107.4009470199946, -1383.258280361514, -1065.3463740421603, -1301.758102418208, -1189.7545800504558, -1363.7661051282391, -1045.3317380433432, -1219.1738654051273, -1038.6358088077081, -1520.524180183139, -912.421626588229, -1392.0522352540843, -1251.1037571358488, -2062.354601255438, -1290.901818336203, -952.3769503698468, -1214.1292422012368, -1359.0768076488914, -1023.3977359169055, -1298.5007531296078, -1569.8991302989914, -1346.9170217406624, -1416.206296266193]
Time
2.953082799911499
The result for the 8th execution is
Query Result
[36031.78231759992, 41248.63908580002, 42551.344564000006, 30693.502856700015, 58822.714722800076, 43344.46914359991, 38256.79663579996, 37211.595373699965, 47077.86958910006, 40946.2602582, 49617.5850107, 44785.28793959994, 52519.76663470003, 41404.58317219997, 30252.720627799976, 34369.76909229997, 43846.35477460011, 35577.96574140007, 41439.13785259998, 31918.0852531, 44089.3442638, 50239.853476800075, 41942.332139799975, 29264.204497600007, 37622.8053879001]
Noised Result
[-1341.572732273669, -1603.0705288517051, -697.3226225691869, -1246.5013867348505, -1144.7051830944083, -1297.660803080271, -1572.0559391207523, -1294.7183340028403, -1218.7407917963194, -2005.4504840892214, -1307.1693889729518, -1325.70605864682, -1331.4633483823468, -1276.5013214855667, -1292.4564434513618, -1323.8337564666306, -1335.8428892086645, -1065.7253495150835, -1043.0636944630937, -1222.639622526959, -815.2707289218181, -1298.2471854443038, -1699.5273622500722, -1454.7431366592039, -1626.4513479155648]
Time
2.890648603439331
The result for the 9th execution is
Query Result
[36031.78231759992, 41248.63908580002, 42551.344564000006, 30693.502856700015, 58822.714722800076, 43344.46914359991, 38256.79663579996, 37211.595373699965, 47077.86958910006, 40946.2602582, 49617.5850107, 44785.28793959994, 52519.76663470003, 41404.58317219997, 30252.720627799976, 34369.76909229997, 43846.35477460011, 35577.96574140007, 41439.13785259998, 31918.0852531, 44089.3442638, 50239.853476800075, 41942.332139799975, 29264.204497600007, 37622.8053879001]
Noised Result
[-1214.3759160403606, -1132.0633649775789, -1371.2902990446412, -342.8910184749825, -1226.7986278068468, -1266.9936040455466, -1216.860061282127, -1048.665367492164, -1392.4432625809463, -1372.5707540847116, -1226.5092155241173, -1246.9608123625444, -1249.5290979608121, -1287.1333867088042, -1311.993492230686, -1348.3006425026947, -1306.5809716937697, -1183.3062788881355, -1449.4274801299023, -1453.8899606482123, -874.0742307950532, -1269.873781071153, -1632.5880035148257, -1644.9765651261541, -1269.5591049311313]
Time
2.952012300491333
The result for the 10th execution is
Query Result
[36031.78231759992, 41248.63908580002, 42551.344564000006, 30693.502856700015, 58822.714722800076, 43344.46914359991, 38256.79663579996, 37211.595373699965, 47077.86958910006, 40946.2602582, 49617.5850107, 44785.28793959994, 52519.76663470003, 41404.58317219997, 30252.720627799976, 34369.76909229997, 43846.35477460011, 35577.96574140007, 41439.13785259998, 31918.0852531, 44089.3442638, 50239.853476800075, 41942.332139799975, 29264.204497600007, 37622.8053879001]
Noised Result
[-1288.9579608238873, -1551.751617517467, -1563.5974934085716, -451.9197875405947, -1150.9186752742219, -1342.0243565392461, -959.10115467175, -1518.2737931213544, -1158.0932501826408, -1362.3753432794447, -1171.786508539177, -1072.4324912483671, -1429.6529857438695, -1357.726710705561, -1326.4138700485378, -1240.6826170648478, -1156.377262420106, -1199.0050772326827, -1424.7063226879977, -1204.2946561360336, -1133.1153886774293, -1004.7442736318264, -880.9156953635129, -1391.2204723766708, -1459.9136885281812]
Time
2.899198293685913
The result for the 11th execution is
Query Result
[36031.78231759992, 41248.63908580002, 42551.344564000006, 30693.502856700015, 58822.714722800076, 43344.46914359991, 38256.79663579996, 37211.595373699965, 47077.86958910006, 40946.2602582, 49617.5850107, 44785.28793959994, 52519.76663470003, 41404.58317219997, 30252.720627799976, 34369.76909229997, 43846.35477460011, 35577.96574140007, 41439.13785259998, 31918.0852531, 44089.3442638, 50239.853476800075, 41942.332139799975, 29264.204497600007, 37622.8053879001]
Noised Result
[-1090.9658138043103, -1165.5740677286212, -1089.632039723925, -1890.668348797686, -1372.4938515484207, -1297.765104542356, -1533.5280651759617, -1004.1818943619166, -1269.0316342641183, -1082.516230450357, -1501.7587203614823, -1117.8650777513396, -1240.3856065254345, -754.1649667678417, -1471.2087008527847, -1384.3090770036963, -1358.6793824888534, -1444.206922429205, -1699.0354956708738, -1244.5734512023444, -1380.0656228757953, -1458.4678700312697, -263.3585869701185, -333.8508843856986, -1437.4814928905303]
Time
2.9831936359405518
The result for the 12th execution is
Query Result
[36031.78231759992, 41248.63908580002, 42551.344564000006, 30693.502856700015, 58822.714722800076, 43344.46914359991, 38256.79663579996, 37211.595373699965, 47077.86958910006, 40946.2602582, 49617.5850107, 44785.28793959994, 52519.76663470003, 41404.58317219997, 30252.720627799976, 34369.76909229997, 43846.35477460011, 35577.96574140007, 41439.13785259998, 31918.0852531, 44089.3442638, 50239.853476800075, 41942.332139799975, 29264.204497600007, 37622.8053879001]
Noised Result
[-1276.5227894213203, -1179.804552368634, -1041.9023290841196, -1350.50518871594, -991.480919625963, -1467.1179647250456, -1290.9513809170367, -1054.2288019852695, -1283.1180324565107, -1160.0066942164708, -1344.7229278418301, -904.8392638713858, -1447.3564197544133, -1123.6752095691695, -1430.1929861264573, -1119.5027405094995, -1285.9422643320388, -863.3227786515332, -1221.1328914305898, -1124.3671276320172, -1049.9149861057726, -1387.7192172281211, -1204.6330734363887, -1298.1391473756942, -1315.9395519949674]
Time
2.8715906143188477
The result for the 13th execution is
Query Result
[36031.78231759992, 41248.63908580002, 42551.344564000006, 30693.502856700015, 58822.714722800076, 43344.46914359991, 38256.79663579996, 37211.595373699965, 47077.86958910006, 40946.2602582, 49617.5850107, 44785.28793959994, 52519.76663470003, 41404.58317219997, 30252.720627799976, 34369.76909229997, 43846.35477460011, 35577.96574140007, 41439.13785259998, 31918.0852531, 44089.3442638, 50239.853476800075, 41942.332139799975, 29264.204497600007, 37622.8053879001]
Noised Result
[-1567.9543590943008, -1449.997888178068, -1208.5997761927797, -1071.3527575824232, -1398.8282424044867, -1289.939930362842, -1394.4079314295184, -1067.709534669698, -957.3162400550982, -1633.9848780115728, -1211.8994524231755, -1641.2170664958758, -712.9139724782547, -914.1385677001593, -1343.44060944977, -1365.8018654287944, -1142.675780343299, -1928.8997472273381, -770.4881635589827, -1452.0882952424952, -1274.0463233447283, -1025.389199053005, -1459.0155344647408, -1177.6692236456552, -1150.3365382439358]
Time
2.919618844985962
The result for the 14th execution is
Query Result
[36031.78231759992, 41248.63908580002, 42551.344564000006, 30693.502856700015, 58822.714722800076, 43344.46914359991, 38256.79663579996, 37211.595373699965, 47077.86958910006, 40946.2602582, 49617.5850107, 44785.28793959994, 52519.76663470003, 41404.58317219997, 30252.720627799976, 34369.76909229997, 43846.35477460011, 35577.96574140007, 41439.13785259998, 31918.0852531, 44089.3442638, 50239.853476800075, 41942.332139799975, 29264.204497600007, 37622.8053879001]
Noised Result
[-998.4924883524563, -1082.354038365043, -750.5953161740061, -1093.5719611189984, -1223.1647030361908, -1058.3521525917495, -1317.236137697438, -1162.7913616516887, -1104.2837425153011, -1017.1597312955107, -1394.3383457978987, -1256.469100529065, -1420.2254560099698, -1310.7856478047638, -1346.9588631129016, -1512.059613472775, -1247.878653092007, -1344.7125441980643, -1078.9782096642712, -1572.2231216971397, -1505.205192561659, -1220.0690009550303, -1602.7610363054519, -1448.8272648214302, -1198.04808447662]
Time
2.9637837409973145
The result for the 15th execution is
Query Result
[36031.78231759992, 41248.63908580002, 42551.344564000006, 30693.502856700015, 58822.714722800076, 43344.46914359991, 38256.79663579996, 37211.595373699965, 47077.86958910006, 40946.2602582, 49617.5850107, 44785.28793959994, 52519.76663470003, 41404.58317219997, 30252.720627799976, 34369.76909229997, 43846.35477460011, 35577.96574140007, 41439.13785259998, 31918.0852531, 44089.3442638, 50239.853476800075, 41942.332139799975, 29264.204497600007, 37622.8053879001]
Noised Result
[-1606.5249006711283, -1396.5908623626622, -1457.488086941756, -1081.586976731604, -1306.9977956311654, -1179.2276263360386, -1316.6500644318435, -1253.2531566496198, -927.3747807516331, -1762.1522465481048, -1256.716033167366, -1350.0999008107162, -1654.891060271893, -1281.9243848292285, -1318.0311872072602, -1312.3620365139905, -1277.8495074925315, -1282.3278709058497, -1533.0602928211365, -1461.7749713347707, -1120.2547572559902, -1144.056751891152, -1370.1139065125572, -1290.1450727018068, -1058.6852536351169]
Time
2.9834747314453125
The result for the 16th execution is
Query Result
[36031.78231759992, 41248.63908580002, 42551.344564000006, 30693.502856700015, 58822.714722800076, 43344.46914359991, 38256.79663579996, 37211.595373699965, 47077.86958910006, 40946.2602582, 49617.5850107, 44785.28793959994, 52519.76663470003, 41404.58317219997, 30252.720627799976, 34369.76909229997, 43846.35477460011, 35577.96574140007, 41439.13785259998, 31918.0852531, 44089.3442638, 50239.853476800075, 41942.332139799975, 29264.204497600007, 37622.8053879001]
Noised Result
[-1379.059225108894, -976.792656214388, -1278.1844715799118, -1187.019057998805, -1313.3903558539837, -1115.3582614630402, -1384.0908143504673, -1276.5570188479194, -1528.9263416620593, -815.9671273798145, -1747.5421310967388, -1625.1216648043683, -1350.7433809011509, -1645.9678842458325, -1588.522214962344, -1422.713711230136, -1212.6176335956927, -1161.705078826184, -1338.4330182835538, -1403.307946901028, -1328.3055930841092, -1644.2259172073232, -1430.1330898599483, -1434.7185725096426, -1418.1652694359436]
Time
2.887779474258423
The result for the 17th execution is
Query Result
[36031.78231759992, 41248.63908580002, 42551.344564000006, 30693.502856700015, 58822.714722800076, 43344.46914359991, 38256.79663579996, 37211.595373699965, 47077.86958910006, 40946.2602582, 49617.5850107, 44785.28793959994, 52519.76663470003, 41404.58317219997, 30252.720627799976, 34369.76909229997, 43846.35477460011, 35577.96574140007, 41439.13785259998, 31918.0852531, 44089.3442638, 50239.853476800075, 41942.332139799975, 29264.204497600007, 37622.8053879001]
Noised Result
[-892.0111993718117, -1446.4161227792563, -1218.5649750115726, -1250.7165739549562, -1241.975765588425, -1125.1240242054419, -1270.8136982829385, -1176.7520081199118, -1228.9798397048305, -1131.023240835298, -1340.8653224988939, -852.3375829197018, -1271.7200141289125, -1363.007916515376, -1275.1015993622825, -1489.5886898399317, -557.4456809756559, -1578.7853551753055, -866.0659175180012, -1213.516501831154, -1490.2340294495164, -1354.8385768126636, -1311.3839994640819, -1300.6668595380042, -1541.1672264709275]
Time
2.878727436065674
The result for the 18th execution is
Query Result
[36031.78231759992, 41248.63908580002, 42551.344564000006, 30693.502856700015, 58822.714722800076, 43344.46914359991, 38256.79663579996, 37211.595373699965, 47077.86958910006, 40946.2602582, 49617.5850107, 44785.28793959994, 52519.76663470003, 41404.58317219997, 30252.720627799976, 34369.76909229997, 43846.35477460011, 35577.96574140007, 41439.13785259998, 31918.0852531, 44089.3442638, 50239.853476800075, 41942.332139799975, 29264.204497600007, 37622.8053879001]
Noised Result
[-1526.975023997169, -1362.0361398719372, -1599.4382516318014, -1344.0660331486731, -906.3868211478689, -1342.5253236826275, -1224.6752221444372, -1200.9679009435185, -1659.7533575357427, -1443.5540183316705, -1244.3040690885973, -1249.0795549763325, -1278.763452086397, -1344.6079696481156, -1535.5039966473448, -1229.4688978607485, -1027.9846957546383, -1436.7755689253981, -1326.9363708249284, -1368.8837028155322, -1364.0308672459682, -985.1598716468593, -1199.000544323265, -1326.7125586350892, -1062.0961063739232]
Time
2.92767596244812
The result for the 19th execution is
Query Result
[36031.78231759992, 41248.63908580002, 42551.344564000006, 30693.502856700015, 58822.714722800076, 43344.46914359991, 38256.79663579996, 37211.595373699965, 47077.86958910006, 40946.2602582, 49617.5850107, 44785.28793959994, 52519.76663470003, 41404.58317219997, 30252.720627799976, 34369.76909229997, 43846.35477460011, 35577.96574140007, 41439.13785259998, 31918.0852531, 44089.3442638, 50239.853476800075, 41942.332139799975, 29264.204497600007, 37622.8053879001]
Noised Result
[-1397.8138711141573, -1238.0190199261313, -1344.0212730168864, -1396.1143605346494, -1351.6184330421402, -1148.055356400423, -1508.799754897236, -1231.388906258735, -1397.5512210288493, -1708.8295873745883, -1262.0223750811313, -1271.902887711122, -1716.2271600584818, -1109.3159557144754, -1351.6796073805342, -1248.4967723141644, -1140.5284950003856, -1535.0386567973276, -1187.7941219912943, -1289.489016778352, -1145.129756013542, -1474.5797547931238, -1299.681764846955, -1029.7056345646909, -1290.8041169068092]
Time
2.9568517208099365
