The result for the 0th execution is
Query Result
[178785.7374441998, 174557.9006419002, 181130.7630288004, 178007.17005079967, 178629.31758949996, 183981.52651319987, 179508.7996199997, 182054.26327950045, 178433.18352369996, 180642.11739460056, 178696.36429789953, 179316.70240189988, 181096.2497966003, 180508.6027004996, 182030.6539569999, 184468.80146289954, 180275.23035500004, 179953.9629626, 173598.87351550037, 182313.25241839906, 178368.3961764003, 178718.52346579998, 180338.00750239936, 176499.9877864996, 184757.59741450014]
Noised Result
[51237.09941385388, 40293.38195549774, 35910.29462638036, 37657.79986724889, 45259.74018974611, 42133.63243887352, 51379.87577228695, 52727.41444526834, 33576.10306489565, 41809.32738331059, 60689.917103348635, 44639.329253922304, 48769.67921594098, 51901.18067233531, 49438.75392485998, 53781.32077604275, 53928.51511420813, 37798.0389767257, 39272.499941783084, 46499.9481059566, 47223.374449004725, 43789.3953191687, 30610.17289079338, 52868.79433504546, 52684.42580666783]
Time
3.491811990737915
The result for the 1th execution is
Query Result
[178785.7374441998, 174557.9006419002, 181130.7630288004, 178007.17005079967, 178629.31758949996, 183981.52651319987, 179508.7996199997, 182054.26327950045, 178433.18352369996, 180642.11739460056, 178696.36429789953, 179316.70240189988, 181096.2497966003, 180508.6027004996, 182030.6539569999, 184468.80146289954, 180275.23035500004, 179953.9629626, 173598.87351550037, 182313.25241839906, 178368.3961764003, 178718.52346579998, 180338.00750239936, 176499.9877864996, 184757.59741450014]
Noised Result
[42773.86490823235, 50212.89587483856, 47853.541196877675, 45993.01412856404, 48441.233926106666, 51970.86185740761, 27629.175588528065, 43687.82900032184, 56160.49765908779, 48202.20130403698, 44664.46702802078, 42306.56114784162, 1456140.924889465, 50789.01000296227, 45801.439181800975, 48781.58359429239, 38892.753146684074, 44950.17170953369, 40648.44154541014, 50321.843083822736, 40678.509084041696, 37731.31889454715, 46734.1245914716, 50399.51366614649, 55177.16896236919]
Time
3.5270559787750244
The result for the 2th execution is
Query Result
[178785.7374441998, 174557.9006419002, 181130.7630288004, 178007.17005079967, 178629.31758949996, 183981.52651319987, 179508.7996199997, 182054.26327950045, 178433.18352369996, 180642.11739460056, 178696.36429789953, 179316.70240189988, 181096.2497966003, 180508.6027004996, 182030.6539569999, 184468.80146289954, 180275.23035500004, 179953.9629626, 173598.87351550037, 182313.25241839906, 178368.3961764003, 178718.52346579998, 180338.00750239936, 176499.9877864996, 184757.59741450014]
Noised Result
[51137.64950818033, 34844.9137889313, 44807.374071906364, 44080.03901156767, 43981.387791922156, 48174.246338606084, 35707.20557184471, 42791.65719968462, 44782.902252460044, 75028.18122034223, 45449.675360070236, 45865.56272117706, 43752.35165060873, 43479.18809472209, 82654.63271333353, 45819.29171167809, 39263.315367232135, 44042.87202383006, 35367.10311265149, 62185.71648642056, 36069.868086816365, 33846.17961632993, 38928.487325908034, 86413.68323595618, 51350.89922072887]
Time
3.3733742237091064
The result for the 3th execution is
Query Result
[178785.7374441998, 174557.9006419002, 181130.7630288004, 178007.17005079967, 178629.31758949996, 183981.52651319987, 179508.7996199997, 182054.26327950045, 178433.18352369996, 180642.11739460056, 178696.36429789953, 179316.70240189988, 181096.2497966003, 180508.6027004996, 182030.6539569999, 184468.80146289954, 180275.23035500004, 179953.9629626, 173598.87351550037, 182313.25241839906, 178368.3961764003, 178718.52346579998, 180338.00750239936, 176499.9877864996, 184757.59741450014]
Noised Result
[65214.97753894655, 41613.310973952364, 44998.435253241834, 134268.70329588852, 38955.679740356456, 40598.11510304715, 40027.79812555111, 47064.096210790085, 56824.92821137747, 43840.343395300006, 46531.70518952295, 48662.08203997933, 33943.19296469625, 65389.304369183155, 40736.50030012867, 42522.43882273081, 60851.35904102976, 50427.08221402539, 39708.29540923187, 43583.075981055015, 38712.072327929054, 35885.36704649101, 41432.161380622114, 40594.935226850255, 69715.59407346052]
Time
3.39894962310791
The result for the 4th execution is
Query Result
[178785.7374441998, 174557.9006419002, 181130.7630288004, 178007.17005079967, 178629.31758949996, 183981.52651319987, 179508.7996199997, 182054.26327950045, 178433.18352369996, 180642.11739460056, 178696.36429789953, 179316.70240189988, 181096.2497966003, 180508.6027004996, 182030.6539569999, 184468.80146289954, 180275.23035500004, 179953.9629626, 173598.87351550037, 182313.25241839906, 178368.3961764003, 178718.52346579998, 180338.00750239936, 176499.9877864996, 184757.59741450014]
Noised Result
[51317.78082664368, 33948.96479582344, 41048.470220221774, 50650.15210429336, 46259.33926850119, 40724.32879741388, 47332.23376365141, 42094.282938533404, 49617.591295963255, 58561.411997599775, 34063.006351852084, 136069.25447818125, 42863.74781049075, 32214.071713348778, 56450.047205444804, 80367.7353771645, 46386.271527666555, 47684.28306777042, 49923.03624834327, 50839.33122449668, 58729.629256330976, 52561.67482538779, 44884.625150542735, 63994.16409887528, 29504.6145123253]
Time
3.4964487552642822
The result for the 5th execution is
Query Result
[178785.7374441998, 174557.9006419002, 181130.7630288004, 178007.17005079967, 178629.31758949996, 183981.52651319987, 179508.7996199997, 182054.26327950045, 178433.18352369996, 180642.11739460056, 178696.36429789953, 179316.70240189988, 181096.2497966003, 180508.6027004996, 182030.6539569999, 184468.80146289954, 180275.23035500004, 179953.9629626, 173598.87351550037, 182313.25241839906, 178368.3961764003, 178718.52346579998, 180338.00750239936, 176499.9877864996, 184757.59741450014]
Noised Result
[38179.39018672521, 29077.208766619122, 39398.98892675119, 44643.41038111737, 35436.33487659665, 43030.26159249664, 37394.55898556691, 44943.902289101854, 38561.1211966245, 40934.287523580395, 60061.38495803822, 43793.74243699289, 64605.597648659634, 65625.08334009553, 67658.1028450393, 50993.45952155224, 39597.73992710149, 49993.911136334034, 39974.929214454925, 37533.89412430141, 46832.56697589485, 36196.017775162836, 53198.29569933521, 54414.33921848275, 42366.862104647895]
Time
3.4918200969696045
The result for the 6th execution is
Query Result
[178785.7374441998, 174557.9006419002, 181130.7630288004, 178007.17005079967, 178629.31758949996, 183981.52651319987, 179508.7996199997, 182054.26327950045, 178433.18352369996, 180642.11739460056, 178696.36429789953, 179316.70240189988, 181096.2497966003, 180508.6027004996, 182030.6539569999, 184468.80146289954, 180275.23035500004, 179953.9629626, 173598.87351550037, 182313.25241839906, 178368.3961764003, 178718.52346579998, 180338.00750239936, 176499.9877864996, 184757.59741450014]
Noised Result
[37958.43508430866, 43230.06941750855, 37224.01525117422, 36668.82331661551, 43833.95176787053, 64298.937657167684, 50312.48705046889, 40857.2116845757, 41846.654053755294, 86683.7473807048, 43184.766199324076, 42129.73181216794, 49315.96036894848, 47224.7982026527, 60501.48067718812, 70696.13820324559, 54803.5240584893, 45076.28736519627, 50163.31068004979, 47527.98388866575, 41913.396501316776, 41682.85698135619, 37254.93410366061, 42465.62500358788, 47071.99965618909]
Time
3.49224591255188
The result for the 7th execution is
Query Result
[178785.7374441998, 174557.9006419002, 181130.7630288004, 178007.17005079967, 178629.31758949996, 183981.52651319987, 179508.7996199997, 182054.26327950045, 178433.18352369996, 180642.11739460056, 178696.36429789953, 179316.70240189988, 181096.2497966003, 180508.6027004996, 182030.6539569999, 184468.80146289954, 180275.23035500004, 179953.9629626, 173598.87351550037, 182313.25241839906, 178368.3961764003, 178718.52346579998, 180338.00750239936, 176499.9877864996, 184757.59741450014]
Noised Result
[45400.400479076954, 37203.97564941543, 41418.32739444074, 35346.56001737663, 34621.41959498779, 48549.91645886823, 41736.270344093646, 50728.75656726294, 34588.651751913174, 54062.91653898923, 49684.520454187106, 39180.04285633909, 38250.72500334977, 47476.42283586644, 44903.16921934753, 43952.61131068005, 62489.734488777816, 37317.27682676271, 35611.80845567827, 66906.19629340715, 52480.593772674474, 53385.86800011125, 31904.14802858336, 36688.05405527685, 36067.41947916809]
Time
3.410693645477295
The result for the 8th execution is
Query Result
[178785.7374441998, 174557.9006419002, 181130.7630288004, 178007.17005079967, 178629.31758949996, 183981.52651319987, 179508.7996199997, 182054.26327950045, 178433.18352369996, 180642.11739460056, 178696.36429789953, 179316.70240189988, 181096.2497966003, 180508.6027004996, 182030.6539569999, 184468.80146289954, 180275.23035500004, 179953.9629626, 173598.87351550037, 182313.25241839906, 178368.3961764003, 178718.52346579998, 180338.00750239936, 176499.9877864996, 184757.59741450014]
Noised Result
[28499.248216225824, 63031.6665697216, 34999.38846067192, 47882.28560318475, 62844.57593703276, 60852.60039765191, 48196.95517011553, 34866.03190120586, 51282.97414897841, 40006.01597935715, 37658.45440384663, 46024.196983131624, 40844.838339124886, 33714.71057613075, 62071.13908720328, 42439.08848238035, 42306.62658629856, 36556.139548794556, 46300.2149138627, 52366.69871646048, 57608.00880827435, 61936.497175897246, 38081.28702065763, 35009.15189969723, 56919.51479185773]
Time
3.5350778102874756
The result for the 9th execution is
Query Result
[178785.7374441998, 174557.9006419002, 181130.7630288004, 178007.17005079967, 178629.31758949996, 183981.52651319987, 179508.7996199997, 182054.26327950045, 178433.18352369996, 180642.11739460056, 178696.36429789953, 179316.70240189988, 181096.2497966003, 180508.6027004996, 182030.6539569999, 184468.80146289954, 180275.23035500004, 179953.9629626, 173598.87351550037, 182313.25241839906, 178368.3961764003, 178718.52346579998, 180338.00750239936, 176499.9877864996, 184757.59741450014]
Noised Result
[35697.86980973686, 40553.795164939205, 45218.985570738674, 64527.3547605995, 44370.576289102406, 63810.50972818768, 43512.31419182655, 48281.476980341686, 38839.09651060024, 66046.45014668469, 69952.67842793273, 34419.06934996041, 60699.1078432355, 44711.20789885787, 49819.67224968628, 64148.65910351315, 52483.31776678427, 51326.86927187051, 41305.7568476055, 38757.56270553732, 37940.9611601732, 43098.11013795457, 54050.4355339045, 30518.62241471502, 43539.98137223521]
Time
3.3991947174072266
The result for the 10th execution is
Query Result
[178785.7374441998, 174557.9006419002, 181130.7630288004, 178007.17005079967, 178629.31758949996, 183981.52651319987, 179508.7996199997, 182054.26327950045, 178433.18352369996, 180642.11739460056, 178696.36429789953, 179316.70240189988, 181096.2497966003, 180508.6027004996, 182030.6539569999, 184468.80146289954, 180275.23035500004, 179953.9629626, 173598.87351550037, 182313.25241839906, 178368.3961764003, 178718.52346579998, 180338.00750239936, 176499.9877864996, 184757.59741450014]
Noised Result
[61126.554057914516, 51622.13585857244, 45451.40961421079, 50015.81810723459, 62881.20508352776, 57446.39638182899, 41575.2078333516, 50633.80755987436, 41627.609746628936, 30465.60122509062, 56914.15028841454, 58395.781630467245, 80757.58233931547, 64605.24525229253, 50975.38364518875, 45476.50225864645, 38788.5738907895, 47951.13847413691, 40977.412580555916, 68087.25625920466, 69696.56811440914, 43790.268801108294, 32963.41504918734, 42541.771962855535, 50992.034620569204]
Time
3.550182580947876
The result for the 11th execution is
Query Result
[178785.7374441998, 174557.9006419002, 181130.7630288004, 178007.17005079967, 178629.31758949996, 183981.52651319987, 179508.7996199997, 182054.26327950045, 178433.18352369996, 180642.11739460056, 178696.36429789953, 179316.70240189988, 181096.2497966003, 180508.6027004996, 182030.6539569999, 184468.80146289954, 180275.23035500004, 179953.9629626, 173598.87351550037, 182313.25241839906, 178368.3961764003, 178718.52346579998, 180338.00750239936, 176499.9877864996, 184757.59741450014]
Noised Result
[39974.121172636515, 40009.39256625861, 33889.669600964495, 21997.369537565006, 25300.04443962565, 47893.75012353991, 54695.34080728963, 36570.213552222645, 45245.20447957338, 50970.29637354237, 44405.9381119958, 44287.68317265142, 54225.045288442154, 44564.19416636812, 51091.840790317, 44975.408960367204, 23049.504895177917, 25135.262593031555, 28507.984020453878, 90840.4660075628, 52866.230591291955, 30663.146363797285, 62381.412021408774, 55583.788906175236, 43139.29763882182]
Time
3.47098708152771
The result for the 12th execution is
Query Result
[178785.7374441998, 174557.9006419002, 181130.7630288004, 178007.17005079967, 178629.31758949996, 183981.52651319987, 179508.7996199997, 182054.26327950045, 178433.18352369996, 180642.11739460056, 178696.36429789953, 179316.70240189988, 181096.2497966003, 180508.6027004996, 182030.6539569999, 184468.80146289954, 180275.23035500004, 179953.9629626, 173598.87351550037, 182313.25241839906, 178368.3961764003, 178718.52346579998, 180338.00750239936, 176499.9877864996, 184757.59741450014]
Noised Result
[112209.30890771032, 45942.40780012135, 43105.96479236052, 61676.02636867258, 56133.34677525719, 37003.544148428555, 49808.55920226955, 50505.977728429, 56699.219714345745, 35070.96663418069, 38582.60879768075, 46347.534056690885, 51502.46604547842, 40401.58621935455, 46234.77514155954, 46339.4336450226, 54054.12515518084, 71049.00348177762, 38723.70522739642, 44513.70713944809, 49505.25572283362, 48285.09871211597, 45822.928359883925, 48889.68330279819, 56926.37541406386]
Time
3.4807705879211426
The result for the 13th execution is
Query Result
[178785.7374441998, 174557.9006419002, 181130.7630288004, 178007.17005079967, 178629.31758949996, 183981.52651319987, 179508.7996199997, 182054.26327950045, 178433.18352369996, 180642.11739460056, 178696.36429789953, 179316.70240189988, 181096.2497966003, 180508.6027004996, 182030.6539569999, 184468.80146289954, 180275.23035500004, 179953.9629626, 173598.87351550037, 182313.25241839906, 178368.3961764003, 178718.52346579998, 180338.00750239936, 176499.9877864996, 184757.59741450014]
Noised Result
[32696.02937413825, 42333.75557428539, 42390.14346915766, 43558.57458766566, 37944.641290212065, 52008.79054757103, 41923.00996415937, 28550.09131876423, 41074.88814151782, 50131.779700228275, 41072.6364175194, 64121.07348837559, 56186.76298707709, 47821.40753818078, 53835.4316936525, 51239.50294151115, 35949.53781751968, 30896.251312600987, 49545.98917212576, 57694.097188945336, 24533.2958902214, 36802.89592431758, 47968.479384636696, 39918.69844926424, 41890.50063633337]
Time
3.4625799655914307
The result for the 14th execution is
Query Result
[178785.7374441998, 174557.9006419002, 181130.7630288004, 178007.17005079967, 178629.31758949996, 183981.52651319987, 179508.7996199997, 182054.26327950045, 178433.18352369996, 180642.11739460056, 178696.36429789953, 179316.70240189988, 181096.2497966003, 180508.6027004996, 182030.6539569999, 184468.80146289954, 180275.23035500004, 179953.9629626, 173598.87351550037, 182313.25241839906, 178368.3961764003, 178718.52346579998, 180338.00750239936, 176499.9877864996, 184757.59741450014]
Noised Result
[42584.7711499459, 59595.68517893008, 51162.608194580986, 37121.19864464387, 56534.01662121031, 63273.81147973436, 51895.74351829893, 42965.74075290079, 46904.26316999669, 43506.48932624409, 34284.983797156616, 54526.711501286016, 26522.947829667544, 92608.50144795082, 68990.39956657779, 62632.32553045158, 53039.643516837255, 27087.291789781142, 50453.18251473569, 28825.12046579014, 35955.44425723581, 42713.00868304192, 52909.791783018314, 69416.86492797695, 51351.96770089431]
Time
3.521831750869751
The result for the 15th execution is
Query Result
[178785.7374441998, 174557.9006419002, 181130.7630288004, 178007.17005079967, 178629.31758949996, 183981.52651319987, 179508.7996199997, 182054.26327950045, 178433.18352369996, 180642.11739460056, 178696.36429789953, 179316.70240189988, 181096.2497966003, 180508.6027004996, 182030.6539569999, 184468.80146289954, 180275.23035500004, 179953.9629626, 173598.87351550037, 182313.25241839906, 178368.3961764003, 178718.52346579998, 180338.00750239936, 176499.9877864996, 184757.59741450014]
Noised Result
[61809.86944381535, 86636.1029879949, 44773.03373661186, 32770.41609030719, 35470.807603737456, 28673.54793842224, 38945.083907823515, 39506.51240209031, 36409.90829805503, 36552.40998355848, 55909.52031493178, 44229.51774327774, 64500.35006908729, 46257.0952564715, 45242.27367327866, 32746.2916401604, 51016.78971371407, 52698.2200841126, 38355.96647601438, 39379.46627856608, 46345.54854409977, 41696.219649361636, 46251.092916166555, 28190.18506203559, 56096.34472913289]
Time
3.415769100189209
The result for the 16th execution is
Query Result
[178785.7374441998, 174557.9006419002, 181130.7630288004, 178007.17005079967, 178629.31758949996, 183981.52651319987, 179508.7996199997, 182054.26327950045, 178433.18352369996, 180642.11739460056, 178696.36429789953, 179316.70240189988, 181096.2497966003, 180508.6027004996, 182030.6539569999, 184468.80146289954, 180275.23035500004, 179953.9629626, 173598.87351550037, 182313.25241839906, 178368.3961764003, 178718.52346579998, 180338.00750239936, 176499.9877864996, 184757.59741450014]
Noised Result
[68611.90763666868, 49907.04343603403, 49409.94311213121, 57594.87309561233, 49708.14603589248, 50775.63161872246, 45396.11937891453, 49011.04628278212, 40821.33839179971, 70846.26238192049, 54855.6433766534, 48183.804134739985, 43987.41893501689, 46223.50557715802, 35842.008494869195, 52156.655716345806, 59531.16563854316, 29186.736837287317, 37927.05442864084, 49536.11063855715, 56162.50685072636, 35526.13346123666, 34173.56720492832, 40743.702961334944, 39559.06633017761]
Time
3.4885127544403076
The result for the 17th execution is
Query Result
[178785.7374441998, 174557.9006419002, 181130.7630288004, 178007.17005079967, 178629.31758949996, 183981.52651319987, 179508.7996199997, 182054.26327950045, 178433.18352369996, 180642.11739460056, 178696.36429789953, 179316.70240189988, 181096.2497966003, 180508.6027004996, 182030.6539569999, 184468.80146289954, 180275.23035500004, 179953.9629626, 173598.87351550037, 182313.25241839906, 178368.3961764003, 178718.52346579998, 180338.00750239936, 176499.9877864996, 184757.59741450014]
Noised Result
[45609.17461978301, 47188.24113580749, 57732.70849328788, 36751.040337620216, 51809.376039384704, 48929.330282240175, 37344.43493092382, 41166.23849435471, 42869.715524295214, 88087.97793489168, 42922.16170776497, 47344.026173231076, 42731.77134651973, 46425.47066253965, 32669.579892544672, 45531.64303844563, 56546.700079380294, 47129.301624383166, 36678.01783435709, 45979.67755814287, 51091.19965188249, 45806.12330730731, 42639.702752522455, 35424.05893327459, 34856.59795773597]
Time
3.512852907180786
The result for the 18th execution is
Query Result
[178785.7374441998, 174557.9006419002, 181130.7630288004, 178007.17005079967, 178629.31758949996, 183981.52651319987, 179508.7996199997, 182054.26327950045, 178433.18352369996, 180642.11739460056, 178696.36429789953, 179316.70240189988, 181096.2497966003, 180508.6027004996, 182030.6539569999, 184468.80146289954, 180275.23035500004, 179953.9629626, 173598.87351550037, 182313.25241839906, 178368.3961764003, 178718.52346579998, 180338.00750239936, 176499.9877864996, 184757.59741450014]
Noised Result
[48166.18056029182, 38505.84449617617, 32852.348881882965, 37236.023943378605, 45666.404742817176, 66304.64259561666, 41018.28559380214, 88046.3165730251, 42481.15240308194, 57702.04198226892, 46810.187962474694, 47589.874472882046, 47120.323330082334, 35150.8827446386, 34805.54887251393, 39038.972019280394, 50955.89013934684, 39101.326256571134, 38647.95802632507, 38101.669941664426, 35153.851523579884, 43743.850319041914, 53591.01817832576, 69908.19545208107, 83027.5731239295]
Time
3.404393434524536
The result for the 19th execution is
Query Result
[178785.7374441998, 174557.9006419002, 181130.7630288004, 178007.17005079967, 178629.31758949996, 183981.52651319987, 179508.7996199997, 182054.26327950045, 178433.18352369996, 180642.11739460056, 178696.36429789953, 179316.70240189988, 181096.2497966003, 180508.6027004996, 182030.6539569999, 184468.80146289954, 180275.23035500004, 179953.9629626, 173598.87351550037, 182313.25241839906, 178368.3961764003, 178718.52346579998, 180338.00750239936, 176499.9877864996, 184757.59741450014]
Noised Result
[60363.658626013465, 42264.391704371956, 64437.423859072325, 59747.1994655625, 61318.603250916574, 37950.290662908505, 57398.53936700072, 53114.43328594492, 50205.170793248326, 45473.54354590137, 51980.298249936895, 72008.53119097272, 54172.41036213894, 57876.13228436437, 66407.11311959683, 38850.418831751245, 47514.04858976508, 40245.374158475504, 73871.38718438418, 51795.71006200573, 41298.166468857235, 36373.43313480551, 44885.77933795305, 97817.4351860983, 45638.56243428511]
Time
3.5373239517211914
