The result for the 0th execution is
Query Result
[757.0, 825.0, 771.0, 818.0, 783.0, 710.0, 828.0, 775.0, 812.0, 823.0, 762.0, 812.0, 813.0, 794.0, 772.0, 769.0, 816.0, 712.0, 771.0, 794.0, 752.0, 814.0, 716.0, 762.0, 784.0, 756.0, 750.0, 726.0, 706.0, 799.0, 741.0, 751.0, 728.0, 742.0, 812.0, 796.0, 757.0, 797.0, 755.0, 701.0, 775.0, 764.0, 744.0, 784.0, 756.0, 771.0, 774.0, 734.0, 836.0, 759.0]
Noised Result
[-2769.8680403640983, -3180.4628037888533, -3274.01206223936, -3013.72589057324, -2888.1148703556987, -3342.8378098788166, -2794.8699512320027, -3687.397774090544, -4700.00050850365, -2998.886540972467, -3762.8679689163137, -3041.2341915819693, -3884.668359624855, -3370.7713728783824, -3861.8169683784117, -3260.7746666595326, -3274.0636996737253, -3486.900982339023, -2137.505213161793, -4353.159156681564, -3243.1535150555246, -3340.1121661794955, -3558.945176075511, -2951.943697227862, -3564.6993891157854, -3265.131397926698, -2648.390933847534, -3581.642326425448, -3377.8347518335445, -3585.5077175636025, -4119.838545198826, -3245.480251943158, -1706.7674295069546, -2669.0925519269604, -3557.714162086815, -2694.736751035949, -2775.5497268517693, -2525.382073831957, -2752.8158835635513, -3638.411216533662, -2595.210212707081, -4658.859938132593, -3978.053839259175, -3282.383588923456, -3022.936455638158, -3413.3172563532985, -4190.2258117867395, -2260.926943055212, -2482.772841071616, -3504.807844350189]
Time
3.9530251026153564
The result for the 1th execution is
Query Result
[757.0, 825.0, 771.0, 818.0, 783.0, 710.0, 828.0, 775.0, 812.0, 823.0, 762.0, 812.0, 813.0, 794.0, 772.0, 769.0, 816.0, 712.0, 771.0, 794.0, 752.0, 814.0, 716.0, 762.0, 784.0, 756.0, 750.0, 726.0, 706.0, 799.0, 741.0, 751.0, 728.0, 742.0, 812.0, 796.0, 757.0, 797.0, 755.0, 701.0, 775.0, 764.0, 744.0, 784.0, 756.0, 771.0, 774.0, 734.0, 836.0, 759.0]
Noised Result
[-4050.18456705437, -3315.2793660448788, -4134.790162745307, -1962.031459956157, -3384.041325344437, -3246.8012306660708, -3122.9058061195637, -3268.7885326746728, -3263.693131705316, -3094.8257572425705, -3087.789045239965, -4473.740169810593, -3391.7133789194927, -3169.980475843548, -3607.9402290176195, -2941.23662421362, -925.1975884666754, -3174.8841784025735, -3273.934980503205, -3509.829702009829, -3167.729994303069, -3572.2802728039724, -3100.9876744055264, -3768.409350656282, -4012.7860165217207, -3070.2917884307467, -5631.53998778322, -3060.0341965468233, -3054.003641596327, -2246.9567416121354, -3441.360284395553, -3475.2204609325518, -3485.3422862137063, -4555.970248446527, -3288.6937236201948, -2980.9638082838433, -3353.252244765777, -3257.0131966912923, -3699.0982693080605, -1673.8073347490772, -3052.5459951686453, -2343.467968194414, -5328.18534233392, -3561.9781280420193, -2927.2414832530626, -2780.1064758063053, -2078.522282203746, -3198.0544721278793, -3254.205513651845, -3319.7208661229915]
Time
4.095636606216431
The result for the 2th execution is
Query Result
[757.0, 825.0, 771.0, 818.0, 783.0, 710.0, 828.0, 775.0, 812.0, 823.0, 762.0, 812.0, 813.0, 794.0, 772.0, 769.0, 816.0, 712.0, 771.0, 794.0, 752.0, 814.0, 716.0, 762.0, 784.0, 756.0, 750.0, 726.0, 706.0, 799.0, 741.0, 751.0, 728.0, 742.0, 812.0, 796.0, 757.0, 797.0, 755.0, 701.0, 775.0, 764.0, 744.0, 784.0, 756.0, 771.0, 774.0, 734.0, 836.0, 759.0]
Noised Result
[-2951.4107925856615, -3339.018830313308, -3181.9444763176157, -3648.745832843525, -4500.973014260562, -3418.401921581127, -2971.8391148636674, -3488.19081330862, -3415.8017571236014, -4059.6367014306607, -3012.322540205073, -3160.816426101703, -2838.4497736379717, -3050.380935442571, -3738.9258545577923, -4020.4435968383023, -4000.2076916921487, -3397.1567133962, -3225.3038514600785, -2980.8260410603075, -2912.24088093476, -3424.616291036259, -3298.408780425357, -3325.611873942744, -3470.7914665335884, -3209.37576208413, -4014.7169604604805, -4440.208503800792, -3169.1582265197526, -2872.4858766755624, -3537.214031237473, -3319.8022686238323, -2889.037127884287, -2914.8158450681917, -3288.180225952112, -2498.3638782353214, -4161.083820877724, -2716.260284656096, -3191.0251562804733, -3906.301480658997, -3557.655386022796, -3203.24721156136, -3406.2393556291454, -3965.4560027526823, -3404.881871171083, -2154.3707711312954, -3271.71202662513, -3323.7194213311413, -3441.0520468411655, -3433.394766746687]
Time
4.107057094573975
The result for the 3th execution is
Query Result
[757.0, 825.0, 771.0, 818.0, 783.0, 710.0, 828.0, 775.0, 812.0, 823.0, 762.0, 812.0, 813.0, 794.0, 772.0, 769.0, 816.0, 712.0, 771.0, 794.0, 752.0, 814.0, 716.0, 762.0, 784.0, 756.0, 750.0, 726.0, 706.0, 799.0, 741.0, 751.0, 728.0, 742.0, 812.0, 796.0, 757.0, 797.0, 755.0, 701.0, 775.0, 764.0, 744.0, 784.0, 756.0, 771.0, 774.0, 734.0, 836.0, 759.0]
Noised Result
[-3150.1967153997075, -3579.3765030424975, -3336.116314087869, -3470.9071133263005, -2484.904126392714, -3882.063330758574, -2882.1297048487368, -3426.2465095022517, -3553.98682823945, -3187.8435138464565, -3514.824556857302, -3550.7293662247484, -3140.7989642959465, -3388.705865823198, -3046.0562443223034, -475.51728470636544, -3267.921618508165, -3383.5989872290056, -3228.3665307888223, -3665.5053825195128, -3804.898817316138, -3244.4556482864073, -2763.9823434849727, -3833.198683219859, -3562.9490335658775, -3048.417105755461, -3387.0290355906823, -3398.4422456477428, -3063.0829953212633, -3768.273448035836, -2123.2274336914443, -2870.6582692528737, -3298.7522308428215, -1729.1790326980072, -2891.421170402062, -2394.2816069314595, -3538.283932606407, -3070.435978097647, -2825.4668081210416, -3569.3142652288134, -2947.4071076555865, -2980.499998888602, -3336.824217035958, -2307.899094480705, -2879.8773545602244, -3137.589805364992, -3073.9116771536233, -3215.6745086070296, -2946.6865649129804, -2795.6869123918254]
Time
4.0516955852508545
The result for the 4th execution is
Query Result
[757.0, 825.0, 771.0, 818.0, 783.0, 710.0, 828.0, 775.0, 812.0, 823.0, 762.0, 812.0, 813.0, 794.0, 772.0, 769.0, 816.0, 712.0, 771.0, 794.0, 752.0, 814.0, 716.0, 762.0, 784.0, 756.0, 750.0, 726.0, 706.0, 799.0, 741.0, 751.0, 728.0, 742.0, 812.0, 796.0, 757.0, 797.0, 755.0, 701.0, 775.0, 764.0, 744.0, 784.0, 756.0, 771.0, 774.0, 734.0, 836.0, 759.0]
Noised Result
[-3607.3040344986366, -2582.0639868785065, -3028.424760241322, -2451.9798148528134, -2645.892466953216, -3241.191535617773, -3631.957482925357, -4465.265160731307, -3415.74914499633, -3224.8667550458586, -2833.3521733217394, -2799.3381907423177, -2609.612160137565, -3474.752541159966, -2328.021002876182, -4010.869429814463, -3159.418387670082, -3507.0634354210033, -3469.8785175751295, -3467.7626325335004, -3743.551343638738, -5116.338562978392, -2968.6853780238753, -4852.01010367587, -3285.004986343562, -3636.3412357172892, -3407.5425174909847, -3691.9848537691105, -4205.71315351413, -3918.0932675993063, -3736.522683121845, -2663.3169702595765, -3808.9422954444744, -3048.2341472640223, -3132.632698743056, -3051.7161237877094, -2107.234647673219, -3528.9326119101734, -2904.8223847123313, -2941.018977560547, -3247.282918285959, -3556.3753561379663, -3042.4937723961452, -2977.033844969659, -4527.629535672548, -3384.0863403866215, -3548.110889369623, -4170.496681317321, -2459.8788264352934, -1440.3580821301782]
Time
4.095067501068115
The result for the 5th execution is
Query Result
[757.0, 825.0, 771.0, 818.0, 783.0, 710.0, 828.0, 775.0, 812.0, 823.0, 762.0, 812.0, 813.0, 794.0, 772.0, 769.0, 816.0, 712.0, 771.0, 794.0, 752.0, 814.0, 716.0, 762.0, 784.0, 756.0, 750.0, 726.0, 706.0, 799.0, 741.0, 751.0, 728.0, 742.0, 812.0, 796.0, 757.0, 797.0, 755.0, 701.0, 775.0, 764.0, 744.0, 784.0, 756.0, 771.0, 774.0, 734.0, 836.0, 759.0]
Noised Result
[-2965.0385918199627, -3276.951446666781, -3085.8954633167, -3749.9142774997945, -3799.3733598916097, -3593.6962436486356, -3623.7805645384497, -3403.077021136892, -3350.4436859809216, -3351.4368131016563, -3018.941085065805, -3300.4656823501095, -2698.08742886535, -3001.004510718651, -3794.3906240233036, -3471.6738581748136, -3060.5522977059427, -3090.0033048458804, -3110.6380287676698, -2581.7558591778497, -3332.4948594537764, -3508.593805677282, -2815.411982633999, -4098.799686630101, -3314.988059293793, -3079.2948944761406, -1720.7221095059754, -3246.6470198399406, -3667.7920374889054, -3257.7093164617722, -3529.201872414583, -4343.494194618257, -4092.8605869942003, -2237.592048846579, -2680.749833380839, -4008.6840592721373, -3096.5768176542842, -4077.279275926079, -2254.448107117087, -3620.539880165894, -3224.7491222228846, -3022.745671224637, -3353.1964184436474, -3568.3167692734014, -3546.0407752491874, -3351.8179118559506, -3100.5997460232143, -3022.8930829272203, -2666.595771916005, -4726.154730207851]
Time
4.033718585968018
The result for the 6th execution is
Query Result
[757.0, 825.0, 771.0, 818.0, 783.0, 710.0, 828.0, 775.0, 812.0, 823.0, 762.0, 812.0, 813.0, 794.0, 772.0, 769.0, 816.0, 712.0, 771.0, 794.0, 752.0, 814.0, 716.0, 762.0, 784.0, 756.0, 750.0, 726.0, 706.0, 799.0, 741.0, 751.0, 728.0, 742.0, 812.0, 796.0, 757.0, 797.0, 755.0, 701.0, 775.0, 764.0, 744.0, 784.0, 756.0, 771.0, 774.0, 734.0, 836.0, 759.0]
Noised Result
[-2561.8496445590017, -3590.0027333411535, -3346.008794776518, -3681.078396119671, -3282.513363763048, -3725.1375422957326, -3508.2317407588616, -2153.580086556647, -2348.3891138171157, -3295.4092959483073, -2367.8293427042227, -3188.544722684364, -3970.041313239193, -3177.716177661203, -2861.1643825186197, -2366.7294577028147, -3636.829525325188, -3032.783429745324, -3879.9837116975996, -3123.2643444679184, -3086.3909673442417, -3024.1160069162815, -5254.4852592241095, -3592.93984034391, -3236.213745494344, -3296.9702984330274, -3536.236945779089, -3193.9360333915106, -3201.160717061115, -2210.6539049417206, -2159.177410251091, -3647.5363602786556, -3365.6412103389616, -3813.475479625955, -3859.9773282920214, -3126.2665797431823, -2932.5610140116964, -3118.208144644583, -4112.0181005497925, -3397.284332148851, -2924.592509943171, -2684.3335571493594, -3013.627797312609, -3735.928280481492, -2966.978469883358, -3141.2470635271766, -3196.6267233461513, -4434.619964433289, -4173.875763132944, -1734.4720624897282]
Time
4.025299787521362
The result for the 7th execution is
Query Result
[757.0, 825.0, 771.0, 818.0, 783.0, 710.0, 828.0, 775.0, 812.0, 823.0, 762.0, 812.0, 813.0, 794.0, 772.0, 769.0, 816.0, 712.0, 771.0, 794.0, 752.0, 814.0, 716.0, 762.0, 784.0, 756.0, 750.0, 726.0, 706.0, 799.0, 741.0, 751.0, 728.0, 742.0, 812.0, 796.0, 757.0, 797.0, 755.0, 701.0, 775.0, 764.0, 744.0, 784.0, 756.0, 771.0, 774.0, 734.0, 836.0, 759.0]
Noised Result
[-4951.08928394486, -3337.033045168992, -4328.684256181961, -3669.1613989315656, -2993.3421432466444, -2803.196247468505, -3892.2047598022946, -3275.7557900924803, -4113.220650061123, -3017.541197743916, -2826.685877206282, -2254.5073056379833, -2693.9023115418872, -3654.0696213540878, -3336.449417228613, -3674.3489030596775, -3290.9403501742127, -3357.605500411749, -2920.320493717388, -3454.7782361927784, -3038.6693058734413, -3420.8176512110067, -3676.3147764050054, -3380.0444114319935, -2917.334235991387, -3245.8586592120073, -3093.42909934782, -3311.4568777056916, -3375.2893236670293, -3067.654887966466, -2842.176137422301, -3321.7443722919097, -3475.568465133663, -3665.491992771438, -3381.4277571700536, -2752.535573216775, -3810.280106709518, -4346.4091253921015, -3668.2404022212177, -3747.4736821991855, -3238.7962288284043, -3250.2184738190585, -3064.230706982509, -2638.068170155679, -3283.8254200871806, -3790.4743816033133, -2141.4085215759656, -3171.497430528887, -3267.0729432099106, -3780.945347851125]
Time
4.109328508377075
The result for the 8th execution is
Query Result
[757.0, 825.0, 771.0, 818.0, 783.0, 710.0, 828.0, 775.0, 812.0, 823.0, 762.0, 812.0, 813.0, 794.0, 772.0, 769.0, 816.0, 712.0, 771.0, 794.0, 752.0, 814.0, 716.0, 762.0, 784.0, 756.0, 750.0, 726.0, 706.0, 799.0, 741.0, 751.0, 728.0, 742.0, 812.0, 796.0, 757.0, 797.0, 755.0, 701.0, 775.0, 764.0, 744.0, 784.0, 756.0, 771.0, 774.0, 734.0, 836.0, 759.0]
Noised Result
[-3184.7180027066374, -3171.5623552007705, -4899.179461605979, -3287.4998751140797, -2438.3249954267753, -3015.9475861553306, -2636.981765872746, -3079.861956652068, -3703.6486415738837, -2740.2780669084596, -2968.4634691959513, -2663.9984326869544, -3558.410141573203, -3667.4475104194216, -3332.8772830513644, -2658.9453381603917, -3612.562924810216, -3517.87887232014, -2878.867496609571, -3252.1333547913728, -3365.6024802578477, -3397.235146031659, -3526.155532865825, -3387.625221604372, -3680.7343630754713, -3488.5086579689955, -2879.420944417235, -3640.083151699342, -3604.4640541773197, -4033.177632216949, -3403.462833800978, -3297.798091782583, -3403.640306307149, -3341.2769027766026, -3558.79285774876, -3612.9094296401854, -1988.92725791243, -4180.837885930591, -3437.087980009179, -2716.777315215888, -3495.9856931205522, -3014.9020199565957, -2374.8988832841164, -3792.0153744574372, -3227.0436012430555, -2682.8368373077997, -1722.294877505713, -4451.260372391869, -3253.2903479812667, -3432.2233846181216]
Time
4.015516519546509
The result for the 9th execution is
Query Result
[757.0, 825.0, 771.0, 818.0, 783.0, 710.0, 828.0, 775.0, 812.0, 823.0, 762.0, 812.0, 813.0, 794.0, 772.0, 769.0, 816.0, 712.0, 771.0, 794.0, 752.0, 814.0, 716.0, 762.0, 784.0, 756.0, 750.0, 726.0, 706.0, 799.0, 741.0, 751.0, 728.0, 742.0, 812.0, 796.0, 757.0, 797.0, 755.0, 701.0, 775.0, 764.0, 744.0, 784.0, 756.0, 771.0, 774.0, 734.0, 836.0, 759.0]
Noised Result
[-3688.333040983277, -1632.4180522831575, -3000.3336678800783, -3446.5998801991336, -2921.985057210446, -3352.3850921770277, -3136.931324581072, -2966.7196408119466, -3591.2545520927833, -2185.351166099319, -2910.3011424226006, -3404.9525617125746, -2994.514778584091, -3548.271114557703, -3431.404998676834, -3044.30439473164, -1694.6865288738359, -3528.646221784835, -2965.584982382824, -3289.569619225547, -3300.3435302888843, -2632.34768259825, -3101.923830933455, -3231.0776394176387, -3641.002743879885, -2963.9296398212427, -2756.5249032579736, -3149.2789649253664, -3685.02283283044, -3357.535444475924, -2570.0968755999556, -3047.740487413124, -3865.4874062147865, -2326.1453036402177, -3296.0306516567407, -4691.505682990724, -3238.8265616471995, -3261.9772706675462, -3609.1986758713483, -3270.725829542573, -2737.174218010271, -3823.334333627693, -3308.359067758671, -3847.812381456829, -3171.3985455785146, -3475.435554199127, -4382.3653582459965, -2474.3679439167854, -2991.396842984316, -2864.5028491050907]
Time
4.037572383880615
The result for the 10th execution is
Query Result
[757.0, 825.0, 771.0, 818.0, 783.0, 710.0, 828.0, 775.0, 812.0, 823.0, 762.0, 812.0, 813.0, 794.0, 772.0, 769.0, 816.0, 712.0, 771.0, 794.0, 752.0, 814.0, 716.0, 762.0, 784.0, 756.0, 750.0, 726.0, 706.0, 799.0, 741.0, 751.0, 728.0, 742.0, 812.0, 796.0, 757.0, 797.0, 755.0, 701.0, 775.0, 764.0, 744.0, 784.0, 756.0, 771.0, 774.0, 734.0, 836.0, 759.0]
Noised Result
[-3673.1683527623127, -3200.345194843246, -3937.2618165829354, -4080.666347823765, -4148.4947000514985, -3115.461269016644, -3269.4402742393863, -4682.3159900612145, -3351.177702079459, -3225.40976459079, -3336.0551961132714, -3241.156889497805, -3466.450860089786, -3224.752183667695, -3363.3488729443384, -3279.302852453741, -2666.173536860248, -3403.9880318818714, -2172.2686877716214, -2203.411071882014, -2739.6061078257826, -3510.0506282119104, -2869.2409828592445, -3211.2406674932995, -4040.4808835279, -2727.508278131082, -4199.895946892589, -3498.924198487929, -2732.564929893534, -3535.0167787031387, -4244.433127315904, -1867.7477929042752, -3366.1345320342743, -2348.2381417857364, -3978.023086367909, -4086.4804151497483, -2813.49285469197, -3558.8770479867308, -5021.5881477806815, -4214.1004860462135, -2835.361039301703, -2791.0876600791, -3363.7889902605425, -3196.2294214611065, -3496.133311480501, -3578.6323924932058, -2290.2603815984944, -1650.1806277140636, -3405.4653534940635, -3112.3972283519815]
Time
4.006094455718994
The result for the 11th execution is
Query Result
[757.0, 825.0, 771.0, 818.0, 783.0, 710.0, 828.0, 775.0, 812.0, 823.0, 762.0, 812.0, 813.0, 794.0, 772.0, 769.0, 816.0, 712.0, 771.0, 794.0, 752.0, 814.0, 716.0, 762.0, 784.0, 756.0, 750.0, 726.0, 706.0, 799.0, 741.0, 751.0, 728.0, 742.0, 812.0, 796.0, 757.0, 797.0, 755.0, 701.0, 775.0, 764.0, 744.0, 784.0, 756.0, 771.0, 774.0, 734.0, 836.0, 759.0]
Noised Result
[-3721.848281849051, -3228.052944172475, -3032.4775271842727, -3389.755661654819, -3180.367182721462, -5313.089229186912, -3211.889336247644, -3509.145850844884, -3855.257411137957, -2727.9882850939302, -3498.3819281477477, -2852.320862525103, -4435.694796676935, -3373.3260949425235, -3451.909935142755, -3104.474899416207, -3245.915692152118, -3502.8431065186837, -2392.182644859052, -2958.591859069415, -2440.2399471692142, -2770.7599397800323, -4481.728123801588, -2607.743192183009, -3543.683152177693, -3199.3381435073625, -3276.4028490491683, -3241.2474133525766, -3373.6643496765755, -3459.062835220339, -3237.1344987550638, -3666.4941172812587, -3400.279484275967, -3691.684671133914, -3019.781013984586, -3136.198732451109, -3733.110518626333, -2583.3099116362678, -4430.686922064433, -2918.9693398872773, -3282.1065077072763, -2154.2432973409072, -3171.8750066029056, -2876.9325683764137, -3129.7234922300795, -3703.7518692030208, -4817.531198444462, -4589.651014757751, -3474.685549484604, -3893.978356187261]
Time
3.994269609451294
The result for the 12th execution is
Query Result
[757.0, 825.0, 771.0, 818.0, 783.0, 710.0, 828.0, 775.0, 812.0, 823.0, 762.0, 812.0, 813.0, 794.0, 772.0, 769.0, 816.0, 712.0, 771.0, 794.0, 752.0, 814.0, 716.0, 762.0, 784.0, 756.0, 750.0, 726.0, 706.0, 799.0, 741.0, 751.0, 728.0, 742.0, 812.0, 796.0, 757.0, 797.0, 755.0, 701.0, 775.0, 764.0, 744.0, 784.0, 756.0, 771.0, 774.0, 734.0, 836.0, 759.0]
Noised Result
[-2948.630407132904, -2363.457190773787, -3033.290306967877, -2719.826160562082, -3545.4684210484, -3100.284308829808, -3364.149104660256, -3643.3241423042273, -3877.764984928129, -2416.6240649948177, -3128.8708535585656, -3869.044644611283, -3331.1222355095715, -4455.152545969604, -3358.352525717171, -3122.1481074510643, -3001.091642027123, -3480.1174230126912, -3342.275194711189, -3307.5953406848366, -3768.1310634190468, -3218.659648613338, -3375.2009969291953, -3195.6904541911463, -3443.5018591965886, -3943.970392302639, -2775.814228924087, -4254.742573605108, -3250.072185002424, -2742.4154978227434, -2598.1043521599945, -3605.0483182229764, -3722.2872861869, -3774.443199953673, -3426.9855179994165, -3671.204171023861, -3129.913115159386, -3517.685703900692, -3502.8704299712754, -3412.833855174829, -3642.8108480634055, -3974.5551932741128, -3269.630169605712, -4383.364077741411, -3178.8499119708295, -4135.853095784114, -3391.3833929816456, -3157.694050669997, -3217.4063363535556, -3593.6383172249125]
Time
4.011385440826416
The result for the 13th execution is
Query Result
[757.0, 825.0, 771.0, 818.0, 783.0, 710.0, 828.0, 775.0, 812.0, 823.0, 762.0, 812.0, 813.0, 794.0, 772.0, 769.0, 816.0, 712.0, 771.0, 794.0, 752.0, 814.0, 716.0, 762.0, 784.0, 756.0, 750.0, 726.0, 706.0, 799.0, 741.0, 751.0, 728.0, 742.0, 812.0, 796.0, 757.0, 797.0, 755.0, 701.0, 775.0, 764.0, 744.0, 784.0, 756.0, 771.0, 774.0, 734.0, 836.0, 759.0]
Noised Result
[-2812.958035079923, -3077.0751506166175, -2763.1325440536148, -3576.618149517303, -3265.684775775245, -3380.9199533134433, -3428.648693486736, -3139.6263952007494, -3840.6719895272836, -2797.136982057575, -3507.9821408654357, -2685.6580059452726, -3356.132105309037, -3304.211369810053, -3771.7245498001785, -3294.769047158379, -3135.128494744551, -3038.7706100828846, -2635.71837236835, -3510.769446938314, -2685.1160620095147, -3928.027475652776, -3317.620291927609, -3558.768979042965, -2800.3886055060525, -3466.1119791221718, -3322.824165285318, -2756.7186202776657, -3458.331342131546, -3033.130925069852, -2615.1773075604283, -2568.617989543293, -3239.6456856106884, -3306.848054676408, -2799.868564574219, -3306.139371899296, -2932.671245424386, -3163.984680197725, -3110.4618210679655, -2929.6296440332494, -3310.0258074509647, -3285.382208402742, -3035.0503738673287, -3346.4672385673457, -3687.3269936140523, -2763.1154205807793, -2497.773600797016, -3655.0906063923467, -2981.2255802574314, -3472.40518376039]
Time
4.101220369338989
The result for the 14th execution is
Query Result
[757.0, 825.0, 771.0, 818.0, 783.0, 710.0, 828.0, 775.0, 812.0, 823.0, 762.0, 812.0, 813.0, 794.0, 772.0, 769.0, 816.0, 712.0, 771.0, 794.0, 752.0, 814.0, 716.0, 762.0, 784.0, 756.0, 750.0, 726.0, 706.0, 799.0, 741.0, 751.0, 728.0, 742.0, 812.0, 796.0, 757.0, 797.0, 755.0, 701.0, 775.0, 764.0, 744.0, 784.0, 756.0, 771.0, 774.0, 734.0, 836.0, 759.0]
Noised Result
[-3674.3710215774736, -3565.630912042483, -3697.4811314617145, -314.29161532459284, -2824.1076544211624, -3778.251769114945, -2287.5774006931097, -2818.2854910573847, -2778.709331520003, -3564.1077609893, -3528.7425708745895, -3015.1143396010957, -2962.4582994556117, -1955.7529632289115, -3615.7989494302847, -3393.456636972599, -3426.000127348968, -3330.5461506660004, -2368.557437272728, -2933.5563919565793, -3332.4523036287287, -3573.4150798268556, -3309.717984477707, -3340.1980083193152, -4089.8705221820737, -3228.7699771350044, -3693.4255124347483, -3532.090597591865, -3833.021984773757, -2958.8256539800705, -3356.6567939863717, -3371.4668804729076, -3006.03768127056, -3225.820255791486, -4263.634798421854, -3407.21178322718, -2863.046059638447, -4777.011622829082, -2953.3178357216, -2420.8467290409253, -2409.538932529458, -3163.828821119195, -2593.240314102484, -3242.6337728254957, -3211.6823772581447, -1419.4441822660287, -3534.6101679269377, -4050.878150729317, -3911.3711825864248, -2946.5534886216947]
Time
4.071474552154541
The result for the 15th execution is
Query Result
[757.0, 825.0, 771.0, 818.0, 783.0, 710.0, 828.0, 775.0, 812.0, 823.0, 762.0, 812.0, 813.0, 794.0, 772.0, 769.0, 816.0, 712.0, 771.0, 794.0, 752.0, 814.0, 716.0, 762.0, 784.0, 756.0, 750.0, 726.0, 706.0, 799.0, 741.0, 751.0, 728.0, 742.0, 812.0, 796.0, 757.0, 797.0, 755.0, 701.0, 775.0, 764.0, 744.0, 784.0, 756.0, 771.0, 774.0, 734.0, 836.0, 759.0]
Noised Result
[-2213.703600786306, -4488.186749597101, -3392.0856708738597, -2125.9789358406215, -3164.5812844791017, -3101.9701253107596, -3452.8291081694424, -4326.75066808738, -2919.0487561336017, -3738.126293402829, -2884.8733448377398, -3516.741424893313, -3532.831105264855, -3989.796703695766, -2622.3047150242883, -3153.534292946542, -2935.080111416328, -3048.121643657292, -4149.819888924246, -3706.2727093632766, -3765.1726677591914, -3725.25543233142, -3474.729448467373, -2959.9626144187996, -1713.2945003977197, -2949.9305747071485, -3038.7885216270547, -3556.832604546782, -3168.4232328401754, -3598.9735062189156, -2829.239060174119, -3197.175496110501, -3299.0147699356785, -3501.8931766968753, -3869.6651304659426, -2837.0027913304893, -2707.953872801297, -3888.7081252885055, -3334.645126763719, -3765.08055876048, -3317.8977431106105, -1445.272709855698, -3468.7153453813867, -2903.2932163937908, -4559.682423057016, -4006.481137577388, -2179.9811409740314, -3250.469233081403, -4067.6788229478752, -2992.688130231196]
Time
4.089308261871338
The result for the 16th execution is
Query Result
[757.0, 825.0, 771.0, 818.0, 783.0, 710.0, 828.0, 775.0, 812.0, 823.0, 762.0, 812.0, 813.0, 794.0, 772.0, 769.0, 816.0, 712.0, 771.0, 794.0, 752.0, 814.0, 716.0, 762.0, 784.0, 756.0, 750.0, 726.0, 706.0, 799.0, 741.0, 751.0, 728.0, 742.0, 812.0, 796.0, 757.0, 797.0, 755.0, 701.0, 775.0, 764.0, 744.0, 784.0, 756.0, 771.0, 774.0, 734.0, 836.0, 759.0]
Noised Result
[-3510.278698295657, -2903.8643905105455, -3410.271193068278, -2642.5341792469085, -4010.810928217802, -3280.197575215593, -2590.4779896369887, -2188.5167635622734, -3029.9134543651057, -3246.4280058386107, -3404.156897657721, -2524.9948338177987, -3005.733352547879, -4031.3287180617226, -3216.2530789508683, -3021.025325879007, -3273.794045903266, -3354.1877866194604, -3381.742749635557, -3479.0550037148373, -2787.4237069456176, -3177.9433848149297, -2473.0567685776723, -2876.8563890920746, -3382.4688680275826, -3525.354278327355, -2809.7194639101194, -3492.1793744848205, -3005.3786545755133, -3516.35905252214, -3101.812928655888, -3081.790757498836, -3521.195746779692, -3160.309392989418, -1180.2963720369876, -3317.0456462795846, -4349.364611238801, -3217.1361614114553, -3505.534320478198, -3623.603711517254, -3332.264200424301, -3955.3507766847797, -4211.498008060528, -1838.99946326921, -3082.4236297654993, -2214.2243105924526, -4392.19458122335, -2914.921613374787, -4287.426483968151, -3662.2498906290266]
Time
4.073233127593994
The result for the 17th execution is
Query Result
[757.0, 825.0, 771.0, 818.0, 783.0, 710.0, 828.0, 775.0, 812.0, 823.0, 762.0, 812.0, 813.0, 794.0, 772.0, 769.0, 816.0, 712.0, 771.0, 794.0, 752.0, 814.0, 716.0, 762.0, 784.0, 756.0, 750.0, 726.0, 706.0, 799.0, 741.0, 751.0, 728.0, 742.0, 812.0, 796.0, 757.0, 797.0, 755.0, 701.0, 775.0, 764.0, 744.0, 784.0, 756.0, 771.0, 774.0, 734.0, 836.0, 759.0]
Noised Result
[-3737.249131971641, -2993.717803704612, -3334.4232083855077, -3800.7357012313714, -3269.9932485836957, -4099.9353283332675, -3353.209032935445, -2642.6467784121382, -3261.4731915330435, -3340.725376658415, -2648.367338749907, -3435.839735093, -3117.7781103809884, -3040.6678600000664, -3157.082877777394, -3644.6203732810063, -2952.69961029329, -2793.657367032126, -3673.344059789626, -3407.4633291189793, -3002.2788038274384, -2314.6680747751975, -3265.6296328438334, -3807.0302400757573, -2835.251749816217, -2525.2676234899554, -3312.6033402357657, -3069.2698064778638, -3221.514203455841, -3348.8343609270414, -3020.2537081591095, -2511.7861527704436, -3502.1983928742357, -3080.411268423758, -3667.8670269678687, -579.0654939551587, -3638.7543166752966, -3477.095372734158, -3256.9691286287284, -3587.500943579069, -2805.7724864692123, -3792.881195100593, -3260.4217296532147, -3488.5380889869584, -3312.5997650467925, -3355.0541580600852, -2867.9575637784483, -3282.3938207685455, -3331.3643305102996, -3485.455608071604]
Time
4.046280145645142
The result for the 18th execution is
Query Result
[757.0, 825.0, 771.0, 818.0, 783.0, 710.0, 828.0, 775.0, 812.0, 823.0, 762.0, 812.0, 813.0, 794.0, 772.0, 769.0, 816.0, 712.0, 771.0, 794.0, 752.0, 814.0, 716.0, 762.0, 784.0, 756.0, 750.0, 726.0, 706.0, 799.0, 741.0, 751.0, 728.0, 742.0, 812.0, 796.0, 757.0, 797.0, 755.0, 701.0, 775.0, 764.0, 744.0, 784.0, 756.0, 771.0, 774.0, 734.0, 836.0, 759.0]
Noised Result
[-3175.031408890478, -2183.53116354768, -3241.2469055379916, -3410.755251983229, -3268.5501266589786, -3468.3622049985242, -3336.4471002571963, -3917.7757165044486, -3797.44779091065, -3550.019689029441, -3542.332115925249, -3076.7932961118736, -3278.483119645911, -3313.622720602636, -3348.013902290539, -2565.864688766852, -3484.4467579551956, -3845.3322470076855, -3490.421739567187, -3392.5490996440963, -3438.2310247412584, -4205.010789679439, -2614.3126533515097, -3317.662223518193, -2215.2656688328807, -3272.6801744867957, -3201.3241633219263, -3414.7776857959925, -3232.3426417009473, -3395.557224346501, -1852.4319127764238, -3564.6311553947517, -3242.3695819964873, -4040.2814230495005, -3391.9626637670704, -3526.7095743580085, -3340.4392612388165, -3718.729242726072, -3746.802427373632, -2881.307359228329, -4271.312351885534, -3973.514295852491, -3390.3088224247576, -3591.4629513396367, -3443.342314613652, -3951.871869050963, -3826.4955070135466, -3315.5197134295563, -3713.4342364101813, -2178.129086076263]
Time
4.1139678955078125
The result for the 19th execution is
Query Result
[757.0, 825.0, 771.0, 818.0, 783.0, 710.0, 828.0, 775.0, 812.0, 823.0, 762.0, 812.0, 813.0, 794.0, 772.0, 769.0, 816.0, 712.0, 771.0, 794.0, 752.0, 814.0, 716.0, 762.0, 784.0, 756.0, 750.0, 726.0, 706.0, 799.0, 741.0, 751.0, 728.0, 742.0, 812.0, 796.0, 757.0, 797.0, 755.0, 701.0, 775.0, 764.0, 744.0, 784.0, 756.0, 771.0, 774.0, 734.0, 836.0, 759.0]
Noised Result
[-2442.7154047308645, -3018.8922506808503, -3309.00961013959, -3204.15356243243, -3604.4059243274187, -4100.454972081628, -3305.067458052859, -2811.6483838194576, -3242.637748601245, -2837.3476595032776, -3616.758477643937, -2602.663733806823, -2966.2411204793916, -5229.008684832439, -2839.3975753825175, -3817.472145618174, -3516.807485503483, -4478.687100804833, -3216.2134384287883, -5446.530778410846, -3827.85136447445, -3995.3411123543056, -2798.2103464859088, -3604.757414409285, -4064.2751399985664, -2898.7406742047697, -2241.937189889265, -3929.3708420414787, -3682.722303575697, -2749.8541620910187, -3270.7038717041946, -3603.729008530834, -3230.175408551492, -2414.382968062252, -3530.803269463847, -3445.4397366031835, -1960.7643818601796, -4125.271350266009, -3522.8008381286268, -3291.623518288153, -2528.3650031136117, -4002.9484489625374, -2958.6493464958407, -3100.9933292850806, -3207.233743782798, -4173.390224638345, -3381.4976582529125, -3354.954027541955, -3013.5737777463537, -4069.3431218420983]
Time
4.188100099563599
