The result for the 0th execution is
Query Result
[24539.0, 24358.0, 24530.0, 25052.0, 24822.0, 24826.0, 24806.0, 24750.0, 24774.0, 25207.0, 24526.0, 24751.0, 24979.0, 24569.0, 24741.0, 24858.0, 24754.0, 24557.0, 24920.0, 24809.0, 25146.0, 24882.0, 25133.0, 24865.0, 25137.0, 25043.0, 24727.0, 25134.0, 25083.0, 24965.0, 24594.0, 24719.0, 24377.0, 24313.0, 24697.0, 24517.0, 24374.0, 24541.0, 24693.0, 24550.0, 24771.0, 24939.0, 24662.0, 24419.0, 24774.0, 24373.0, 24873.0, 24324.0, 24696.0, 24605.0]
Noised Result
[15595.4027074295, 14478.308685862517, 15612.64282607871, 17186.76365018646, 16283.539849089866, 14703.029505081442, 18511.414591409546, 16216.213942411818, 23636.114682342057, 16581.403707412486, 15763.253079424383, 17089.34634104609, 15952.632383064614, 16928.424065911644, 15964.287231408665, 16203.096014388273, 16731.2729283582, 15713.004491236776, 16096.8638186118, 15952.726261291571, 16395.243157814235, 15438.651496993782, 14815.294428119747, 15912.506141228578, 16275.595058480005, 15041.962641590226, 16168.351364802067, 16469.39280401298, 16121.356429876461, 16506.761280029597, 18944.292972832136, 15318.935792350836, 15569.375853695446, 14647.773348829438, 15454.531443758991, 15248.12523708492, 15840.972406330151, 15758.35708282718, 16547.30385700716, 15940.323775115128, 15385.11702648292, 16939.79268837419, 16568.62093126915, 15945.977577154299, 16502.074367053294, 15525.219588677382, 16597.332745168802, 16486.0261978469, 15933.989769989937, 16319.577017635393]
Time
15.754577875137329
The result for the 1th execution is
Query Result
[24539.0, 24358.0, 24530.0, 25052.0, 24822.0, 24826.0, 24806.0, 24750.0, 24774.0, 25207.0, 24526.0, 24751.0, 24979.0, 24569.0, 24741.0, 24858.0, 24754.0, 24557.0, 24920.0, 24809.0, 25146.0, 24882.0, 25133.0, 24865.0, 25137.0, 25043.0, 24727.0, 25134.0, 25083.0, 24965.0, 24594.0, 24719.0, 24377.0, 24313.0, 24697.0, 24517.0, 24374.0, 24541.0, 24693.0, 24550.0, 24771.0, 24939.0, 24662.0, 24419.0, 24774.0, 24373.0, 24873.0, 24324.0, 24696.0, 24605.0]
Noised Result
[16429.028762375623, 15038.848389718065, 17601.3597543995, 17862.204473355912, 15548.270387134071, 18253.820330134946, 14848.927820720617, 17802.036079670623, 15389.718059254395, 17847.685753016824, 15811.834939145472, 17511.38166885707, 15945.107667220069, 15565.415158272044, 16376.052707451325, 16611.73597009677, 15273.649278082643, 16359.99607190541, 15645.302387407637, 15393.420438578092, 15207.081862069166, 15878.887396574093, 16411.00689683843, 16979.111404612926, 16353.490891814348, 17527.5299332047, 15339.470799731462, 15462.426327410887, 15309.161068237974, 16510.111523930314, 16380.998253177415, 17244.747233665203, 15144.556587641211, 15083.468151019893, 17667.781949656593, 15103.104441155605, 15110.230411106875, 15883.997410592128, 16049.157993710134, 16143.970462723806, 16043.60782295195, 16499.590992267396, 15958.617488193919, 15424.897117461313, 16441.054004099056, 16205.594983759374, 17675.753304087455, 14880.014057644687, 15352.720825625478, 19665.862188924744]
Time
15.65442442893982
The result for the 2th execution is
Query Result
[24539.0, 24358.0, 24530.0, 25052.0, 24822.0, 24826.0, 24806.0, 24750.0, 24774.0, 25207.0, 24526.0, 24751.0, 24979.0, 24569.0, 24741.0, 24858.0, 24754.0, 24557.0, 24920.0, 24809.0, 25146.0, 24882.0, 25133.0, 24865.0, 25137.0, 25043.0, 24727.0, 25134.0, 25083.0, 24965.0, 24594.0, 24719.0, 24377.0, 24313.0, 24697.0, 24517.0, 24374.0, 24541.0, 24693.0, 24550.0, 24771.0, 24939.0, 24662.0, 24419.0, 24774.0, 24373.0, 24873.0, 24324.0, 24696.0, 24605.0]
Noised Result
[16135.546161261747, 16361.718273963399, 16968.868328485718, 16133.804016944836, 16133.416728463231, 17294.56628806783, 16580.025905887785, 15273.275194774254, 16100.415453140835, 15526.247458410307, 15382.098794454214, 16182.245963732683, 15621.324124734774, 15944.154590324037, 17189.64452659277, 16088.578180353314, 17736.56032940708, 16313.567852668537, 16091.911844626748, 16082.940380684307, 18349.07100156956, 15916.249196382778, 15727.139560135769, 16455.797241330532, 16228.11939346906, 16332.20404987198, 17007.066605203046, 15327.310375909849, 16240.299798145184, 15613.501548269262, 15688.503404063764, 15809.404643759779, 16562.16888851246, 15493.129076494697, 14270.940139349215, 16084.10399626215, 15743.914960687987, 14838.663913646018, 15901.511269702874, 15703.178474738615, 15369.709285315943, 15590.929963512435, 15060.295584869098, 15815.011857019363, 16867.47631835102, 14838.52295453245, 16317.514622549133, 16037.266654833415, 15116.803500390828, 15987.469169671147]
Time
15.73863410949707
The result for the 3th execution is
Query Result
[24539.0, 24358.0, 24530.0, 25052.0, 24822.0, 24826.0, 24806.0, 24750.0, 24774.0, 25207.0, 24526.0, 24751.0, 24979.0, 24569.0, 24741.0, 24858.0, 24754.0, 24557.0, 24920.0, 24809.0, 25146.0, 24882.0, 25133.0, 24865.0, 25137.0, 25043.0, 24727.0, 25134.0, 25083.0, 24965.0, 24594.0, 24719.0, 24377.0, 24313.0, 24697.0, 24517.0, 24374.0, 24541.0, 24693.0, 24550.0, 24771.0, 24939.0, 24662.0, 24419.0, 24774.0, 24373.0, 24873.0, 24324.0, 24696.0, 24605.0]
Noised Result
[14877.451288377899, 15581.606928240712, 15192.692838207462, 16204.513707784368, 16669.029521580083, 15786.854372621645, 15400.750782137957, 16267.024543868425, 15721.850877801502, 16316.223168156084, 15286.15130003319, 16341.823486007794, 16328.819553410412, 17846.817442006923, 18190.397677525696, 16277.238658232382, 21647.27155274411, 16232.408673559014, 15838.460150854422, 16502.679324444405, 17825.051281041237, 16646.27601163682, 18108.88002534691, 16229.552495991768, 16336.115408456111, 17485.58256637713, 18312.99333594595, 16610.903003932093, 16182.295775848295, 15463.173891377068, 15289.87178255214, 15601.699637097012, 15681.172887923885, 15374.049833361358, 18910.145995001232, 16524.723550934505, 19073.81074821719, 15919.516321911246, 16008.829983806547, 18138.272790210223, 15720.799239115848, 15989.931402642906, 15264.306458800223, 14980.267738946914, 17682.023889141616, 14667.228683228162, 17451.817981644366, 15815.703948174563, 15149.591414724879, 15271.876580390168]
Time
15.67850637435913
The result for the 4th execution is
Query Result
[24539.0, 24358.0, 24530.0, 25052.0, 24822.0, 24826.0, 24806.0, 24750.0, 24774.0, 25207.0, 24526.0, 24751.0, 24979.0, 24569.0, 24741.0, 24858.0, 24754.0, 24557.0, 24920.0, 24809.0, 25146.0, 24882.0, 25133.0, 24865.0, 25137.0, 25043.0, 24727.0, 25134.0, 25083.0, 24965.0, 24594.0, 24719.0, 24377.0, 24313.0, 24697.0, 24517.0, 24374.0, 24541.0, 24693.0, 24550.0, 24771.0, 24939.0, 24662.0, 24419.0, 24774.0, 24373.0, 24873.0, 24324.0, 24696.0, 24605.0]
Noised Result
[15013.35356359822, 15781.24875837208, 15296.242377746212, 15925.86195212874, 15600.17081466215, 15935.921918482942, 15994.774963883003, 15929.901871934322, 15816.454703707857, 17618.349431204555, 15006.610658120511, 16164.390851474549, 17005.761500110246, 16089.625706873845, 14620.871537478153, 16517.04001527715, 15612.872789875293, 19955.082311644524, 16118.519732944276, 18490.667867284676, 15334.74264655362, 16814.394338173537, 16788.896853791415, 15512.300140395195, 16887.459804467908, 15404.727284978864, 19816.97594927853, 17428.626236470132, 16513.78708698045, 15296.542670550385, 14865.170835186265, 15893.580703096268, 15957.0053581666, 14793.694900480592, 15072.017927339271, 16021.659821048797, 16188.231079592078, 15238.249868489824, 19882.047766984928, 19941.871036106342, 15128.87459285505, 15027.331023703377, 17614.249199522965, 17158.06356992547, 15414.504689524461, 15100.498117875091, 17635.332764957027, 15612.454873745926, 15530.08709562201, 14118.090721532462]
Time
15.547910928726196
The result for the 5th execution is
Query Result
[24539.0, 24358.0, 24530.0, 25052.0, 24822.0, 24826.0, 24806.0, 24750.0, 24774.0, 25207.0, 24526.0, 24751.0, 24979.0, 24569.0, 24741.0, 24858.0, 24754.0, 24557.0, 24920.0, 24809.0, 25146.0, 24882.0, 25133.0, 24865.0, 25137.0, 25043.0, 24727.0, 25134.0, 25083.0, 24965.0, 24594.0, 24719.0, 24377.0, 24313.0, 24697.0, 24517.0, 24374.0, 24541.0, 24693.0, 24550.0, 24771.0, 24939.0, 24662.0, 24419.0, 24774.0, 24373.0, 24873.0, 24324.0, 24696.0, 24605.0]
Noised Result
[15360.583252845803, 15816.701429185945, 15517.099080172626, 16137.20155265518, 16028.617998950765, 17035.477202457972, 15290.51790840023, 16216.903193556414, 16775.3531619263, 16405.722409375532, 15142.151414443535, 16922.656371548594, 16847.55123294524, 15473.173196597334, 16158.564743442981, 15961.279369417456, 16178.548991489344, 15199.119672768893, 16287.05881242224, 16035.540196921214, 16982.6859031217, 18461.297426647987, 16414.596719872574, 16756.754421595302, 16010.59526297238, 16658.224031158494, 15680.412539999157, 15872.36835861227, 15409.395395362766, 16066.520177465369, 15154.63927233146, 17561.785895254132, 15866.888911334501, 16208.769119662598, 15244.550294732806, 15291.097805608968, 14334.789592311672, 15937.342194532172, 16728.428124458354, 16599.43404682612, 15272.630614317412, 17150.226762294915, 15756.114976455701, 15598.034308700688, 15763.658231259986, 16396.951072984786, 15301.543306476784, 15338.133370725356, 15670.796187036052, 15428.53113901189]
Time
15.666861534118652
The result for the 6th execution is
Query Result
[24539.0, 24358.0, 24530.0, 25052.0, 24822.0, 24826.0, 24806.0, 24750.0, 24774.0, 25207.0, 24526.0, 24751.0, 24979.0, 24569.0, 24741.0, 24858.0, 24754.0, 24557.0, 24920.0, 24809.0, 25146.0, 24882.0, 25133.0, 24865.0, 25137.0, 25043.0, 24727.0, 25134.0, 25083.0, 24965.0, 24594.0, 24719.0, 24377.0, 24313.0, 24697.0, 24517.0, 24374.0, 24541.0, 24693.0, 24550.0, 24771.0, 24939.0, 24662.0, 24419.0, 24774.0, 24373.0, 24873.0, 24324.0, 24696.0, 24605.0]
Noised Result
[15103.501708573647, 17563.33187671482, 17959.27008463946, 16304.319893691758, 15467.785421570992, 16321.019969515684, 18329.585855374422, 15119.747945304889, 16519.435609279084, 16258.203380967381, 15861.243578673231, 15569.061818017322, 15346.464843104255, 16355.880375030201, 15774.089239800218, 15763.527569807526, 16572.85579416425, 15464.251915354915, 15949.740858022416, 15984.181364834407, 15821.742169412531, 15968.888559633091, 15752.80789717356, 15681.015461676076, 15928.452702620918, 16870.030722760883, 15653.329757110543, 16035.54889571634, 16008.632775207487, 17170.06188615758, 15899.380374343973, 16437.085577907925, 17142.065832205088, 18945.349130971597, 16358.074048663719, 18893.376405454128, 14051.17551539595, 15579.350867820314, 16632.228116044542, 14669.450051924889, 16004.735783382388, 15735.040341844378, 15377.081117232296, 16935.051098414, 16179.383130247266, 14914.861349382169, 15654.79529602045, 15134.39675344573, 17027.686579594334, 15776.172102073262]
Time
15.773428916931152
The result for the 7th execution is
Query Result
[24539.0, 24358.0, 24530.0, 25052.0, 24822.0, 24826.0, 24806.0, 24750.0, 24774.0, 25207.0, 24526.0, 24751.0, 24979.0, 24569.0, 24741.0, 24858.0, 24754.0, 24557.0, 24920.0, 24809.0, 25146.0, 24882.0, 25133.0, 24865.0, 25137.0, 25043.0, 24727.0, 25134.0, 25083.0, 24965.0, 24594.0, 24719.0, 24377.0, 24313.0, 24697.0, 24517.0, 24374.0, 24541.0, 24693.0, 24550.0, 24771.0, 24939.0, 24662.0, 24419.0, 24774.0, 24373.0, 24873.0, 24324.0, 24696.0, 24605.0]
Noised Result
[15598.329404958804, 15667.481493691765, 16224.604730234973, 16306.865445071853, 16028.868497231906, 18528.691328018664, 14752.65438682574, 16669.19405438946, 16401.64624816127, 16165.844730743866, 15304.057432644106, 17295.69251882642, 16722.919129415786, 15391.07510875126, 14888.648409372712, 16284.952594969614, 17002.330980922823, 15676.252917828246, 437905.2580036931, 15891.133034704868, 16334.01371621214, 15453.862411242782, 16720.422424436496, 17628.417937583217, 15819.579514418436, 16208.651511626364, 15525.327922684166, 17290.84734223147, 16064.728908369372, 16042.002545772879, 16458.243353052003, 16038.12286935819, 16058.524569572124, 15814.916991180005, 16565.1536103875, 16378.835477767672, 15556.645127663509, 16198.321645627628, 16082.824765091049, 16641.71353770655, 15593.218775462516, 17075.77504667346, 16161.158140088992, 18144.12495157917, 17050.412782590873, 15684.935141852398, 16844.76367250586, 14113.619743319232, 18227.635249407358, 15299.399273573217]
Time
15.57065224647522
The result for the 8th execution is
Query Result
[24539.0, 24358.0, 24530.0, 25052.0, 24822.0, 24826.0, 24806.0, 24750.0, 24774.0, 25207.0, 24526.0, 24751.0, 24979.0, 24569.0, 24741.0, 24858.0, 24754.0, 24557.0, 24920.0, 24809.0, 25146.0, 24882.0, 25133.0, 24865.0, 25137.0, 25043.0, 24727.0, 25134.0, 25083.0, 24965.0, 24594.0, 24719.0, 24377.0, 24313.0, 24697.0, 24517.0, 24374.0, 24541.0, 24693.0, 24550.0, 24771.0, 24939.0, 24662.0, 24419.0, 24774.0, 24373.0, 24873.0, 24324.0, 24696.0, 24605.0]
Noised Result
[15684.829862920209, 16359.380059190458, 16936.899823328993, 15960.239943420605, 15211.665624479087, 15707.933260878995, 16223.245657142648, 16230.688836533074, 18418.800315609387, 15345.986219476486, 15438.840618246966, 15640.020198042519, 16727.530737869674, 16388.647362822314, 15753.913576805524, 15382.535877907416, 16381.855517103759, 17256.01848078671, 15922.086977709641, 16091.877327949196, 16507.75356702072, 17558.724378294515, 16489.727534070447, 15557.700335022964, 17045.795699574453, 16574.122250842865, 14895.32122611173, 16696.221936235663, 17022.16640845899, 16668.73890325571, 16293.114481359538, 16093.565644543422, 15771.844624918202, 17025.867281161114, 16085.184537052284, 15545.135430735154, 14963.025585474436, 15865.847185182603, 17290.417501791104, 16443.154200000514, 16848.64152475491, 19651.66346064921, 16416.94772360267, 16428.388978035182, 16458.476172495277, 15466.441294570443, 16498.489996827833, 17626.006109576992, 16884.59448094888, 16774.77288302202]
Time
15.672617673873901
The result for the 9th execution is
Query Result
[24539.0, 24358.0, 24530.0, 25052.0, 24822.0, 24826.0, 24806.0, 24750.0, 24774.0, 25207.0, 24526.0, 24751.0, 24979.0, 24569.0, 24741.0, 24858.0, 24754.0, 24557.0, 24920.0, 24809.0, 25146.0, 24882.0, 25133.0, 24865.0, 25137.0, 25043.0, 24727.0, 25134.0, 25083.0, 24965.0, 24594.0, 24719.0, 24377.0, 24313.0, 24697.0, 24517.0, 24374.0, 24541.0, 24693.0, 24550.0, 24771.0, 24939.0, 24662.0, 24419.0, 24774.0, 24373.0, 24873.0, 24324.0, 24696.0, 24605.0]
Noised Result
[16972.483172959997, 15252.109772852782, 15810.88454437187, 15476.692441440364, 16044.567033919047, 15025.935671822648, 15753.595454258846, 19663.785520245237, 16644.944627422796, 16396.113731133242, 14896.910145785077, 17983.430570809967, 15345.764844333695, 16003.059547831794, 17165.463866562943, 17524.69112388858, 16101.056767865364, 17556.52885307189, 15646.49089569634, 15356.24261500408, 16763.743322397804, 15435.011202241065, 16980.82200539736, 15214.967559646668, 16297.165416065054, 15770.690514724103, 15749.217000665561, 18366.93852715443, 16145.572270530598, 20565.68337734229, 16744.90637523188, 15778.622385872184, 16085.254465858368, 16780.215176932972, 15493.44885304763, 16012.025242494487, 15285.068309676073, 17365.607228493365, 16261.807383791958, 15871.040544264599, 15749.122490331145, 15692.633755692981, 17053.806518849276, 18558.759229884352, 15548.063623856475, 17065.80192295355, 16128.272621171805, 16313.084128972387, 16675.790323800058, 15238.14711409221]
Time
15.740662574768066
The result for the 10th execution is
Query Result
[24539.0, 24358.0, 24530.0, 25052.0, 24822.0, 24826.0, 24806.0, 24750.0, 24774.0, 25207.0, 24526.0, 24751.0, 24979.0, 24569.0, 24741.0, 24858.0, 24754.0, 24557.0, 24920.0, 24809.0, 25146.0, 24882.0, 25133.0, 24865.0, 25137.0, 25043.0, 24727.0, 25134.0, 25083.0, 24965.0, 24594.0, 24719.0, 24377.0, 24313.0, 24697.0, 24517.0, 24374.0, 24541.0, 24693.0, 24550.0, 24771.0, 24939.0, 24662.0, 24419.0, 24774.0, 24373.0, 24873.0, 24324.0, 24696.0, 24605.0]
Noised Result
[14805.123225831929, 15431.104719902374, 15011.385961493801, 17407.0979252674, 15669.740910332765, 16417.30490527793, 15544.78114655624, 17497.867565691602, 16899.091598069288, 16374.643770391376, 14766.052488703093, 18546.76825442298, 16276.96768555356, 17230.262849370934, 16062.705550056126, 15931.69879813976, 15374.875227413402, 15320.832836050695, 15777.591417055262, 16136.61957748821, 18730.031735107907, 16611.006635328056, 17528.865042868852, 15973.3744176812, 16494.6877349366, 16954.678453711273, 15804.558407100194, 15468.706545009067, 16444.20699578598, 16548.75381626264, 15765.483871488595, 16117.83238178664, 13922.298194756197, 15674.187548074518, 16005.599687807604, 16232.699683771547, 16395.80553230262, 15853.486244008618, 14904.830202893303, 16184.897912992226, 16526.575570855795, 16251.923213120215, 15977.946920330229, 15680.989267872472, 16089.992495379242, 18473.582508066127, 16707.11884312631, 15847.247690398477, 15961.89621864698, 16979.661542468853]
Time
15.843212127685547
The result for the 11th execution is
Query Result
[24539.0, 24358.0, 24530.0, 25052.0, 24822.0, 24826.0, 24806.0, 24750.0, 24774.0, 25207.0, 24526.0, 24751.0, 24979.0, 24569.0, 24741.0, 24858.0, 24754.0, 24557.0, 24920.0, 24809.0, 25146.0, 24882.0, 25133.0, 24865.0, 25137.0, 25043.0, 24727.0, 25134.0, 25083.0, 24965.0, 24594.0, 24719.0, 24377.0, 24313.0, 24697.0, 24517.0, 24374.0, 24541.0, 24693.0, 24550.0, 24771.0, 24939.0, 24662.0, 24419.0, 24774.0, 24373.0, 24873.0, 24324.0, 24696.0, 24605.0]
Noised Result
[15341.559709467709, 14692.084899746922, 17065.191437770038, 16735.268796012766, 16088.424268241944, 16873.639166950208, 16471.405262522814, 14698.278074891205, 15830.12304484853, 15928.173015510643, 17601.124478510646, 17149.335979413096, 17627.203148980145, 15176.607001970038, 16047.918250990739, 15447.75714146369, 16107.759647767256, 15613.767535337713, 16127.749584202094, 15982.861925902696, 16699.473178102784, 16730.61419250969, 18412.81051440998, 16230.131252251245, 14929.791258420048, 15872.654020847833, 16889.2149976753, 15967.865320913039, 16350.133405964938, 15884.674420930398, 16768.608046463713, 15148.966442174262, 13969.291685675027, 15503.132382987555, 16028.039827817838, 17721.47684417323, 15531.570959186012, 17068.3085730608, 16656.987078725517, 16238.218809005368, 15687.301476261755, 17574.165260388105, 16177.675980116532, 15615.025610625547, 14842.90079877281, 18732.934080881874, 17859.199308809337, 18447.36091508514, 15507.19431039309, 15709.09110362042]
Time
15.56662106513977
The result for the 12th execution is
Query Result
[24539.0, 24358.0, 24530.0, 25052.0, 24822.0, 24826.0, 24806.0, 24750.0, 24774.0, 25207.0, 24526.0, 24751.0, 24979.0, 24569.0, 24741.0, 24858.0, 24754.0, 24557.0, 24920.0, 24809.0, 25146.0, 24882.0, 25133.0, 24865.0, 25137.0, 25043.0, 24727.0, 25134.0, 25083.0, 24965.0, 24594.0, 24719.0, 24377.0, 24313.0, 24697.0, 24517.0, 24374.0, 24541.0, 24693.0, 24550.0, 24771.0, 24939.0, 24662.0, 24419.0, 24774.0, 24373.0, 24873.0, 24324.0, 24696.0, 24605.0]
Noised Result
[15772.473560094124, 15765.636804111862, 16349.22343569602, 16456.331983855835, 15550.306129528524, 17371.432504523695, 17696.29287264411, 15097.08897318916, 16524.736219038976, 18380.585632527793, 16622.964429883137, 16582.335184325428, 16798.608671531212, 14923.411656663502, 15055.354482864106, 14841.976290822913, 16090.455396765323, 16176.354581988022, 15162.904957645218, 16528.938941718985, 17028.00023318691, 17093.987410814316, 16087.473536777205, 16309.505318843472, 16376.614555946604, 16656.94890009101, 16301.919222255743, 18230.279593626088, 18428.923670562177, 15769.04769240023, 15358.075146668016, 15923.109828936154, 14633.025966967345, 15966.852828294643, 15662.945097143875, 15296.764114426518, 16131.989174683495, 16837.440472363996, 15195.140354242987, 17467.08107245373, 16012.389011209321, 16733.02243732755, 16831.065878697602, 16532.960786825497, 15825.632252057994, 16817.881795561123, 16084.933885962817, 16351.515665938796, 16087.947972265649, 16731.620544093512]
Time
15.815167427062988
The result for the 13th execution is
Query Result
[24539.0, 24358.0, 24530.0, 25052.0, 24822.0, 24826.0, 24806.0, 24750.0, 24774.0, 25207.0, 24526.0, 24751.0, 24979.0, 24569.0, 24741.0, 24858.0, 24754.0, 24557.0, 24920.0, 24809.0, 25146.0, 24882.0, 25133.0, 24865.0, 25137.0, 25043.0, 24727.0, 25134.0, 25083.0, 24965.0, 24594.0, 24719.0, 24377.0, 24313.0, 24697.0, 24517.0, 24374.0, 24541.0, 24693.0, 24550.0, 24771.0, 24939.0, 24662.0, 24419.0, 24774.0, 24373.0, 24873.0, 24324.0, 24696.0, 24605.0]
Noised Result
[15891.732468896571, 16443.205208256644, 17177.890586128713, 16813.63268964218, 15526.768304032095, 15837.157393759298, 15602.211608225563, 16264.949176910692, 16122.076543705802, 17653.61796016487, 16855.184047797316, 15686.571293925423, 16175.846446789765, 16402.924102991452, 15844.289279637496, 17387.535171546337, 16476.444941942435, 17405.138720994564, 15429.797952873703, 16479.569026864643, 16230.241782142932, 16076.657269142754, 15049.580732177008, 16321.958927738166, 17425.78040435673, 16119.549180348895, 16436.432578871936, 16281.766385672712, 16543.060259157097, 16405.030928918073, 16248.767843954569, 16398.79790349236, 16623.187009895202, 15239.831343830494, 19307.23346342227, 15657.5687218145, 15483.857267378717, 14378.337180896086, 16262.140077073722, 19680.045057345826, 16745.19425671678, 15951.020330708854, 15999.283070565034, 15596.118816921811, 16783.434013159804, 16083.743108828725, 15629.724381122121, 14863.627636606063, 15820.040697539684, 16892.866081608026]
Time
15.642103672027588
The result for the 14th execution is
Query Result
[24539.0, 24358.0, 24530.0, 25052.0, 24822.0, 24826.0, 24806.0, 24750.0, 24774.0, 25207.0, 24526.0, 24751.0, 24979.0, 24569.0, 24741.0, 24858.0, 24754.0, 24557.0, 24920.0, 24809.0, 25146.0, 24882.0, 25133.0, 24865.0, 25137.0, 25043.0, 24727.0, 25134.0, 25083.0, 24965.0, 24594.0, 24719.0, 24377.0, 24313.0, 24697.0, 24517.0, 24374.0, 24541.0, 24693.0, 24550.0, 24771.0, 24939.0, 24662.0, 24419.0, 24774.0, 24373.0, 24873.0, 24324.0, 24696.0, 24605.0]
Noised Result
[15560.136472344519, 15673.681720968707, 15844.863948470791, 16190.092866924577, 15994.339055599161, 15233.681036538077, 15880.434734347182, 16120.968469769283, 15368.36507967692, 17278.320439173945, 14125.319729197747, 17373.962247844524, 14562.295229027084, 16376.362162011279, 18026.619107100098, 16847.86449724491, 16628.109953672378, 15386.009991876923, 16424.594399986097, 17250.714596570495, 17103.7498876586, 15759.263976170809, 17612.258532686217, 17501.81895707615, 16738.324379083548, 16880.40417807084, 15277.399958322794, 16964.11992989891, 16474.704174452414, 17270.37439265054, 15525.577917533677, 14588.45670838776, 18352.60055893229, 15842.43031678389, 15156.684650472484, 20464.195641973893, 17490.420542605607, 15301.420480214922, 16303.182770812828, 14526.510632824258, 16532.92781379023, 16359.32554876294, 16036.404333726745, 15136.52974651579, 15532.58707767751, 15667.411408195301, 15690.256984371677, 15296.594624217698, 15967.404595525964, 14825.85430145248]
Time
15.705442190170288
The result for the 15th execution is
Query Result
[24539.0, 24358.0, 24530.0, 25052.0, 24822.0, 24826.0, 24806.0, 24750.0, 24774.0, 25207.0, 24526.0, 24751.0, 24979.0, 24569.0, 24741.0, 24858.0, 24754.0, 24557.0, 24920.0, 24809.0, 25146.0, 24882.0, 25133.0, 24865.0, 25137.0, 25043.0, 24727.0, 25134.0, 25083.0, 24965.0, 24594.0, 24719.0, 24377.0, 24313.0, 24697.0, 24517.0, 24374.0, 24541.0, 24693.0, 24550.0, 24771.0, 24939.0, 24662.0, 24419.0, 24774.0, 24373.0, 24873.0, 24324.0, 24696.0, 24605.0]
Noised Result
[16766.624530953595, 15284.36260733196, 15946.385658261526, 15726.011930861214, 15883.89221790027, 16573.88766090265, 16118.070289402462, 15081.14466871156, 15746.37664946111, 17622.584861649593, 15794.145234116013, 16110.814946318824, 15309.993686693748, 15507.941310185219, 15685.661931738225, 14657.05388125348, 15697.377584601116, 15009.076467811465, 16550.7091336391, 15242.663878001647, 16867.337141273645, 15187.031460668562, 16290.852098653346, 16395.925074202707, 15027.964763271524, 15050.122604153912, 15956.040692659479, 20690.660747608417, 15881.934206727154, 16333.784781312368, 18035.282224212675, 19591.85875667197, 17567.903261939147, 14884.746529695227, 15272.582874134496, 16886.138598929392, 16624.11110822195, 15943.055991789493, 16431.15303173636, 15482.102444961913, 15867.429651860706, 16404.228907321787, 15533.394299468957, 16333.505827885689, 16429.647561378544, 16275.194757349635, 14961.016625765704, 16401.69119874534, 16229.442019466958, 15877.138420188976]
Time
15.704169750213623
The result for the 16th execution is
Query Result
[24539.0, 24358.0, 24530.0, 25052.0, 24822.0, 24826.0, 24806.0, 24750.0, 24774.0, 25207.0, 24526.0, 24751.0, 24979.0, 24569.0, 24741.0, 24858.0, 24754.0, 24557.0, 24920.0, 24809.0, 25146.0, 24882.0, 25133.0, 24865.0, 25137.0, 25043.0, 24727.0, 25134.0, 25083.0, 24965.0, 24594.0, 24719.0, 24377.0, 24313.0, 24697.0, 24517.0, 24374.0, 24541.0, 24693.0, 24550.0, 24771.0, 24939.0, 24662.0, 24419.0, 24774.0, 24373.0, 24873.0, 24324.0, 24696.0, 24605.0]
Noised Result
[15926.649792456621, 16164.545800862908, 15160.531566559894, 15997.34127223173, 15891.897804835222, 16531.323285979604, 17227.923444753706, 16971.731470003753, 15314.354349006007, 15826.28414833284, 15441.980163725106, 16176.239830862654, 15596.805793204137, 17673.80989191664, 16588.18428177617, 16749.968802878702, 16902.57619161327, 16501.996614555206, 14789.482945389042, 15294.581813984503, 16006.770654346972, 16263.067164956641, 15866.92754996504, 18603.18196839697, 15832.849252586455, 16623.509760127126, 15033.826577545335, 16466.92296060496, 16431.890526130548, 16593.28810897013, 15640.790055717493, 16538.417954778684, 15636.29384505828, 15820.900969528062, 18456.85327380865, 16583.135160613252, 15925.232071342383, 15693.355734498346, 15370.102147874068, 15375.893838351474, 15478.575427555905, 15930.021053212946, 15238.606948343704, 14916.560055012005, 15140.440481916376, 16242.24640255885, 16992.062789145304, 16518.222041431494, 14862.747999907977, 17682.500432691573]
Time
15.920584917068481
The result for the 17th execution is
Query Result
[24539.0, 24358.0, 24530.0, 25052.0, 24822.0, 24826.0, 24806.0, 24750.0, 24774.0, 25207.0, 24526.0, 24751.0, 24979.0, 24569.0, 24741.0, 24858.0, 24754.0, 24557.0, 24920.0, 24809.0, 25146.0, 24882.0, 25133.0, 24865.0, 25137.0, 25043.0, 24727.0, 25134.0, 25083.0, 24965.0, 24594.0, 24719.0, 24377.0, 24313.0, 24697.0, 24517.0, 24374.0, 24541.0, 24693.0, 24550.0, 24771.0, 24939.0, 24662.0, 24419.0, 24774.0, 24373.0, 24873.0, 24324.0, 24696.0, 24605.0]
Noised Result
[15865.607352906816, 15434.417142703265, 15516.90933034648, 16571.30205958367, 14764.633036228091, 14873.028124468412, 15691.222027654461, 15546.783106221908, 15062.189742786863, 17949.7788605097, 16758.93137564225, 15560.830579674212, 17162.515402744193, 16568.99807752924, 15618.538221142586, 16119.576300530656, 16688.57383159855, 15582.501576986611, 15926.639271236814, 15869.835899866763, 16772.273406867713, 16671.794744325227, 16420.5293333441, 16374.867142674393, 15379.976062618782, 18189.017993531143, 15943.847764392036, 15739.000168115374, 16766.06178926328, 15430.8277356438, 17269.01108498542, 15919.526480293738, 16146.033363489098, 14471.99224015776, 15409.42439372699, 14621.198842251495, 14944.380102092751, 15885.76651510193, 15444.898615619964, 15859.999147458122, 16323.219338669958, 15797.0951192824, 15583.84832278475, 17067.149546732, 16036.527886823449, 15192.631737360738, 18265.884128192884, 14936.592878199806, 15426.06522825751, 15731.34321587316]
Time
15.843482971191406
The result for the 18th execution is
Query Result
[24539.0, 24358.0, 24530.0, 25052.0, 24822.0, 24826.0, 24806.0, 24750.0, 24774.0, 25207.0, 24526.0, 24751.0, 24979.0, 24569.0, 24741.0, 24858.0, 24754.0, 24557.0, 24920.0, 24809.0, 25146.0, 24882.0, 25133.0, 24865.0, 25137.0, 25043.0, 24727.0, 25134.0, 25083.0, 24965.0, 24594.0, 24719.0, 24377.0, 24313.0, 24697.0, 24517.0, 24374.0, 24541.0, 24693.0, 24550.0, 24771.0, 24939.0, 24662.0, 24419.0, 24774.0, 24373.0, 24873.0, 24324.0, 24696.0, 24605.0]
Noised Result
[16022.99670812461, 22882.18634524054, 19770.27407026475, 19376.41175011941, 15484.492727796274, 14902.426289694507, 15452.144178465715, 16351.738486734825, 15652.400377038775, 15507.970179500853, 16601.445436449325, 15667.369714958375, 15516.012570252593, 16430.406776236745, 14793.084790768375, 16473.90703816549, 16484.598925778453, 16066.298198733442, 15945.263149594171, 16339.139898603253, 17102.652288416273, 17725.770357102265, 16588.561148900797, 16167.127057015401, 16706.179456749356, 15529.086185256792, 16760.962315614597, 15221.008542453694, 16415.473259570415, 16379.609387255561, 17429.413101969407, 15772.763129337744, 16719.91823566834, 14938.145818472734, 15812.033571591004, 16546.041205389112, 15021.671494192435, 15600.062710601072, 16270.80101689875, 16314.772254431013, 15620.357391043452, 15518.223315620939, 15405.019070501905, 16503.335736000856, 15970.441303438298, 15538.402119502105, 15406.181203531967, 15702.743305099848, 15735.572828175667, 15588.212956532232]
Time
15.825697183609009
The result for the 19th execution is
Query Result
[24539.0, 24358.0, 24530.0, 25052.0, 24822.0, 24826.0, 24806.0, 24750.0, 24774.0, 25207.0, 24526.0, 24751.0, 24979.0, 24569.0, 24741.0, 24858.0, 24754.0, 24557.0, 24920.0, 24809.0, 25146.0, 24882.0, 25133.0, 24865.0, 25137.0, 25043.0, 24727.0, 25134.0, 25083.0, 24965.0, 24594.0, 24719.0, 24377.0, 24313.0, 24697.0, 24517.0, 24374.0, 24541.0, 24693.0, 24550.0, 24771.0, 24939.0, 24662.0, 24419.0, 24774.0, 24373.0, 24873.0, 24324.0, 24696.0, 24605.0]
Noised Result
[14936.332727010316, 16140.104431256463, 16590.384715221036, 16698.852391086875, 16942.21476146008, 17402.685822776933, 16204.43688686449, 16391.177591058666, 15194.458563993165, 17441.47123582887, 17307.18431421058, 15883.929729392288, 19011.36644343322, 15770.875906308213, 15472.690370188435, 17481.548720000923, 16066.557333083429, 16756.040579610537, 16860.40909247235, 16001.185517747166, 16616.214886055168, 16553.474023733637, 16217.058897138157, 15535.192085391882, 16060.661883960933, 15926.72957271177, 16642.611833103692, 17843.07826554912, 18268.27483400984, 16341.510079099218, 17853.99918402259, 15734.72038700798, 15539.28811115227, 15283.405742328472, 17298.07187463935, 15442.736279245755, 16435.38116703764, 15144.567304884346, 16503.898432039554, 16764.268613611242, 16104.08940487121, 15908.93497943179, 15652.577601202302, 15115.271333170685, 17898.84806220085, 15987.311223249046, 15281.71119914599, 16224.596925259315, 16293.87536696165, 15786.870546027632]
Time
15.804154396057129
