The result for the 0th execution is
Query Result
[673644.8548081972, 755865.8179195946, 710571.1556705022, 732951.304704802, 675363.7989974997, 715596.0604892987, 636246.9610213971, 652590.4343335009, 718304.1935096001, 713230.7742953991, 677607.0008410007, 730962.5451464981, 721601.1065041953, 695965.2016274963, 679608.9604111967, 704012.4295866038, 655524.5838107979, 716860.3798908013, 722315.7025741076, 699872.1858327021, 679611.9454342023, 654788.2244400998, 690613.8706187012, 695402.8040499992, 689973.901839899]
Noised Result
[-1043.5916294515687, -851.4709497775257, 7244.018139403379, -764.3545611114118, -653.9878417355126, -1135.5839673359565, -1753.1973427943663, -923.8535577590892, 1287.3139966167655, 70.80283222868457, -524.2207233422741, -850.5938730325715, -1050.960763854177, -929.0006663600316, -785.9674537616925, 6742.761025215383, -1209.5604576745518, -1167.0736849710265, 59102.05949296702, 184.23706196826606, -728.7950788564499, -723.7657601805804, -1319.1409853561681, -1065.5018725051245, 37775.27105178131]
Time
12.789650440216064
The result for the 1th execution is
Query Result
[673644.8548081972, 755865.8179195946, 710571.1556705022, 732951.304704802, 675363.7989974997, 715596.0604892987, 636246.9610213971, 652590.4343335009, 718304.1935096001, 713230.7742953991, 677607.0008410007, 730962.5451464981, 721601.1065041953, 695965.2016274963, 679608.9604111967, 704012.4295866038, 655524.5838107979, 716860.3798908013, 722315.7025741076, 699872.1858327021, 679611.9454342023, 654788.2244400998, 690613.8706187012, 695402.8040499992, 689973.901839899]
Noised Result
[-1052.7398607964165, -602.6661657535587, -789.3731178734542, -1070.1933254489404, -1934.5354639009452, 971.2139929527038, -432.18318815111434, 7426.716767423448, 205.65195870242655, -612.5484458499582, -1279.6899232799483, -1280.9807263856242, -1155.1488035218663, 6198.091345263369, -734.9775953540538, -955.392885243411, -1194.5051065114367, -949.182275191688, -727.2419125817219, -790.5962913570911, 66.16304000818991, -1188.0220140846595, -1134.5148487611164, 23311.685470296972, -1062.2320990416388]
Time
12.798943281173706
The result for the 2th execution is
Query Result
[673644.8548081972, 755865.8179195946, 710571.1556705022, 732951.304704802, 675363.7989974997, 715596.0604892987, 636246.9610213971, 652590.4343335009, 718304.1935096001, 713230.7742953991, 677607.0008410007, 730962.5451464981, 721601.1065041953, 695965.2016274963, 679608.9604111967, 704012.4295866038, 655524.5838107979, 716860.3798908013, 722315.7025741076, 699872.1858327021, 679611.9454342023, 654788.2244400998, 690613.8706187012, 695402.8040499992, 689973.901839899]
Noised Result
[-1299.2360409243183, -1067.2030207033745, -372.0243539753503, -963.8238097066273, -2085.6246798271577, -822.4571597893128, -1022.3951933544972, -1064.9654277456843, -335.6858977231857, -613.7048035688335, -1150.652432990736, 1358.1213525230887, 43640.70610514615, -1083.9132165484993, 945.508184863239, -275.29396218696024, -717.5652449253985, -1207.3268207477554, 40547.801172295585, 461.27003822494567, -930.2870755191398, 3186.970477824878, 32779.95064931383, -1571.9942209750611, -612.499073124055]
Time
12.36829137802124
The result for the 3th execution is
Query Result
[673644.8548081972, 755865.8179195946, 710571.1556705022, 732951.304704802, 675363.7989974997, 715596.0604892987, 636246.9610213971, 652590.4343335009, 718304.1935096001, 713230.7742953991, 677607.0008410007, 730962.5451464981, 721601.1065041953, 695965.2016274963, 679608.9604111967, 704012.4295866038, 655524.5838107979, 716860.3798908013, 722315.7025741076, 699872.1858327021, 679611.9454342023, 654788.2244400998, 690613.8706187012, 695402.8040499992, 689973.901839899]
Noised Result
[-782.9728238504686, -757.1503422265305, -1086.954366284669, -1124.733957159241, -1060.4054855544268, -1291.5535263592037, -1285.6798817392528, -982.751242462653, -826.1515296229945, -438.1223190851397, -1142.2056916140914, -911.3873700719573, -924.4101915705896, -1527.2017990929044, -992.9189676620399, -914.037431208772, 156004.87523365603, -918.709562080498, -1110.6755080959797, -980.8691038000775, -887.2691627875515, -1218.867358909536, -390.6105303398301, -1539.0510136060889, -726.1266316804877]
Time
12.545802354812622
The result for the 4th execution is
Query Result
[673644.8548081972, 755865.8179195946, 710571.1556705022, 732951.304704802, 675363.7989974997, 715596.0604892987, 636246.9610213971, 652590.4343335009, 718304.1935096001, 713230.7742953991, 677607.0008410007, 730962.5451464981, 721601.1065041953, 695965.2016274963, 679608.9604111967, 704012.4295866038, 655524.5838107979, 716860.3798908013, 722315.7025741076, 699872.1858327021, 679611.9454342023, 654788.2244400998, 690613.8706187012, 695402.8040499992, 689973.901839899]
Noised Result
[-1338.9201580762674, -828.1468477940639, -628.7744910536112, -934.5251987147203, -937.789871987251, -2027.6172816592498, -1045.4858631566622, -1296.9877207803574, -1447.4250482174084, 141.29474571997707, 819.6031400112406, -436.28581871366396, -332.87317899343225, -1143.3130618295581, -1227.6761935523573, -923.3934789504915, -1331.853726737148, -413.7212206670572, -1113.1215357921747, 662.250968938537, -1062.4912719461763, -1035.2775780712673, -1063.9326188846676, -467.1177300755712, -677.3900494525524]
Time
13.091622591018677
The result for the 5th execution is
Query Result
[673644.8548081972, 755865.8179195946, 710571.1556705022, 732951.304704802, 675363.7989974997, 715596.0604892987, 636246.9610213971, 652590.4343335009, 718304.1935096001, 713230.7742953991, 677607.0008410007, 730962.5451464981, 721601.1065041953, 695965.2016274963, 679608.9604111967, 704012.4295866038, 655524.5838107979, 716860.3798908013, 722315.7025741076, 699872.1858327021, 679611.9454342023, 654788.2244400998, 690613.8706187012, 695402.8040499992, 689973.901839899]
Noised Result
[-971.2290103456535, -783.5050912377474, -1067.82327982805, -865.5055663191033, -938.0682809384707, -980.2213494276293, -1002.4572454878803, -718.1963199801553, -1150.178729566594, -805.442991938246, -525.3147712327414, 59325.35492928268, -899.4778368656775, -774.4606927173672, -1067.6135391001176, -933.2064536487546, -1076.2991317992987, -689.1243097963975, -864.9275660529543, -832.1686521430015, -845.5155372360027, -1027.12912601678, -723.9880493801929, -1063.4803779054191, -1303.7346860236808]
Time
12.622963666915894
The result for the 6th execution is
Query Result
[673644.8548081972, 755865.8179195946, 710571.1556705022, 732951.304704802, 675363.7989974997, 715596.0604892987, 636246.9610213971, 652590.4343335009, 718304.1935096001, 713230.7742953991, 677607.0008410007, 730962.5451464981, 721601.1065041953, 695965.2016274963, 679608.9604111967, 704012.4295866038, 655524.5838107979, 716860.3798908013, 722315.7025741076, 699872.1858327021, 679611.9454342023, 654788.2244400998, 690613.8706187012, 695402.8040499992, 689973.901839899]
Noised Result
[-1284.970108619033, -1364.6633810111634, -1301.201385961781, -843.045626325666, -1039.7750114487835, -584.9288459059994, -1213.9906151724927, -888.0447598780752, -775.672963297869, -866.4932944649854, -1538.6418724764917, 17362.402486550352, -676.3880494480409, -1578.6851922846326, -719.4121860084624, -2489.8196644599375, -962.4645485729643, -1062.5238409967656, -808.0903050372199, -926.7619314098906, -18.828857576206246, -1022.4822891582953, -1388.6772606349232, 192.98401087789262, 274677.7033518994]
Time
12.831176042556763
The result for the 7th execution is
Query Result
[673644.8548081972, 755865.8179195946, 710571.1556705022, 732951.304704802, 675363.7989974997, 715596.0604892987, 636246.9610213971, 652590.4343335009, 718304.1935096001, 713230.7742953991, 677607.0008410007, 730962.5451464981, 721601.1065041953, 695965.2016274963, 679608.9604111967, 704012.4295866038, 655524.5838107979, 716860.3798908013, 722315.7025741076, 699872.1858327021, 679611.9454342023, 654788.2244400998, 690613.8706187012, 695402.8040499992, 689973.901839899]
Noised Result
[-2089.6999235602625, 70122.05480720336, -1070.286880238731, 10492.86529878437, -783.6869979045541, -306.00707704593196, -1648.9471137883547, -645.009102755721, 3386.659087593216, -1153.503774693614, -555.3678762764589, -943.9022408820151, -587.5784435721584, -1154.7829435872445, -863.3661513971579, -883.0629606352259, -939.5997075397268, -1297.8496877239777, 25.298286089699104, -1010.496477986554, -1617.671763558902, -1040.0537253954599, -933.9914110195823, -1104.5713811546143, -437.17845668829113]
Time
12.886677503585815
The result for the 8th execution is
Query Result
[673644.8548081972, 755865.8179195946, 710571.1556705022, 732951.304704802, 675363.7989974997, 715596.0604892987, 636246.9610213971, 652590.4343335009, 718304.1935096001, 713230.7742953991, 677607.0008410007, 730962.5451464981, 721601.1065041953, 695965.2016274963, 679608.9604111967, 704012.4295866038, 655524.5838107979, 716860.3798908013, 722315.7025741076, 699872.1858327021, 679611.9454342023, 654788.2244400998, 690613.8706187012, 695402.8040499992, 689973.901839899]
Noised Result
[-1483.5761124592768, 1295.5537576893494, -792.6274208324435, -1836.9475039259296, -294.8815703257285, -908.0305258311846, -1092.5551260230714, -963.8068816648592, -671.6229518529476, -1032.0673403438718, -869.0934693214745, -832.1801643110248, -705.2020208652461, -846.423891481214, -2077.1899789678628, -1204.0171437176732, -387.78753759165124, -986.7413331010689, -607.1924706466334, -1268.374196726183, -805.6078444104905, 7568.856647476521, -1398.7107380689567, -898.709957653623, -470.40857909992064]
Time
13.03573203086853
The result for the 9th execution is
Query Result
[673644.8548081972, 755865.8179195946, 710571.1556705022, 732951.304704802, 675363.7989974997, 715596.0604892987, 636246.9610213971, 652590.4343335009, 718304.1935096001, 713230.7742953991, 677607.0008410007, 730962.5451464981, 721601.1065041953, 695965.2016274963, 679608.9604111967, 704012.4295866038, 655524.5838107979, 716860.3798908013, 722315.7025741076, 699872.1858327021, 679611.9454342023, 654788.2244400998, 690613.8706187012, 695402.8040499992, 689973.901839899]
Noised Result
[-1218.346859087389, -478.6239476127057, -527.1654187796348, -937.2133421146173, -495.3186272448329, -284.51119692990756, -1076.560656484235, 525.7507518876391, -1526.3409789753014, -1328.339393976289, -1040.5667912907297, -1186.3829749287393, -920.9691126731504, -856.4585768326815, -1389.0018189050597, -1348.8472351817627, -995.0131469572411, -832.9106535825272, -1142.4262907471916, 622.4359282125879, -989.6628812447389, -1277.6569278149323, -1145.413057798069, -1727.7080257600755, -1095.6494442648009]
Time
12.901222229003906
The result for the 10th execution is
Query Result
[673644.8548081972, 755865.8179195946, 710571.1556705022, 732951.304704802, 675363.7989974997, 715596.0604892987, 636246.9610213971, 652590.4343335009, 718304.1935096001, 713230.7742953991, 677607.0008410007, 730962.5451464981, 721601.1065041953, 695965.2016274963, 679608.9604111967, 704012.4295866038, 655524.5838107979, 716860.3798908013, 722315.7025741076, 699872.1858327021, 679611.9454342023, 654788.2244400998, 690613.8706187012, 695402.8040499992, 689973.901839899]
Noised Result
[3363.6359765259913, -1258.234205530055, -862.4506599667557, -1060.1008014324411, -3044.5527079917924, -927.2352413022259, -990.5118160357433, -514.1688522066675, 4390.126384090386, 631.3750964643, -536.2754390046493, -554.9885585160764, -569.3132272893126, -894.6343500190956, -1088.2884067916002, -294.3002187543452, -713.8576507306161, -1575.2396612777156, 215.37349367640195, -761.0655911568865, 7234.6263799060835, -984.1406722385468, -1400.4427821943632, 466.07021879068, -1340.4460793758158]
Time
12.791409254074097
The result for the 11th execution is
Query Result
[673644.8548081972, 755865.8179195946, 710571.1556705022, 732951.304704802, 675363.7989974997, 715596.0604892987, 636246.9610213971, 652590.4343335009, 718304.1935096001, 713230.7742953991, 677607.0008410007, 730962.5451464981, 721601.1065041953, 695965.2016274963, 679608.9604111967, 704012.4295866038, 655524.5838107979, 716860.3798908013, 722315.7025741076, 699872.1858327021, 679611.9454342023, 654788.2244400998, 690613.8706187012, 695402.8040499992, 689973.901839899]
Noised Result
[-842.8534465727398, -727.4430216271885, -696.487035039243, -712.3247541473306, -755.508819723138, 7584.965391057718, -903.6801954922389, -1307.37779776657, -1126.9240339060925, 48300.334452177514, -999.0733534705755, 21713.429062413605, -835.2263884309587, -909.4489513418935, -968.5438871906094, -845.3384288851844, -674.2091104808933, 153.41334812466175, 35103.3626583124, -928.5225722382129, -937.6275566425297, 14346.780173867439, -657.4542006742395, -880.4262266125597, -989.3833232795196]
Time
12.831695556640625
The result for the 12th execution is
Query Result
[673644.8548081972, 755865.8179195946, 710571.1556705022, 732951.304704802, 675363.7989974997, 715596.0604892987, 636246.9610213971, 652590.4343335009, 718304.1935096001, 713230.7742953991, 677607.0008410007, 730962.5451464981, 721601.1065041953, 695965.2016274963, 679608.9604111967, 704012.4295866038, 655524.5838107979, 716860.3798908013, 722315.7025741076, 699872.1858327021, 679611.9454342023, 654788.2244400998, 690613.8706187012, 695402.8040499992, 689973.901839899]
Noised Result
[292.5275216021173, -1148.7926273730018, -1023.3512988082812, -778.9092563732747, -691.1961097284916, 227.99799072798487, -2976.3196511413366, -517.6790219584168, -1152.7365612944945, -745.3330005447165, -1187.0522084208105, -822.4050232778063, 8753.15109438614, -1277.407549407998, -1011.590085228725, 1097.1009238706101, -623.247494962126, -1703.9846023484583, 41.7084128564893, -1219.0553574126811, -798.7208738016357, -950.932971269227, 429.03624327892567, 15556.126331815583, -1639.8678374657047]
Time
13.02571702003479
The result for the 13th execution is
Query Result
[673644.8548081972, 755865.8179195946, 710571.1556705022, 732951.304704802, 675363.7989974997, 715596.0604892987, 636246.9610213971, 652590.4343335009, 718304.1935096001, 713230.7742953991, 677607.0008410007, 730962.5451464981, 721601.1065041953, 695965.2016274963, 679608.9604111967, 704012.4295866038, 655524.5838107979, 716860.3798908013, 722315.7025741076, 699872.1858327021, 679611.9454342023, 654788.2244400998, 690613.8706187012, 695402.8040499992, 689973.901839899]
Noised Result
[-1026.0170332101384, -2300.8062234067484, -1336.4583763158785, -441.1273119816974, 308980.78983479633, 58428.59957419909, -647.7532292999558, 5163.191805190934, -1551.9351104507177, -349.1839206041775, -295.8397669924834, -807.5581074774896, -755.9709204057117, -734.0443775328918, 4075.6709593168016, 2371.468754447672, -1022.1666147821375, -909.9266134200684, 25847.67490023967, -750.1981374407897, -1040.5408733181393, -1511.071570481784, 19286.50770650999, 39146.43348912173, -941.854228400181]
Time
12.488317489624023
The result for the 14th execution is
Query Result
[673644.8548081972, 755865.8179195946, 710571.1556705022, 732951.304704802, 675363.7989974997, 715596.0604892987, 636246.9610213971, 652590.4343335009, 718304.1935096001, 713230.7742953991, 677607.0008410007, 730962.5451464981, 721601.1065041953, 695965.2016274963, 679608.9604111967, 704012.4295866038, 655524.5838107979, 716860.3798908013, 722315.7025741076, 699872.1858327021, 679611.9454342023, 654788.2244400998, 690613.8706187012, 695402.8040499992, 689973.901839899]
Noised Result
[-1105.0360224519527, 432.0689787111701, -1144.4114193739547, -721.2463603574342, 162.30984479440758, -533.200121891593, -671.5724099039762, -959.9500241452579, 8470.048486108994, 13624.421935457452, -1068.4630051854278, -736.900236527064, 318.98660402991663, 90.0955101904965, 368.6537842002974, -635.0776315817693, 352.9997200086309, -936.5377050626807, -708.6239812456356, -559.2291365073543, 1215.321837370123, -1424.8470785567424, -1140.8854502263166, 6233.29411817521, -1214.5741427468665]
Time
12.945789098739624
The result for the 15th execution is
Query Result
[673644.8548081972, 755865.8179195946, 710571.1556705022, 732951.304704802, 675363.7989974997, 715596.0604892987, 636246.9610213971, 652590.4343335009, 718304.1935096001, 713230.7742953991, 677607.0008410007, 730962.5451464981, 721601.1065041953, 695965.2016274963, 679608.9604111967, 704012.4295866038, 655524.5838107979, 716860.3798908013, 722315.7025741076, 699872.1858327021, 679611.9454342023, 654788.2244400998, 690613.8706187012, 695402.8040499992, 689973.901839899]
Noised Result
[-980.4148581742097, 1477.2682348850512, -61.434205277854744, -1331.8290678874064, -1728.9127932105375, -745.4353607151861, -1014.7493513625009, -1097.7374372990985, -284.06032585494154, -517.7698091948437, -1093.6468999995482, -771.6335771117192, -1153.2814555282298, -811.8249895977801, -745.5947088885641, -1558.445454255138, -876.6673109443404, -885.3439359547242, -555.4155660396159, 5718.32879318155, -349.21497040649706, -779.0381538677739, 88772.42835074232, -342.64753707924706, -987.4496754688457]
Time
12.644384860992432
The result for the 16th execution is
Query Result
[673644.8548081972, 755865.8179195946, 710571.1556705022, 732951.304704802, 675363.7989974997, 715596.0604892987, 636246.9610213971, 652590.4343335009, 718304.1935096001, 713230.7742953991, 677607.0008410007, 730962.5451464981, 721601.1065041953, 695965.2016274963, 679608.9604111967, 704012.4295866038, 655524.5838107979, 716860.3798908013, 722315.7025741076, 699872.1858327021, 679611.9454342023, 654788.2244400998, 690613.8706187012, 695402.8040499992, 689973.901839899]
Noised Result
[-1370.414899941361, -575.9118942598393, -914.6278336065752, 561.9468546229002, -1081.8437419162124, -737.0974460846905, -846.5922615829904, -971.2297138240397, -985.7156691202467, -1033.989449624119, -851.5796502801354, -1295.235471104772, -1524.8356678583214, -1069.1117473924533, -434.2014035147754, 170.3751420251756, -1032.69299668979, -578.6168030057825, -985.9737159397396, -1317.429203557268, -1377.018842258316, -1084.774985007355, -974.4565932586434, 12293.057653589465, -1120.8274264398506]
Time
12.667012453079224
The result for the 17th execution is
Query Result
[673644.8548081972, 755865.8179195946, 710571.1556705022, 732951.304704802, 675363.7989974997, 715596.0604892987, 636246.9610213971, 652590.4343335009, 718304.1935096001, 713230.7742953991, 677607.0008410007, 730962.5451464981, 721601.1065041953, 695965.2016274963, 679608.9604111967, 704012.4295866038, 655524.5838107979, 716860.3798908013, 722315.7025741076, 699872.1858327021, 679611.9454342023, 654788.2244400998, 690613.8706187012, 695402.8040499992, 689973.901839899]
Noised Result
[-275.7986844620268, 356.02111674186017, -875.0355960951952, -584.5754455799993, 18627.673379514308, -875.3143420756105, -960.2610974042173, -1692.226280056946, -973.4474462746034, -917.4780255001833, -302.0023815732882, -1067.393098019018, -103.741710500404, 36844.28797882449, -736.9238417365509, 8963.373938501318, -1457.2741166652645, -856.2706584480156, -747.4883742603238, -591.8502379613037, -796.561475596443, -1099.5974329518745, -817.838880633044, -1012.2562111216894, -1087.7098776770958]
Time
12.369849443435669
The result for the 18th execution is
Query Result
[673644.8548081972, 755865.8179195946, 710571.1556705022, 732951.304704802, 675363.7989974997, 715596.0604892987, 636246.9610213971, 652590.4343335009, 718304.1935096001, 713230.7742953991, 677607.0008410007, 730962.5451464981, 721601.1065041953, 695965.2016274963, 679608.9604111967, 704012.4295866038, 655524.5838107979, 716860.3798908013, 722315.7025741076, 699872.1858327021, 679611.9454342023, 654788.2244400998, 690613.8706187012, 695402.8040499992, 689973.901839899]
Noised Result
[-824.8532583661618, 63707.40662303736, -988.3443262934888, -481.7869205138991, -1006.9120387016201, -681.6546669000386, -1000.1063697682625, -1144.1196706781157, -826.3698613152314, -1047.582344375437, -3012.8682835273403, -830.6759522188468, 266438.72516502906, -1051.664881817011, 844.3809511592481, -375.10146709007495, 7448729.818093783, -789.2961356778574, -1356.3384336705794, 5164.274762680838, 707.6926992969165, -1081.2702125021606, -954.1281956619132, -795.8657815589158, 14402.303895063276]
Time
12.45428204536438
The result for the 19th execution is
Query Result
[673644.8548081972, 755865.8179195946, 710571.1556705022, 732951.304704802, 675363.7989974997, 715596.0604892987, 636246.9610213971, 652590.4343335009, 718304.1935096001, 713230.7742953991, 677607.0008410007, 730962.5451464981, 721601.1065041953, 695965.2016274963, 679608.9604111967, 704012.4295866038, 655524.5838107979, 716860.3798908013, 722315.7025741076, 699872.1858327021, 679611.9454342023, 654788.2244400998, 690613.8706187012, 695402.8040499992, 689973.901839899]
Noised Result
[-949.6009360110197, -1295.403317955751, -816.6732579490836, 56127.88286024524, -2705.5539966253, -1807.1920256080657, -1208.0227688210566, -1409.577614631054, -332.4950567113285, -645.6075356703977, -1078.2450497616019, -1209.7849091790608, -1705.206461047715, -1847.7531133389866, -1037.3618420567418, -1472.380515025572, -1680.0320674336463, -161.78481110360372, 1265.0335428884464, 2770.8964127425934, -825.813012742743, -1259.5767545251506, -883.8177837114013, -1779.3925061898349, 3095.92143990204]
Time
12.489416599273682
