The result for the 0th execution is
Query Result
[178785.7374441998, 174557.9006419002, 181130.7630288004, 178007.17005079967, 178629.31758949996, 183981.52651319987, 179508.7996199997, 182054.26327950045, 178433.18352369996, 180642.11739460056, 178696.36429789953, 179316.70240189988, 181096.2497966003, 180508.6027004996, 182030.6539569999, 184468.80146289954, 180275.23035500004, 179953.9629626, 173598.87351550037, 182313.25241839906, 178368.3961764003, 178718.52346579998, 180338.00750239936, 176499.9877864996, 184757.59741450014, 180573.7660357003, 177992.5390310998, 179124.12054029957, 180323.0249267001, 181473.55916239964, 182039.68933760046, 177833.91269379997, 183240.49122879942, 180618.9906626006, 181229.51971180082, 182358.42777890043, 174869.40165339998, 185311.45806310017, 184284.32333159973, 175125.19995449932, 180636.35561729936, 178430.37718429964, 178886.7568025999, 183465.09969600005, 180332.41804820052, 174354.03241559965, 175975.1614043996, 179908.0860250997, 182143.98752300013, 184142.4632920999]
Noised Result
[12585.754033523459, 13333.90589007808, 11314.837666089297, 6246.81877226309, 9376.2927739788, 28035.57794387164, 35252.29675584259, 8405.245590318118, 10752.505532549658, 27554.503865075516, 22424.24629297186, 8662.061204812948, 9387.26089126023, 17323.195675382653, 15112.26166367458, 6848.974006249307, 29933.7114205017, 44365.33511178808, 13018.22887792786, 7881.066880989136, 16053.125580055508, 15768.908121892571, 14226.534418138486, 17716.341206976474, 50832.23919027927, 22826.76987101906, 13438.183096614299, 11447.343550556572, 24318.3884548613, 20880.23830039431, 47952.762408311886, 29779.314024975407, 23334.79220102991, 10221.848341914461, 20638.335887789886, 52415.31977645887, 33618.60591176989, 25195.636768532262, 12814.624794229603, 20182.54606216668, 9973.134687313723, 4778.356882018274, 9389.570165993951, 13850.865504733178, 9340.294152262253, 11353.915265220196, 10048.814913287322, 14739.99335688931, 3836.617745207641, 19678.188859424517]
Time
6.880526542663574
The result for the 1th execution is
Query Result
[178785.7374441998, 174557.9006419002, 181130.7630288004, 178007.17005079967, 178629.31758949996, 183981.52651319987, 179508.7996199997, 182054.26327950045, 178433.18352369996, 180642.11739460056, 178696.36429789953, 179316.70240189988, 181096.2497966003, 180508.6027004996, 182030.6539569999, 184468.80146289954, 180275.23035500004, 179953.9629626, 173598.87351550037, 182313.25241839906, 178368.3961764003, 178718.52346579998, 180338.00750239936, 176499.9877864996, 184757.59741450014, 180573.7660357003, 177992.5390310998, 179124.12054029957, 180323.0249267001, 181473.55916239964, 182039.68933760046, 177833.91269379997, 183240.49122879942, 180618.9906626006, 181229.51971180082, 182358.42777890043, 174869.40165339998, 185311.45806310017, 184284.32333159973, 175125.19995449932, 180636.35561729936, 178430.37718429964, 178886.7568025999, 183465.09969600005, 180332.41804820052, 174354.03241559965, 175975.1614043996, 179908.0860250997, 182143.98752300013, 184142.4632920999]
Noised Result
[17306.79904040844, 6696.248013131786, 7713.306938589616, 26675.075950042432, 8907.274821533181, 11792.012588420956, 6180.421417095531, 9286.287887474653, 6105.433434840525, 11742.56107680135, 7346.713768571124, 20183.39148081065, 29265.503953362975, 9465.073952805615, 17442.991650798605, 14219.117114079141, 7259.464571146178, 11545.92669074524, 10740.617224959657, 5791.206605933978, 29331.04512238798, 13358.22480090338, 30274.271032377117, 20169.886692988628, 19303.515338611396, 16334.194074575382, 11745.181580719436, 26884.561444406092, 20098.940949865995, 8205.729040496582, 119104.83300793113, 12652.307596640967, 16243.76310200768, 42528.46996830321, 8083.766644653599, 18974.2490191323, 7916.576725159855, 23077.624511625836, 10821.732509549387, 7577.816466899672, 15706.38800956399, 8415.0606371834, 14752.735431168134, 14056.643623026266, 45258.830773979746, 5926494.703070016, 11744.190117572867, 14119.219208492512, 18703.915520747352, 11413.69440826081]
Time
7.006716251373291
The result for the 2th execution is
Query Result
[178785.7374441998, 174557.9006419002, 181130.7630288004, 178007.17005079967, 178629.31758949996, 183981.52651319987, 179508.7996199997, 182054.26327950045, 178433.18352369996, 180642.11739460056, 178696.36429789953, 179316.70240189988, 181096.2497966003, 180508.6027004996, 182030.6539569999, 184468.80146289954, 180275.23035500004, 179953.9629626, 173598.87351550037, 182313.25241839906, 178368.3961764003, 178718.52346579998, 180338.00750239936, 176499.9877864996, 184757.59741450014, 180573.7660357003, 177992.5390310998, 179124.12054029957, 180323.0249267001, 181473.55916239964, 182039.68933760046, 177833.91269379997, 183240.49122879942, 180618.9906626006, 181229.51971180082, 182358.42777890043, 174869.40165339998, 185311.45806310017, 184284.32333159973, 175125.19995449932, 180636.35561729936, 178430.37718429964, 178886.7568025999, 183465.09969600005, 180332.41804820052, 174354.03241559965, 175975.1614043996, 179908.0860250997, 182143.98752300013, 184142.4632920999]
Noised Result
[17667.204457233405, 12688.041512070224, 30333.38351677316, 10721.000655200325, 30953.892330974937, 17138.977564039087, 8345.25788277929, 11755.800501453072, 13911.617784589922, 6197.683501733816, 12242.23901671479, 20813.050557990377, 19948.68701667506, 16327.70948371321, 5630.700252341689, 9164.136411129453, 9398.727237321982, 14776.334317087545, 10763.334764803061, 11362.362067772643, 13086.608187623395, 16779.791553435527, 43908.569071054924, 15207.855432795535, 13613.828209525193, 18093.94254657664, 16732.30558558362, 6672.042698545098, 8153.486433070153, 33004.665023774316, 5506.547683219083, 153399.51895024636, 25936.111509406386, 13666.199893001613, 12327.912305704263, 94523.97997905292, 4526.294898312557, 5919.810744877119, 41753.045845761575, 13270.67937454145, 24425.055229714228, 8082.927883773431, 14199.249604313896, 14347.438622029476, 12861.092301901052, 19195.374281188328, 13187.20617507059, 20825.619295289653, 31994.630905482685, 20977.48738444077]
Time
6.947789430618286
The result for the 3th execution is
Query Result
[178785.7374441998, 174557.9006419002, 181130.7630288004, 178007.17005079967, 178629.31758949996, 183981.52651319987, 179508.7996199997, 182054.26327950045, 178433.18352369996, 180642.11739460056, 178696.36429789953, 179316.70240189988, 181096.2497966003, 180508.6027004996, 182030.6539569999, 184468.80146289954, 180275.23035500004, 179953.9629626, 173598.87351550037, 182313.25241839906, 178368.3961764003, 178718.52346579998, 180338.00750239936, 176499.9877864996, 184757.59741450014, 180573.7660357003, 177992.5390310998, 179124.12054029957, 180323.0249267001, 181473.55916239964, 182039.68933760046, 177833.91269379997, 183240.49122879942, 180618.9906626006, 181229.51971180082, 182358.42777890043, 174869.40165339998, 185311.45806310017, 184284.32333159973, 175125.19995449932, 180636.35561729936, 178430.37718429964, 178886.7568025999, 183465.09969600005, 180332.41804820052, 174354.03241559965, 175975.1614043996, 179908.0860250997, 182143.98752300013, 184142.4632920999]
Noised Result
[23348.03937590342, 9648.529478325261, 23796.05480052862, 7026.942245435355, 3962.195908109992, 14442.447081587565, 56543.09437809026, 22164.942761234386, 7362.755143960247, 12733.005743750648, 12841.501913724554, 49119.734548057226, 14167.488664489661, 6903.038191674757, 54483.24534428504, 46473.93830446414, 12694.72617648376, 21956.39584955327, 24584.343186737824, 21002.052818429074, 21427.46017536197, 17977.586068038196, 11989.625809946068, 16157.896410752124, 15867.346780550703, 11986.33649540323, 33638.35460809586, 8339.316406197839, 26641.131896714985, 27419.120235042814, 24344.016714409052, 28437.418201613895, 10376.706205468588, 10225.075289381726, 19556.893032421853, 8111.916045149395, 14451.553482442498, 17572.959484981802, 5265.493236704386, 22478.192838927076, 17968.619312339833, 7103.266300150237, 18246.288125943334, 9059.871452019197, 35065.10403683616, 8583.194477154662, 8294.551262017885, 10261.242174739753, 10939.124109260683, 16974.421304595555]
Time
6.922727584838867
The result for the 4th execution is
Query Result
[178785.7374441998, 174557.9006419002, 181130.7630288004, 178007.17005079967, 178629.31758949996, 183981.52651319987, 179508.7996199997, 182054.26327950045, 178433.18352369996, 180642.11739460056, 178696.36429789953, 179316.70240189988, 181096.2497966003, 180508.6027004996, 182030.6539569999, 184468.80146289954, 180275.23035500004, 179953.9629626, 173598.87351550037, 182313.25241839906, 178368.3961764003, 178718.52346579998, 180338.00750239936, 176499.9877864996, 184757.59741450014, 180573.7660357003, 177992.5390310998, 179124.12054029957, 180323.0249267001, 181473.55916239964, 182039.68933760046, 177833.91269379997, 183240.49122879942, 180618.9906626006, 181229.51971180082, 182358.42777890043, 174869.40165339998, 185311.45806310017, 184284.32333159973, 175125.19995449932, 180636.35561729936, 178430.37718429964, 178886.7568025999, 183465.09969600005, 180332.41804820052, 174354.03241559965, 175975.1614043996, 179908.0860250997, 182143.98752300013, 184142.4632920999]
Noised Result
[9557.012304442484, 16284.50773140751, 11040.493399481136, 17256.40861020358, 3624.8938353662506, 36832.37313153187, 18595.367163260118, 8814.32540712511, 31457.122792412447, 14977.383126571483, 31525.509124296223, 45274.641933479536, 22020.40397750339, 11137.883768884829, 12173.8040955986, 23527.318120249067, 16245.887989957286, 10150.195395113296, 6572.238214539735, 34925.2722373281, 19076.50439130116, 35112.92786069728, 19392.819512264083, 16531.026424999414, 9789.487391274357, 22901.489559015536, 24396.35335899958, 11924.015355719202, 9065.989039286724, 16231.774151764257, 10173.494610535949, 7153.253530615824, 9847.022032525714, 14606.286472509208, 11688.166056642236, 10403.180701737969, 12397.40697715132, 19066.96989546065, 10403.813147049343, 15513.246110932429, 7165.739051214106, 10335.791750077391, 65745.68356960482, 22662.589328340473, 10674.304906699479, 3343.0921059509838, 11163.898464221522, 4220.98658539353, 22677.397412508595, 7759.521525931996]
Time
6.999637126922607
The result for the 5th execution is
Query Result
[178785.7374441998, 174557.9006419002, 181130.7630288004, 178007.17005079967, 178629.31758949996, 183981.52651319987, 179508.7996199997, 182054.26327950045, 178433.18352369996, 180642.11739460056, 178696.36429789953, 179316.70240189988, 181096.2497966003, 180508.6027004996, 182030.6539569999, 184468.80146289954, 180275.23035500004, 179953.9629626, 173598.87351550037, 182313.25241839906, 178368.3961764003, 178718.52346579998, 180338.00750239936, 176499.9877864996, 184757.59741450014, 180573.7660357003, 177992.5390310998, 179124.12054029957, 180323.0249267001, 181473.55916239964, 182039.68933760046, 177833.91269379997, 183240.49122879942, 180618.9906626006, 181229.51971180082, 182358.42777890043, 174869.40165339998, 185311.45806310017, 184284.32333159973, 175125.19995449932, 180636.35561729936, 178430.37718429964, 178886.7568025999, 183465.09969600005, 180332.41804820052, 174354.03241559965, 175975.1614043996, 179908.0860250997, 182143.98752300013, 184142.4632920999]
Noised Result
[12556.459055325962, 9496.527725050837, 11818.26454151758, 10469.581678441966, 16322.717042793884, 8025.885750486614, 28887.165609711752, 15265.642370613881, 16726.963646195945, 10336.749272224399, 24384.149434177918, 11167.791065392812, 7564.412331031639, 22426.481301371066, 17200.198130758377, 33997.3525022854, 23679.504935446326, 10066.66155426659, 6571.250962497448, 15626.987159649623, 7235.871274756384, 11359.13217674724, 4225.131506218895, 4084.166913683177, 13833.411919087957, 10280.597705229877, 11387.091305919275, 14863.338503144252, 9772.14414539843, 8683.744916852593, 17549.30387882809, 11664.914999634551, 11303.552712966324, 22214.02463195572, 11290.70010410763, 11569.656542210389, 17791.82241287196, 14537.5640627697, 16167.40662892435, 31603.918953314715, 11844.642369586, 8456.170726893746, 14901.22058089453, 23050.51630428739, 6023.212790202397, 10810.171818429175, 9269.359228054767, 16939.463493425057, 13711.113470168828, 30076.613985586708]
Time
6.953866243362427
The result for the 6th execution is
Query Result
[178785.7374441998, 174557.9006419002, 181130.7630288004, 178007.17005079967, 178629.31758949996, 183981.52651319987, 179508.7996199997, 182054.26327950045, 178433.18352369996, 180642.11739460056, 178696.36429789953, 179316.70240189988, 181096.2497966003, 180508.6027004996, 182030.6539569999, 184468.80146289954, 180275.23035500004, 179953.9629626, 173598.87351550037, 182313.25241839906, 178368.3961764003, 178718.52346579998, 180338.00750239936, 176499.9877864996, 184757.59741450014, 180573.7660357003, 177992.5390310998, 179124.12054029957, 180323.0249267001, 181473.55916239964, 182039.68933760046, 177833.91269379997, 183240.49122879942, 180618.9906626006, 181229.51971180082, 182358.42777890043, 174869.40165339998, 185311.45806310017, 184284.32333159973, 175125.19995449932, 180636.35561729936, 178430.37718429964, 178886.7568025999, 183465.09969600005, 180332.41804820052, 174354.03241559965, 175975.1614043996, 179908.0860250997, 182143.98752300013, 184142.4632920999]
Noised Result
[3295.1890882290245, 7220.312639887583, 23051.220709814937, 10385.15811371198, 17512.208677721443, 15984.749610748448, 18211.91818902969, 20421.47067157706, 9353.151745767282, 15648.975572569892, 10782.723008851863, 5573.966107116004, 11164.917412331459, 13120.651532485346, 20581.16709298588, 15401.789588053529, 17657.5676071504, 12607.513761737893, 15950.865826729809, 16866.418107366742, 8297.984041308344, 22178.484819506804, 20377.644106186628, 6752.933158196727, 40885.04304376023, 15664.098335343304, 11264.317978860301, 7993.05929818708, 27266.760721863204, 28671.483830166908, 13447.88857823675, 9500.39369373666, 26678.289823340427, 8390.779249574389, 16092.007561899729, 10927.401585778447, 14288.0508923339, 32982.46141607524, 7769.827262253013, 11272.193486967946, 19150.41545278704, 16376.567534852184, 17979.710299730374, 31170.464990065928, 19278.011763100563, 13664.583948722044, 4733.3599389792, 14088.039641523945, 10112.581815714046, 18733.643560657096]
Time
6.932513475418091
The result for the 7th execution is
Query Result
[178785.7374441998, 174557.9006419002, 181130.7630288004, 178007.17005079967, 178629.31758949996, 183981.52651319987, 179508.7996199997, 182054.26327950045, 178433.18352369996, 180642.11739460056, 178696.36429789953, 179316.70240189988, 181096.2497966003, 180508.6027004996, 182030.6539569999, 184468.80146289954, 180275.23035500004, 179953.9629626, 173598.87351550037, 182313.25241839906, 178368.3961764003, 178718.52346579998, 180338.00750239936, 176499.9877864996, 184757.59741450014, 180573.7660357003, 177992.5390310998, 179124.12054029957, 180323.0249267001, 181473.55916239964, 182039.68933760046, 177833.91269379997, 183240.49122879942, 180618.9906626006, 181229.51971180082, 182358.42777890043, 174869.40165339998, 185311.45806310017, 184284.32333159973, 175125.19995449932, 180636.35561729936, 178430.37718429964, 178886.7568025999, 183465.09969600005, 180332.41804820052, 174354.03241559965, 175975.1614043996, 179908.0860250997, 182143.98752300013, 184142.4632920999]
Noised Result
[10525.561071054544, 9045.479223950322, 16459.354796725747, 32330.117935736984, 35509.32809925313, 20285.716214173735, 9593.487826236269, 10360.43265147887, 9683.790040141153, 12563.515999474013, 13535.28705897861, 11202.452910650842, 42029.623568020266, 9034.077370567153, 18609.660866048813, 13138.087647145876, 12331.437771335419, 20995.312168851335, 28251.671254277142, 14848.803898995502, 11808.802108139389, 9736.224691200492, 4343.329488798749, 11245.92826749348, 17155.670593970463, 12677.354839504129, 29718.50729684167, 7406.504102010422, 17676.567477433855, 29545.184062950277, 10352.885527333405, 11502.192474444106, 17489.659861190157, 18328.95800580905, 12098.915478710995, 57100.10990939179, 13775.176455156325, 10305.73841788639, 7783.153576174969, 10872.936829939594, 19729.096993831794, 12961.592159700627, 10594.190786348758, 14444.132702430783, 22100.725077906056, 20162.897340843992, 13210.50393479102, 18654.287129595963, 14404.952503379056, 7576.584393588324]
Time
6.911222696304321
The result for the 8th execution is
Query Result
[178785.7374441998, 174557.9006419002, 181130.7630288004, 178007.17005079967, 178629.31758949996, 183981.52651319987, 179508.7996199997, 182054.26327950045, 178433.18352369996, 180642.11739460056, 178696.36429789953, 179316.70240189988, 181096.2497966003, 180508.6027004996, 182030.6539569999, 184468.80146289954, 180275.23035500004, 179953.9629626, 173598.87351550037, 182313.25241839906, 178368.3961764003, 178718.52346579998, 180338.00750239936, 176499.9877864996, 184757.59741450014, 180573.7660357003, 177992.5390310998, 179124.12054029957, 180323.0249267001, 181473.55916239964, 182039.68933760046, 177833.91269379997, 183240.49122879942, 180618.9906626006, 181229.51971180082, 182358.42777890043, 174869.40165339998, 185311.45806310017, 184284.32333159973, 175125.19995449932, 180636.35561729936, 178430.37718429964, 178886.7568025999, 183465.09969600005, 180332.41804820052, 174354.03241559965, 175975.1614043996, 179908.0860250997, 182143.98752300013, 184142.4632920999]
Noised Result
[9745.64889755509, 5841.213063044874, 26518.526986485696, 9655.909803809689, 13167.968337427847, 14412.745512075344, 9924.857123394962, 18457.744603618412, 9035.58619451736, 19488.02876116005, 12619.95299046475, 19595.826006692943, 26503.53622130101, 2687.09865307323, 8325.986481064134, 27978.16556472583, 7466.868774171009, 5772.423229301279, 10118.306061890318, 9500.71130970087, 14437.779938257037, 23548.772986528886, 9587.692936875137, 35014.967296413524, 12430.645777788428, 10651.599060802328, 26089.746866756584, 6342.52156469725, 6447.237226847206, 15610.682125866919, 20290.43642571615, 15307.493340411234, 11396.89193564019, 9586.438361592947, 12702.115465055307, 10975.89974885822, 11096.54367359027, 16888.944298065224, 36880.91691205412, 7515.638409249586, 27564.601508410575, 9871.48425884204, 6247.160707247631, 10629.13063007086, 6493.268845534789, 36242.80117085409, 10511.906555757996, 11278.667099291342, 10445.005621139928, 23785.750718130817]
Time
6.8348548412323
The result for the 9th execution is
Query Result
[178785.7374441998, 174557.9006419002, 181130.7630288004, 178007.17005079967, 178629.31758949996, 183981.52651319987, 179508.7996199997, 182054.26327950045, 178433.18352369996, 180642.11739460056, 178696.36429789953, 179316.70240189988, 181096.2497966003, 180508.6027004996, 182030.6539569999, 184468.80146289954, 180275.23035500004, 179953.9629626, 173598.87351550037, 182313.25241839906, 178368.3961764003, 178718.52346579998, 180338.00750239936, 176499.9877864996, 184757.59741450014, 180573.7660357003, 177992.5390310998, 179124.12054029957, 180323.0249267001, 181473.55916239964, 182039.68933760046, 177833.91269379997, 183240.49122879942, 180618.9906626006, 181229.51971180082, 182358.42777890043, 174869.40165339998, 185311.45806310017, 184284.32333159973, 175125.19995449932, 180636.35561729936, 178430.37718429964, 178886.7568025999, 183465.09969600005, 180332.41804820052, 174354.03241559965, 175975.1614043996, 179908.0860250997, 182143.98752300013, 184142.4632920999]
Noised Result
[26769.481780331043, 3147.5342292816567, 9005.732792269519, 9629.234512562107, 46574.904727112604, 19406.046270247127, 33258.89924652655, 135991.52678356293, 14309.570690968161, 8687.360935076547, 23198.759418022164, 10134.020945375676, 8300.605151399446, 18325.10674040926, 20466.6351055798, 20146.137885383665, 52014.672653878675, 12464.595196398537, 32066.20218054291, 20387.016841077522, 16214.01401672959, 9999.550841425553, 7918.441735683868, 33014.854683637546, 8210.678073620838, 22323.281236211726, 13179.511924242906, 7189.077737518459, 13331.49111930895, 7618.902548382954, 34488.05288705144, 26637.93896303887, 10627.328949508279, 26625.434896036895, 8255.189697378488, 10902.525321827663, 19060.362098746773, 22653.38417634672, 4826.773701011312, 14636.615813933262, 11954.121086498948, 19794.49024844612, 14353.896216325447, 16012.63486616566, 12256.371662946174, 11535.886642416794, 9115.594511226507, 7904.330294281011, 20720.45263923444, 8990.039086389475]
Time
6.930542469024658
The result for the 10th execution is
Query Result
[178785.7374441998, 174557.9006419002, 181130.7630288004, 178007.17005079967, 178629.31758949996, 183981.52651319987, 179508.7996199997, 182054.26327950045, 178433.18352369996, 180642.11739460056, 178696.36429789953, 179316.70240189988, 181096.2497966003, 180508.6027004996, 182030.6539569999, 184468.80146289954, 180275.23035500004, 179953.9629626, 173598.87351550037, 182313.25241839906, 178368.3961764003, 178718.52346579998, 180338.00750239936, 176499.9877864996, 184757.59741450014, 180573.7660357003, 177992.5390310998, 179124.12054029957, 180323.0249267001, 181473.55916239964, 182039.68933760046, 177833.91269379997, 183240.49122879942, 180618.9906626006, 181229.51971180082, 182358.42777890043, 174869.40165339998, 185311.45806310017, 184284.32333159973, 175125.19995449932, 180636.35561729936, 178430.37718429964, 178886.7568025999, 183465.09969600005, 180332.41804820052, 174354.03241559965, 175975.1614043996, 179908.0860250997, 182143.98752300013, 184142.4632920999]
Noised Result
[9794.303244183786, 6327.306011119759, 25443.642346726774, 22778.09191558024, 13268.865148863195, 10272.860254239655, 7538.5333168268735, 22204.685694279266, 62158.043629487, 7359.03367430127, 9335.617900964644, 17099.80481348061, 12287.386119421244, 25395.71516159334, 16025.46319784008, 29719.53420837941, 10839.168605292143, 12537.749804793188, 37147.85255795496, 12961.26548949437, 25195.23646646377, 14767.82973872831, 13340.467166575843, 7500.854958802443, 29613.43003191208, 13165.38292849544, 3230.8247449817627, 10828.597460140933, 19686.673610620615, 8546.245378772885, 11265.179894950437, 10378.429322035256, 20131.60716531743, 15962.695253580037, 20982.282912724928, 26622.218832279672, 17633.82863433221, 24562.71206477059, 12078.514214275972, 14028.339808233533, 17026.383363887682, 7269.044521752527, 8927.428017269878, 57140.82536325944, 8241.108329318311, 11548.261244925474, 18077.22951370872, 15734.51180339021, 22241.113564865635, 14520.993971584889]
Time
6.900305986404419
The result for the 11th execution is
Query Result
[178785.7374441998, 174557.9006419002, 181130.7630288004, 178007.17005079967, 178629.31758949996, 183981.52651319987, 179508.7996199997, 182054.26327950045, 178433.18352369996, 180642.11739460056, 178696.36429789953, 179316.70240189988, 181096.2497966003, 180508.6027004996, 182030.6539569999, 184468.80146289954, 180275.23035500004, 179953.9629626, 173598.87351550037, 182313.25241839906, 178368.3961764003, 178718.52346579998, 180338.00750239936, 176499.9877864996, 184757.59741450014, 180573.7660357003, 177992.5390310998, 179124.12054029957, 180323.0249267001, 181473.55916239964, 182039.68933760046, 177833.91269379997, 183240.49122879942, 180618.9906626006, 181229.51971180082, 182358.42777890043, 174869.40165339998, 185311.45806310017, 184284.32333159973, 175125.19995449932, 180636.35561729936, 178430.37718429964, 178886.7568025999, 183465.09969600005, 180332.41804820052, 174354.03241559965, 175975.1614043996, 179908.0860250997, 182143.98752300013, 184142.4632920999]
Noised Result
[15197.449838906916, 6630.225970326195, 11805.079968603219, 14593.482555194485, 11211.767036355974, 10743.884871493021, 9752.822267625175, 13697.308357593181, 13231.999987684612, 21518.60370132087, 7422.139830651868, 16487.71340464471, 22042.798322945833, 15083.247527059459, 14661.341705224426, 47264.162694201616, 11434.807322173627, 9704.204013181428, 13088.798628242374, 13071.917389043563, 7713.731664761661, 11607.432721758982, 37833.64118050202, 12467.305697476084, 6385.360949656901, 19553.43580697094, 16359.07768077524, 8434.037696410101, 7411.757867814715, 14026.22152939024, 5948.387545233265, 38157.92482069634, 17109.5208200872, 12469.712034996228, 20224.696479320308, 9212.90204142427, 23779.757751351128, 10202.049859300627, 25667.610824350937, 12481.281546339516, 3742.703808205748, 9104.803571093791, 12018.81829922201, 8647.633354332742, 15080.464456137895, 36715.59207115689, 14059.616651346616, 19887.679811154492, 18686.38846014646, 9277.442762051407]
Time
6.876457929611206
The result for the 12th execution is
Query Result
[178785.7374441998, 174557.9006419002, 181130.7630288004, 178007.17005079967, 178629.31758949996, 183981.52651319987, 179508.7996199997, 182054.26327950045, 178433.18352369996, 180642.11739460056, 178696.36429789953, 179316.70240189988, 181096.2497966003, 180508.6027004996, 182030.6539569999, 184468.80146289954, 180275.23035500004, 179953.9629626, 173598.87351550037, 182313.25241839906, 178368.3961764003, 178718.52346579998, 180338.00750239936, 176499.9877864996, 184757.59741450014, 180573.7660357003, 177992.5390310998, 179124.12054029957, 180323.0249267001, 181473.55916239964, 182039.68933760046, 177833.91269379997, 183240.49122879942, 180618.9906626006, 181229.51971180082, 182358.42777890043, 174869.40165339998, 185311.45806310017, 184284.32333159973, 175125.19995449932, 180636.35561729936, 178430.37718429964, 178886.7568025999, 183465.09969600005, 180332.41804820052, 174354.03241559965, 175975.1614043996, 179908.0860250997, 182143.98752300013, 184142.4632920999]
Noised Result
[75909.68608010796, 15581.022930868829, 11686.163115284842, 15561.053031850988, 12389.348635520117, 12049.79012780836, 33616.10783809106, 30461.64095578395, 12389.02500227806, 41900.34341509601, 11726.526617717038, 12389.773503688077, 8424.189187897297, 7826.5979505981595, 13964.600148111269, 25189.834000021132, 5815.046622154521, 19607.471307568245, 12447.879347476388, 7043.606905568788, 38874.84630547775, 8115.088405317576, 13050.543534366821, 12310.834612211263, 17187.555846944117, 13623.995849439176, 11270.675761047503, 7376.897307276093, 24881.42983340507, 10773.659623109896, 12639.693908460475, 19720.035047289843, 8756.584587848862, 7691.607108818422, 38939.321451084725, 23852.79793069772, 22725.790333696626, 7367.573018420382, 12888.942258912175, 7236.862381281298, 22452.850974819412, 11556.488301919504, 7876.428887818238, 17164.29827513559, 9852.397050517131, 30109.892402599406, 10572.578094540972, 30756.74364142675, 9672.713146961985, 7330.806643976248]
Time
7.058924198150635
The result for the 13th execution is
Query Result
[178785.7374441998, 174557.9006419002, 181130.7630288004, 178007.17005079967, 178629.31758949996, 183981.52651319987, 179508.7996199997, 182054.26327950045, 178433.18352369996, 180642.11739460056, 178696.36429789953, 179316.70240189988, 181096.2497966003, 180508.6027004996, 182030.6539569999, 184468.80146289954, 180275.23035500004, 179953.9629626, 173598.87351550037, 182313.25241839906, 178368.3961764003, 178718.52346579998, 180338.00750239936, 176499.9877864996, 184757.59741450014, 180573.7660357003, 177992.5390310998, 179124.12054029957, 180323.0249267001, 181473.55916239964, 182039.68933760046, 177833.91269379997, 183240.49122879942, 180618.9906626006, 181229.51971180082, 182358.42777890043, 174869.40165339998, 185311.45806310017, 184284.32333159973, 175125.19995449932, 180636.35561729936, 178430.37718429964, 178886.7568025999, 183465.09969600005, 180332.41804820052, 174354.03241559965, 175975.1614043996, 179908.0860250997, 182143.98752300013, 184142.4632920999]
Noised Result
[11897.277768079264, 3802.4864783489757, 10205.830240939657, 9668.886775619867, 12202.565399431736, 11685.244373664304, 26445.734479011262, 15590.231579655898, 9917.215547326072, 8169.5609369356025, 22356.603013586107, 6885.895445032998, 27731.397009023924, 15698.827104151613, 16903.287767233327, 19983.863384848213, 11192.855833287256, 31043.262958533203, 11931.85092331762, 16454.728506889565, 9109.260905691302, 9529.916332667672, 40493.61014667043, 32767.35995807767, 10193.87813683971, 20154.495797893796, 36814.2671238317, 18657.642084620376, 19501.137399156833, 13258.349243274213, 14538.661741793767, 14956.206707286008, 15700.83739530042, 10197.1694725126, 25036.476125379122, 29421.077454039856, 9886.489128627909, 21152.165301902234, 15214.59821719816, 25447.446692297308, 7023.372614589582, 12657.666591968537, 14427.208216157887, 27821.013427147904, 11904.7941014288, 16461.588936608918, 58764.95041342987, 13194.55695873838, 8991.537028065184, 8256.930762614087]
Time
6.89122200012207
The result for the 14th execution is
Query Result
[178785.7374441998, 174557.9006419002, 181130.7630288004, 178007.17005079967, 178629.31758949996, 183981.52651319987, 179508.7996199997, 182054.26327950045, 178433.18352369996, 180642.11739460056, 178696.36429789953, 179316.70240189988, 181096.2497966003, 180508.6027004996, 182030.6539569999, 184468.80146289954, 180275.23035500004, 179953.9629626, 173598.87351550037, 182313.25241839906, 178368.3961764003, 178718.52346579998, 180338.00750239936, 176499.9877864996, 184757.59741450014, 180573.7660357003, 177992.5390310998, 179124.12054029957, 180323.0249267001, 181473.55916239964, 182039.68933760046, 177833.91269379997, 183240.49122879942, 180618.9906626006, 181229.51971180082, 182358.42777890043, 174869.40165339998, 185311.45806310017, 184284.32333159973, 175125.19995449932, 180636.35561729936, 178430.37718429964, 178886.7568025999, 183465.09969600005, 180332.41804820052, 174354.03241559965, 175975.1614043996, 179908.0860250997, 182143.98752300013, 184142.4632920999]
Noised Result
[28327.40828976204, 23084.4535952616, 11179.864559805254, 18824.716210857878, 5668.14032369099, 20470.777155261312, 14670.567589846985, 9636.12070398892, 9644.151961071475, 14232.809008600394, 15462.35984888507, 26480.554024533936, 15732.44900498724, 49138.9043597798, 10118.189037619079, 37463.622945115145, 11233.854511983227, 10962.654995872479, 11296.48951907819, 13121.747903876007, 13113.85616923352, 7499.022640323936, 11483.409825575589, 19226.622401352106, 8979.639623826966, 14940.957150688911, 10095.228579593619, 13276.274854080213, 9307.97447644957, 10797.226790770314, 7842.953423790354, 18732.48285103336, 9331.916432680868, 17266.21904019863, 8760.82781237426, 15084.367193214093, 15293.35286197225, 29834.17104697437, 13340.791977578105, 5845.316846385118, 84888.93562535653, 12042.83040126264, 8001.024437614797, 17471.809733586684, 33684.890827980955, 9454.476491598653, 19078.151399213508, 7799.912312470347, 9123.314316418218, 22491.36356552021]
Time
6.945247650146484
The result for the 15th execution is
Query Result
[178785.7374441998, 174557.9006419002, 181130.7630288004, 178007.17005079967, 178629.31758949996, 183981.52651319987, 179508.7996199997, 182054.26327950045, 178433.18352369996, 180642.11739460056, 178696.36429789953, 179316.70240189988, 181096.2497966003, 180508.6027004996, 182030.6539569999, 184468.80146289954, 180275.23035500004, 179953.9629626, 173598.87351550037, 182313.25241839906, 178368.3961764003, 178718.52346579998, 180338.00750239936, 176499.9877864996, 184757.59741450014, 180573.7660357003, 177992.5390310998, 179124.12054029957, 180323.0249267001, 181473.55916239964, 182039.68933760046, 177833.91269379997, 183240.49122879942, 180618.9906626006, 181229.51971180082, 182358.42777890043, 174869.40165339998, 185311.45806310017, 184284.32333159973, 175125.19995449932, 180636.35561729936, 178430.37718429964, 178886.7568025999, 183465.09969600005, 180332.41804820052, 174354.03241559965, 175975.1614043996, 179908.0860250997, 182143.98752300013, 184142.4632920999]
Noised Result
[17383.072897645878, 17309.57352605671, 10512.303592733086, 8980.652640164302, 12735.248274718353, 9724.21248748056, 19081.763529530028, 17472.217487672897, 13038.19876970561, 14627.5417524218, 10731.097006952143, 8319.157826119637, 8518.963628975216, 41732.361801164356, 9553.64684179287, 31387.825601730525, 15968.52584450625, 9117.518908580409, 15733.534557523053, 17309.085745312812, 15877.451887445728, 17877.099208670646, 44920.82202561725, 14370.218176977854, 21253.539394065163, 8637.438601290392, 8032.040619377542, 15506.951009520402, 24068.53617202783, 5197.580839536418, 22283.325331248125, 13746.224264495555, 127653.60967650841, 8327.875131099318, 8139.7621761931805, 7199.921422362746, 10310.263919870442, 13802.894071810173, 24462.437448046432, 5719.991504378526, 32721.71081485311, 4544.827376730216, 7537.592696058455, 35312.96203721018, 16653.04567263185, 13771.506800957257, 28586.14812778763, 14780.186474225484, 11758.697101274494, 11138.943481839975]
Time
6.970361232757568
The result for the 16th execution is
Query Result
[178785.7374441998, 174557.9006419002, 181130.7630288004, 178007.17005079967, 178629.31758949996, 183981.52651319987, 179508.7996199997, 182054.26327950045, 178433.18352369996, 180642.11739460056, 178696.36429789953, 179316.70240189988, 181096.2497966003, 180508.6027004996, 182030.6539569999, 184468.80146289954, 180275.23035500004, 179953.9629626, 173598.87351550037, 182313.25241839906, 178368.3961764003, 178718.52346579998, 180338.00750239936, 176499.9877864996, 184757.59741450014, 180573.7660357003, 177992.5390310998, 179124.12054029957, 180323.0249267001, 181473.55916239964, 182039.68933760046, 177833.91269379997, 183240.49122879942, 180618.9906626006, 181229.51971180082, 182358.42777890043, 174869.40165339998, 185311.45806310017, 184284.32333159973, 175125.19995449932, 180636.35561729936, 178430.37718429964, 178886.7568025999, 183465.09969600005, 180332.41804820052, 174354.03241559965, 175975.1614043996, 179908.0860250997, 182143.98752300013, 184142.4632920999]
Noised Result
[11668.706883211402, 20108.674407089333, 20746.87028788367, 6811.1582162915365, 29841.573374528365, 11595.246375063492, 12419.963027282764, 22788.46612833877, 24991.9899061256, 21614.10473672826, 7829.705666708338, 14074.164406483324, 24972.534723770703, 7559.526677148304, 9874.103897873356, 11709.640789258126, 13154.354604137123, 8374.32177439124, 8738.621715393048, 17556.477958191463, 25842.786706357932, 15213.897957006491, 13387.036959224883, 19416.75816323547, 13738.065905027783, 22301.51183796092, 15424.325449617143, 23265.8887426195, 32156.25628976444, 10227.404827943508, 13811.316337971235, 19828.69177742704, 21817.02425740633, 15545.082905554445, 39680.1478641869, 57840.49170505423, 8882.026318121141, 17303.614060216445, 48160.20466138728, 10657.88567033402, 21237.987747941814, 15929.453730956957, 21821.035643817988, 15520.355724381472, 9626.557319446903, 13523.968687471948, 11438.658188532725, 10503.983370313894, 8768.454349278829, 8036.958957496809]
Time
6.916200876235962
The result for the 17th execution is
Query Result
[178785.7374441998, 174557.9006419002, 181130.7630288004, 178007.17005079967, 178629.31758949996, 183981.52651319987, 179508.7996199997, 182054.26327950045, 178433.18352369996, 180642.11739460056, 178696.36429789953, 179316.70240189988, 181096.2497966003, 180508.6027004996, 182030.6539569999, 184468.80146289954, 180275.23035500004, 179953.9629626, 173598.87351550037, 182313.25241839906, 178368.3961764003, 178718.52346579998, 180338.00750239936, 176499.9877864996, 184757.59741450014, 180573.7660357003, 177992.5390310998, 179124.12054029957, 180323.0249267001, 181473.55916239964, 182039.68933760046, 177833.91269379997, 183240.49122879942, 180618.9906626006, 181229.51971180082, 182358.42777890043, 174869.40165339998, 185311.45806310017, 184284.32333159973, 175125.19995449932, 180636.35561729936, 178430.37718429964, 178886.7568025999, 183465.09969600005, 180332.41804820052, 174354.03241559965, 175975.1614043996, 179908.0860250997, 182143.98752300013, 184142.4632920999]
Noised Result
[23047.527214652197, 36341.61656965912, 12051.93604858777, 4110.3638594591375, 14461.85289908918, 20617.247800421508, 11178.641855874375, 18897.889819781813, 7196.076847431934, 6910.858277516767, 27894.174839223924, 21541.37031159224, 19004.249928833204, 13678.026140043803, 20802.49056518494, 15714.483028191782, 11506.092971514205, 13330.943318377278, 11907.259328725253, 11428.758729759847, 24675.89296064272, 12807.003997010986, 13223.804798401361, 7624.573624554596, 16740.566455338747, 7627.610159347758, 15428.436271537299, 12470.964221364084, 21329.188649453798, 11093.62864099367, 8525.113151661317, 9681.90428039063, 13130.702584414408, 27633.05984046156, 16790.45734962287, 13996.763923681538, 11989.004234946638, 18469.417791574662, 22972.70448655277, 8423.390680999502, 12330.345675988923, 26082.97424705849, 13170.157750402745, 17530.114138373625, 16107.205152905415, 30412.935468876327, 19137.214211471495, 34305.53977727254, 9926.667873669474, 12585.558481601896]
Time
6.938618898391724
The result for the 18th execution is
Query Result
[178785.7374441998, 174557.9006419002, 181130.7630288004, 178007.17005079967, 178629.31758949996, 183981.52651319987, 179508.7996199997, 182054.26327950045, 178433.18352369996, 180642.11739460056, 178696.36429789953, 179316.70240189988, 181096.2497966003, 180508.6027004996, 182030.6539569999, 184468.80146289954, 180275.23035500004, 179953.9629626, 173598.87351550037, 182313.25241839906, 178368.3961764003, 178718.52346579998, 180338.00750239936, 176499.9877864996, 184757.59741450014, 180573.7660357003, 177992.5390310998, 179124.12054029957, 180323.0249267001, 181473.55916239964, 182039.68933760046, 177833.91269379997, 183240.49122879942, 180618.9906626006, 181229.51971180082, 182358.42777890043, 174869.40165339998, 185311.45806310017, 184284.32333159973, 175125.19995449932, 180636.35561729936, 178430.37718429964, 178886.7568025999, 183465.09969600005, 180332.41804820052, 174354.03241559965, 175975.1614043996, 179908.0860250997, 182143.98752300013, 184142.4632920999]
Noised Result
[9062.680596800848, 5656.306141345474, 8283.354485239019, 13198.398390272181, 7503.874207908169, 22983.362425035928, 17512.830551246283, 18774.67503753789, 26395.013658218493, 15676.103943813854, 17705.53243628732, 8123.125809251367, 9352.939531216689, 11922.710473912695, 21542.472993173404, 17073.200462423833, 11074.903103395809, 9007.702352351378, 14670.758566222532, 16762.997909004574, 9566.36025473813, 24427.20450003544, 22680.017235182488, 27446.257252630443, 14297.576196271148, 13221.128644163924, 11169.45738219326, 16669.19658832613, 15308.501922406067, 25051.42530843922, 35649.74221054162, 37538.9256697174, 21049.683774381658, 14438.691390043074, 12722.583082973753, 24761.067072182603, 5456.671869247737, 8121.028732606432, 34472.29591121305, 8957.575059581239, 13811.572556414721, 8333.042882508165, 12437.52410847129, 12296.652179891491, 11640.948180575579, 6801.932381793471, 9564.47815154164, 11180.58196942804, 23293.256019183296, 29550.736971225586]
Time
6.825596809387207
The result for the 19th execution is
Query Result
[178785.7374441998, 174557.9006419002, 181130.7630288004, 178007.17005079967, 178629.31758949996, 183981.52651319987, 179508.7996199997, 182054.26327950045, 178433.18352369996, 180642.11739460056, 178696.36429789953, 179316.70240189988, 181096.2497966003, 180508.6027004996, 182030.6539569999, 184468.80146289954, 180275.23035500004, 179953.9629626, 173598.87351550037, 182313.25241839906, 178368.3961764003, 178718.52346579998, 180338.00750239936, 176499.9877864996, 184757.59741450014, 180573.7660357003, 177992.5390310998, 179124.12054029957, 180323.0249267001, 181473.55916239964, 182039.68933760046, 177833.91269379997, 183240.49122879942, 180618.9906626006, 181229.51971180082, 182358.42777890043, 174869.40165339998, 185311.45806310017, 184284.32333159973, 175125.19995449932, 180636.35561729936, 178430.37718429964, 178886.7568025999, 183465.09969600005, 180332.41804820052, 174354.03241559965, 175975.1614043996, 179908.0860250997, 182143.98752300013, 184142.4632920999]
Noised Result
[7237.546921756912, 8773.540987627479, 26575.633813099957, 9773.123320800485, 9285.231548626762, 21688.459492348877, 6721.6089070389025, 8668.405500174515, 39071.28721428252, 13086.44668000433, 10253.623753639862, 19656.84068792344, 13760.890692062778, 5419.485957442128, 21691.069563435973, 8143.022436410156, 31624.636285218192, 17208.53679445629, 8590.15250350894, 32588.797404612662, 17898.536054864304, 10861.377779262642, 12558.646460995522, 15831.044989405651, 15079.010344417911, 5664.341376338074, 5763.395186629299, 12049.334788696608, 29149.455993422365, 30912.42030128742, 29333.30941174816, 20529.941291017487, 13265.655450451199, 12600.763177753579, 12739.974166752581, 9850.99019069509, 10645.577804092107, 10239.803740585943, 11917.258668754992, 18042.3655173168, 20424.65966463354, 5896.141898758477, 27106.2016364085, 13348.94182730859, 14934.998667104868, 10545.054266171996, 13048.805841208743, 32397.18020691401, 15576.722565730619, 20969.571717316634]
Time
6.992886543273926
