The result for the 0th execution is
Query Result
[6076.0, 6309.0, 6088.0, 6105.0, 6209.0, 6157.0, 6328.0, 6140.0, 6203.0, 6193.0, 6048.0, 6057.0, 6135.0, 6333.0, 6392.0, 6462.0, 6103.0, 6332.0, 6090.0, 6236.0, 6412.0, 6281.0, 6212.0, 6279.0, 6228.0, 6256.0, 6059.0, 6049.0, 6154.0, 6036.0, 6074.0, 6104.0, 6200.0, 6202.0, 6247.0, 6345.0, 6149.0, 5895.0, 6142.0, 6237.0, 6349.0, 6522.0, 6071.0, 6112.0, 6105.0, 6133.0, 6227.0, 6255.0, 6445.0, 6218.0]
Noised Result
[-3141.3635878887508, -3181.71835761883, -3208.092131891196, -3755.0774324078648, -3827.0726030373226, -3471.286328815513, -2406.831121218449, -1457.1268439246978, -2871.58106817749, -3022.9242455138283, -3919.558814613636, -3383.0286806201293, -2762.8530496287985, -3971.252406814916, -3346.518906077992, -2093.4456354222757, -3986.0331267530346, -2817.4444406890543, -2282.252759273859, -2477.532882293209, -2548.7535567693412, -1331.622157774893, -1677.4100338682001, -2176.898019189356, -5463.365617800318, -3010.9919604085626, -2786.846664392535, -2178.4090896294456, -2009.5532276100857, -3101.4001670311172, -2281.2265645865273, -5501.741165995643, -2114.5788262896594, -3979.5997150310322, -2263.5624950804195, -1630.0629809726452, -1544.3759697928308, -2285.238174986577, -1934.6990525804622, -552.6674135654084, -3127.5096709936543, -2918.6736286246614, -1751.0144979771812, -3158.2299560135953, -824.6165375727978, -2934.3789129713205, -1633.3799468714988, -2919.272261992616, -2141.843861911653, -2051.264964648776]
Time
7.470447778701782
The result for the 1th execution is
Query Result
[6076.0, 6309.0, 6088.0, 6105.0, 6209.0, 6157.0, 6328.0, 6140.0, 6203.0, 6193.0, 6048.0, 6057.0, 6135.0, 6333.0, 6392.0, 6462.0, 6103.0, 6332.0, 6090.0, 6236.0, 6412.0, 6281.0, 6212.0, 6279.0, 6228.0, 6256.0, 6059.0, 6049.0, 6154.0, 6036.0, 6074.0, 6104.0, 6200.0, 6202.0, 6247.0, 6345.0, 6149.0, 5895.0, 6142.0, 6237.0, 6349.0, 6522.0, 6071.0, 6112.0, 6105.0, 6133.0, 6227.0, 6255.0, 6445.0, 6218.0]
Noised Result
[-4815.123090512076, -2484.129325735489, -3063.7185621492317, 85.96173727486712, -2979.8708065617475, -2780.181551373744, -1380.3943676615136, -2646.6242110096646, -1704.5272803205871, -2795.9684870663805, -2487.4015811215195, -1946.0126403084405, -2824.985594383039, -1981.4380583165648, -2249.3120146450583, 15560.605078882581, -2241.5139100867027, -2644.107324359138, -2266.58159953809, -2007.514830560187, -3054.9573149875123, -3352.4742400723153, -3067.177282239789, -1647.69133473262, -2538.9203837659315, -2258.0767295801106, -2159.5523566006987, -2493.158550729884, -1741.5441791968206, -2630.533150841351, -2553.9611960716666, -3038.4571347791716, -2946.6437187843912, -810.0131807317657, -1767.279987153347, -2034.615218108378, 5394.065691747352, -2878.5823171963466, -2685.033669295228, -1547.2544404232167, -2320.484956623929, -1924.9981247710693, -2017.4709472239647, -2820.2959116889115, -5464.359475719804, -1788.1006445345556, -2452.6763917707513, -2663.289595558307, -2444.8810317165908, -3072.757530782118]
Time
7.394311428070068
The result for the 2th execution is
Query Result
[6076.0, 6309.0, 6088.0, 6105.0, 6209.0, 6157.0, 6328.0, 6140.0, 6203.0, 6193.0, 6048.0, 6057.0, 6135.0, 6333.0, 6392.0, 6462.0, 6103.0, 6332.0, 6090.0, 6236.0, 6412.0, 6281.0, 6212.0, 6279.0, 6228.0, 6256.0, 6059.0, 6049.0, 6154.0, 6036.0, 6074.0, 6104.0, 6200.0, 6202.0, 6247.0, 6345.0, 6149.0, 5895.0, 6142.0, 6237.0, 6349.0, 6522.0, 6071.0, 6112.0, 6105.0, 6133.0, 6227.0, 6255.0, 6445.0, 6218.0]
Noised Result
[-2615.8334654481805, -6123.4856821667745, -1115.1157646990832, -2827.9246510379617, -5231.328545223623, -2817.7302125090437, -2668.735049085879, -2096.6255249844253, -1818.748039148476, -1645.9704814488987, -3370.7636053092483, -1850.522389069777, -2619.1498148944147, -2652.7393495196466, -1553.8484205888099, -2793.511037286449, 526.8827176783407, -2178.5363534761045, -1670.41210393437, -4558.056403441855, -2812.4135524434078, -2456.4828970883773, -2172.785637121776, -2518.173884052615, -3445.6535985687096, -2124.2720266076776, -3088.514507247839, -2195.752218109734, -2720.9034836206274, -563.0011411289906, -2480.2888796064744, -5971.805972089514, -2813.813594043995, -3185.0940179193813, -3957.582779746026, -3874.082200936309, -2493.8504116311624, -3217.7046285145234, -2402.739746747422, -3170.3474327471613, -3525.6044667407114, -5890.246792902926, -2719.2584670074384, -3266.4424819073174, -3269.661647109937, -1063.851770701911, -3962.386971465916, 1575006.1495934855, -1600.638879095839, -2256.4434449739856]
Time
7.3902363777160645
The result for the 3th execution is
Query Result
[6076.0, 6309.0, 6088.0, 6105.0, 6209.0, 6157.0, 6328.0, 6140.0, 6203.0, 6193.0, 6048.0, 6057.0, 6135.0, 6333.0, 6392.0, 6462.0, 6103.0, 6332.0, 6090.0, 6236.0, 6412.0, 6281.0, 6212.0, 6279.0, 6228.0, 6256.0, 6059.0, 6049.0, 6154.0, 6036.0, 6074.0, 6104.0, 6200.0, 6202.0, 6247.0, 6345.0, 6149.0, 5895.0, 6142.0, 6237.0, 6349.0, 6522.0, 6071.0, 6112.0, 6105.0, 6133.0, 6227.0, 6255.0, 6445.0, 6218.0]
Noised Result
[-2044.3164948043504, -1739.028352114662, -1507.0290514732042, -4971.010498559519, -2820.971299329066, -1367.3639879734437, -1316.7135413617207, -2801.4775839109006, -2190.617177769077, 395.5265857525319, -2793.598763618341, -2670.2781239496117, -2253.5693393924585, -1729.9440653025113, -2741.370218994017, -2141.935334804937, -3656.8194281932374, -3208.010056664217, -2315.968898687529, -1419.3726112699824, -3591.756633378076, -2331.392981516012, -2597.6660311568166, -2954.6319885304238, -2196.877526295043, -2395.35405008598, -447.74994859087656, -452.4972982469608, -2659.7566477686414, -1559.1507502162367, -2259.971291459313, -3581.7706151873226, -4019.79651252459, 480.5144550020759, 1360.0538677935983, -3143.659285118525, -3228.3053627733907, -4979.736758266132, -3435.1419753209357, -2462.1932861430423, -2271.373601975374, -1594.0488574037508, -1424.6469685279026, -2549.9641394772143, -2883.9756870697147, -4413.284577701685, -2148.5186419859165, -2433.740235872736, -723.1918505172289, -3070.691926466954]
Time
7.237045526504517
The result for the 4th execution is
Query Result
[6076.0, 6309.0, 6088.0, 6105.0, 6209.0, 6157.0, 6328.0, 6140.0, 6203.0, 6193.0, 6048.0, 6057.0, 6135.0, 6333.0, 6392.0, 6462.0, 6103.0, 6332.0, 6090.0, 6236.0, 6412.0, 6281.0, 6212.0, 6279.0, 6228.0, 6256.0, 6059.0, 6049.0, 6154.0, 6036.0, 6074.0, 6104.0, 6200.0, 6202.0, 6247.0, 6345.0, 6149.0, 5895.0, 6142.0, 6237.0, 6349.0, 6522.0, 6071.0, 6112.0, 6105.0, 6133.0, 6227.0, 6255.0, 6445.0, 6218.0]
Noised Result
[-2940.133724180755, -4010.3427992948946, -1446.7144622302158, -779.710194799577, -2454.301415240063, -1991.6003579137578, -3115.6528030278096, -3370.647378194024, 4082.166780996329, -4016.0876183666987, -1964.528851147391, -3084.652955049398, -1637.649730252343, -2292.372920713622, -2761.833278375605, -2229.006159317023, -3964.5922877997837, -2507.0220323936983, -2482.6547603416057, -99.8080591072794, -2850.630777178818, -2114.3341174833304, -1439.8365145338448, -3017.282791472562, -1851.687668754309, -2061.4306339949617, -2168.9884914030035, -2484.800065432417, -2071.8788365078517, -2990.0413864413003, -1147.721360030635, 1140.8042043066516, -2836.320522745549, -2874.952246798135, -3330.1503430999883, -3240.149670266689, -3994.9081040397796, -5156.691536716082, -6943.836059200927, -2712.8125823017763, -2666.132905783674, -1961.3720965959865, -3103.64642002447, -1096.9924197879254, -2871.6339213170986, -1495.2445537157673, -5117.688577940358, -2828.793889726602, -2503.307599607315, -3041.246934852932]
Time
7.36346697807312
The result for the 5th execution is
Query Result
[6076.0, 6309.0, 6088.0, 6105.0, 6209.0, 6157.0, 6328.0, 6140.0, 6203.0, 6193.0, 6048.0, 6057.0, 6135.0, 6333.0, 6392.0, 6462.0, 6103.0, 6332.0, 6090.0, 6236.0, 6412.0, 6281.0, 6212.0, 6279.0, 6228.0, 6256.0, 6059.0, 6049.0, 6154.0, 6036.0, 6074.0, 6104.0, 6200.0, 6202.0, 6247.0, 6345.0, 6149.0, 5895.0, 6142.0, 6237.0, 6349.0, 6522.0, 6071.0, 6112.0, 6105.0, 6133.0, 6227.0, 6255.0, 6445.0, 6218.0]
Noised Result
[-2499.796756260981, -3444.773128301873, -2747.9806410534666, -2466.9375645398886, -4690.147841073642, -3243.3082658823078, -2163.070246314315, -3793.3127305466005, -3441.6297852089447, -3755.377368733394, -3050.852153353181, -2643.98512780495, -2388.9796210239138, -2538.727504117229, -1602.865543976135, -2087.0079883178532, -2700.304402584852, -2493.622769667136, -3978.3876994280727, -2849.8787739010468, -2653.134993454838, -113.24381720150632, -709.5901635809405, -3888.389908304507, -2026.0926237367512, -2434.1255578863393, -2871.287974146405, -3678.8870358229597, -3204.2398413521214, -3552.192992412245, -1373.1656637260148, -4216.433567274333, -927.767868429527, -2646.551733574329, -5696.479810004301, -2163.1612396728797, -3650.942374329672, -1172.5351368973243, -3018.7796988278315, -1333.3999935795955, -1829.209561816493, -1915.6585062802633, -2909.4283573689727, -1707.5933915989199, -2130.6644383576268, -4301.207270843728, 458.93769062948286, -3267.497421098862, -4082.2350718031867, -1120.127259743781]
Time
7.266376733779907
The result for the 6th execution is
Query Result
[6076.0, 6309.0, 6088.0, 6105.0, 6209.0, 6157.0, 6328.0, 6140.0, 6203.0, 6193.0, 6048.0, 6057.0, 6135.0, 6333.0, 6392.0, 6462.0, 6103.0, 6332.0, 6090.0, 6236.0, 6412.0, 6281.0, 6212.0, 6279.0, 6228.0, 6256.0, 6059.0, 6049.0, 6154.0, 6036.0, 6074.0, 6104.0, 6200.0, 6202.0, 6247.0, 6345.0, 6149.0, 5895.0, 6142.0, 6237.0, 6349.0, 6522.0, 6071.0, 6112.0, 6105.0, 6133.0, 6227.0, 6255.0, 6445.0, 6218.0]
Noised Result
[-3032.2812135608783, -1843.5672106920338, -5277.792910245917, -2517.8645138544716, -2027.2626347639161, -1273.9651061370732, -2305.388605807054, -2653.3887454277356, -2581.3628745099923, -2779.044193524739, -2928.0582311964863, -2045.1894589689591, -2918.9243687693415, -2638.6929937426385, -4533.707424062019, -3627.126073774387, -2681.8238552880994, -2377.7152866747283, -2281.0640991115615, -2787.4729526929814, -2145.857983595247, -3228.9207677478416, -1961.359782004265, -2499.8381936600854, -946.8871193022105, -2232.908378409902, -2501.5497505459634, -2529.9089517606117, -3745.917163891796, -2260.4725805379467, -2663.346794466338, -3120.1752363964615, -1524.5258362584455, -1167.2400410870705, 4.924772814671087, -1998.6773840782644, -3320.286707367449, -2386.2642506572247, -573.9168058677469, -2957.036963675695, 2343.4130190064316, -2359.2519113383314, -2752.0149495724245, -3668.79000932322, -4277.2275623462065, -2956.1397290161276, -2355.9006983811614, -4278.383756534025, -2233.9958316362217, -3035.8251477071553]
Time
7.398566722869873
The result for the 7th execution is
Query Result
[6076.0, 6309.0, 6088.0, 6105.0, 6209.0, 6157.0, 6328.0, 6140.0, 6203.0, 6193.0, 6048.0, 6057.0, 6135.0, 6333.0, 6392.0, 6462.0, 6103.0, 6332.0, 6090.0, 6236.0, 6412.0, 6281.0, 6212.0, 6279.0, 6228.0, 6256.0, 6059.0, 6049.0, 6154.0, 6036.0, 6074.0, 6104.0, 6200.0, 6202.0, 6247.0, 6345.0, 6149.0, 5895.0, 6142.0, 6237.0, 6349.0, 6522.0, 6071.0, 6112.0, 6105.0, 6133.0, 6227.0, 6255.0, 6445.0, 6218.0]
Noised Result
[-2233.040257759262, -1597.8503975493022, -2854.8027323226033, -3157.1465957744776, -1330.5878779758923, -2510.4634501647515, -3087.3079122053396, -2622.7039248702504, -2857.0241149856065, -2587.7641648137205, -233.28922602793136, -2299.767192331352, -1494.3175186108128, -2776.784709709217, -2273.6473640437334, -2443.2022769011046, -6710.489669583007, -3071.6322086843584, -1780.785013511586, -2561.2654347332928, -2097.407957717197, -1900.4660310304516, -6094.007648128154, -3389.431311129696, -2127.383754388242, -4315.09164349232, -2694.5848925386545, -3168.2254486478614, -1858.109354817272, -3299.0441789448523, -2148.53405438745, -2494.923274210685, -2482.7072039474997, -2887.9803262717487, -2596.18950726602, -2717.3943065724898, -4023.8988366786634, -2794.116134482696, -3488.9373990048625, -46.33970075963407, -202.70249299556872, -1609.5466966365166, -712.9261288038952, -2636.0360268594823, -5825.402100761161, -2803.2148403467463, -3773.9315738758614, -2176.720143522716, -1779.1817161532526, -2499.920620710671]
Time
7.310390472412109
The result for the 8th execution is
Query Result
[6076.0, 6309.0, 6088.0, 6105.0, 6209.0, 6157.0, 6328.0, 6140.0, 6203.0, 6193.0, 6048.0, 6057.0, 6135.0, 6333.0, 6392.0, 6462.0, 6103.0, 6332.0, 6090.0, 6236.0, 6412.0, 6281.0, 6212.0, 6279.0, 6228.0, 6256.0, 6059.0, 6049.0, 6154.0, 6036.0, 6074.0, 6104.0, 6200.0, 6202.0, 6247.0, 6345.0, 6149.0, 5895.0, 6142.0, 6237.0, 6349.0, 6522.0, 6071.0, 6112.0, 6105.0, 6133.0, 6227.0, 6255.0, 6445.0, 6218.0]
Noised Result
[-2988.999157194582, -807.3276915001388, -3039.323804403426, -2295.630678045177, -4610.746593537186, -3340.165128429502, -2776.792451645744, -2999.037337980999, -5903.160042919468, -2032.323571860872, -2362.8391520626183, -2864.2545455096115, -2755.8290729052096, -2483.2391588483933, -2107.2733215481912, -884.5370141645553, -2478.5276965291114, -3258.5914393644007, -3075.3756657294816, -2959.527091420883, -2112.120232271177, -1098.3752130499743, -2201.9469705204338, -3149.370522723897, -2230.406905341246, 210.95282273696557, -2733.937913659108, -1007.5289530781865, -2953.3791192757526, -2014.9973786515493, -1640.1484447025823, -4398.054510558857, -3931.064340295652, -1202.6334145426754, -1527.5616313590353, -1860.7996119837435, -3082.852129298668, -1603.7211090742294, -1436.9034738794599, -2840.2492373173563, -4152.5901450479505, -1799.4979845317976, -2876.497307753746, -804.0431104745539, -1476.0000187145797, -4321.955720164158, -2780.2039328358924, -12.254777354495673, -404.6986581268866, -3050.36282992228]
Time
7.407036542892456
The result for the 9th execution is
Query Result
[6076.0, 6309.0, 6088.0, 6105.0, 6209.0, 6157.0, 6328.0, 6140.0, 6203.0, 6193.0, 6048.0, 6057.0, 6135.0, 6333.0, 6392.0, 6462.0, 6103.0, 6332.0, 6090.0, 6236.0, 6412.0, 6281.0, 6212.0, 6279.0, 6228.0, 6256.0, 6059.0, 6049.0, 6154.0, 6036.0, 6074.0, 6104.0, 6200.0, 6202.0, 6247.0, 6345.0, 6149.0, 5895.0, 6142.0, 6237.0, 6349.0, 6522.0, 6071.0, 6112.0, 6105.0, 6133.0, 6227.0, 6255.0, 6445.0, 6218.0]
Noised Result
[-2710.5783930755533, -3363.1987515984147, -2602.914931038772, -3015.0527111188594, -2630.944106865797, -396.6329657970655, -4382.146907572367, -2849.4044258502336, -2341.5734679690013, -2846.4472810941907, -2633.8727371260356, -1763.2511533892502, -2403.1889188619134, -5953.505763000261, -2236.6040745006258, -2813.474049369427, -2071.819621466735, -2506.240771658341, -1168.7350614293346, -3292.3368044077697, -2946.3876340575416, -2487.3806815984517, -2335.722549465406, -3278.0290189237867, -3730.1652025505246, -3573.578570323516, -4152.069175714674, -5476.369610363956, -1880.6527237293858, -3366.216391510711, -3237.4470506662738, -2712.59085394671, -2792.1991308982197, -1760.5860931139132, -3768.707001045621, -1611.091176396777, -1802.378997302466, -2167.787769034435, -4076.5096479441436, 1699.6727836649206, -2943.311788381473, -1261.97477865349, -2276.726433770421, -3471.1467619779705, -1502.1993194922743, -3274.5857269779426, -2305.015752404199, -2844.733780441432, -3002.811107860569, -2939.8869790728286]
Time
7.407917499542236
The result for the 10th execution is
Query Result
[6076.0, 6309.0, 6088.0, 6105.0, 6209.0, 6157.0, 6328.0, 6140.0, 6203.0, 6193.0, 6048.0, 6057.0, 6135.0, 6333.0, 6392.0, 6462.0, 6103.0, 6332.0, 6090.0, 6236.0, 6412.0, 6281.0, 6212.0, 6279.0, 6228.0, 6256.0, 6059.0, 6049.0, 6154.0, 6036.0, 6074.0, 6104.0, 6200.0, 6202.0, 6247.0, 6345.0, 6149.0, 5895.0, 6142.0, 6237.0, 6349.0, 6522.0, 6071.0, 6112.0, 6105.0, 6133.0, 6227.0, 6255.0, 6445.0, 6218.0]
Noised Result
[-3895.554763469132, -3485.3412405501367, -2563.220084519411, -1771.8638651199954, -1274.7476171665912, -3115.3860204201264, -3574.9202043560745, -2035.059242956242, -7032.021738129539, -2610.8430518983605, -5132.148218431554, -3842.781927830587, -2455.2108718177915, -3345.343102714338, -2646.3982917027215, -1152.9631041701668, -2072.9819681867993, -2315.269819042893, -2978.5925328891162, -3197.386480673551, -1790.5106152773742, -912.6848601653546, -2442.998810687989, -3822.9735340947154, 13836947.193120822, -2029.6095213233557, -559.187246028293, -3939.3513259181436, -2638.661431968496, -2849.95270622295, -3221.8295243181537, -2394.172924323825, -2736.0972688757156, -4564.977561659642, -3038.207701434161, -2929.496553629151, -5068.694277223913, -4892.0393320456715, -889.9003437275678, -2506.872710215267, -3177.66465040248, -4014.5048124430778, -2732.9038692869117, -1840.0339573227775, -1455.681175050955, -3043.022956262288, -1490.920695464929, -2845.1947661574704, -2414.2204505152295, -3019.593308332397]
Time
7.294685363769531
The result for the 11th execution is
Query Result
[6076.0, 6309.0, 6088.0, 6105.0, 6209.0, 6157.0, 6328.0, 6140.0, 6203.0, 6193.0, 6048.0, 6057.0, 6135.0, 6333.0, 6392.0, 6462.0, 6103.0, 6332.0, 6090.0, 6236.0, 6412.0, 6281.0, 6212.0, 6279.0, 6228.0, 6256.0, 6059.0, 6049.0, 6154.0, 6036.0, 6074.0, 6104.0, 6200.0, 6202.0, 6247.0, 6345.0, 6149.0, 5895.0, 6142.0, 6237.0, 6349.0, 6522.0, 6071.0, 6112.0, 6105.0, 6133.0, 6227.0, 6255.0, 6445.0, 6218.0]
Noised Result
[-5047.713303223536, -2844.442619235014, -2669.4627717323056, -1227.9463884947763, -2740.3258307045917, -2675.90541765369, -2460.451490372013, -2050.9116091380592, -2299.8361803333164, -3190.124566092998, -2710.829985179387, -1336.3383649957086, -3690.280298175272, -1154.8784046687779, -1949.5141949836343, -4334.682069773684, -1470.785907244428, -2758.49115428372, -3161.099643448749, -3342.8685074030273, -2903.0558277029922, -3566.739764182863, -2821.8184859952, -2510.776273091431, -2302.632635243084, -2216.0361635978925, -766.8320969451443, -2887.7126861438383, 171.46640274763013, -1523.3623189346126, -1086.4080258944841, -3146.495705667794, -2712.2655545206317, -3529.2666209228664, -3306.8057579504066, -1252.1676555198246, 373675.4356152086, -2279.9267169064988, -1514.5521514651582, -4439.1096313351045, -1021.1129793389036, -2150.0812207617155, -1749.9445708580688, -2828.5106897100777, -3764.8540182403776, -2821.4110179075715, -3049.7874304573406, -2366.7231142766086, -2168.155210240833, -3330.016869734125]
Time
7.356443166732788
The result for the 12th execution is
Query Result
[6076.0, 6309.0, 6088.0, 6105.0, 6209.0, 6157.0, 6328.0, 6140.0, 6203.0, 6193.0, 6048.0, 6057.0, 6135.0, 6333.0, 6392.0, 6462.0, 6103.0, 6332.0, 6090.0, 6236.0, 6412.0, 6281.0, 6212.0, 6279.0, 6228.0, 6256.0, 6059.0, 6049.0, 6154.0, 6036.0, 6074.0, 6104.0, 6200.0, 6202.0, 6247.0, 6345.0, 6149.0, 5895.0, 6142.0, 6237.0, 6349.0, 6522.0, 6071.0, 6112.0, 6105.0, 6133.0, 6227.0, 6255.0, 6445.0, 6218.0]
Noised Result
[-3231.3866491837325, -3662.07121021676, -3274.3802702979465, -1138.393207576134, -1738.1973016228894, -1751.8937719028463, -3975.0181718147523, -2866.089972240432, -4211.22149133886, -2122.254792589598, -3762.0756717448203, -2189.6034229766874, -2067.3721349189527, -2988.040001594305, -2928.216143937413, -1481.3984866315104, -2630.2926157600405, -2918.0741633192474, -1648.5503799260077, -2170.0491449739884, -2384.069738100562, -1204.7738739889883, -2829.632184475805, -981.1021001986728, -2158.2707041052035, -2462.3820200134624, -3541.976316783146, -2714.157250104531, -4283.634537627475, -1875.5060355223832, -2922.785641105038, -3949.8777092996625, -1559.5250431260074, -2619.798335788335, -3466.450783066379, -2488.070785667118, -3001.3967059041943, -2387.329188310723, -2404.21941458777, -3318.8975916601166, -3020.803477984512, -2147.300657359291, -2013.6512522285066, -2875.8364826011502, -2276.818875226474, -5478.190211516565, -1983.9509167285942, -2720.6008484666736, -2939.3675591067868, -1781.4883531164505]
Time
7.434961318969727
The result for the 13th execution is
Query Result
[6076.0, 6309.0, 6088.0, 6105.0, 6209.0, 6157.0, 6328.0, 6140.0, 6203.0, 6193.0, 6048.0, 6057.0, 6135.0, 6333.0, 6392.0, 6462.0, 6103.0, 6332.0, 6090.0, 6236.0, 6412.0, 6281.0, 6212.0, 6279.0, 6228.0, 6256.0, 6059.0, 6049.0, 6154.0, 6036.0, 6074.0, 6104.0, 6200.0, 6202.0, 6247.0, 6345.0, 6149.0, 5895.0, 6142.0, 6237.0, 6349.0, 6522.0, 6071.0, 6112.0, 6105.0, 6133.0, 6227.0, 6255.0, 6445.0, 6218.0]
Noised Result
[-1815.102314107875, -2367.554449878965, -2397.768459995934, -4589.557760570617, -404.5541820107319, -2747.131201985695, -2739.6686320253657, -2232.6341542555347, -2545.9931599276824, -2786.876051453475, -3223.820485724412, -3688.559853511717, -2627.6224893473436, -3280.414325851415, -2034.0505682045814, -3464.26998495117, -3977.8163301750556, -2557.537477443251, -2665.889661592495, -2972.655393960398, -3411.3872753991345, -2845.6338665656276, -643.0969828094057, -4945.210945282986, -3467.8632660268013, -2045.1049045213495, -2711.0543446503807, -2764.0104251634702, -3692.3040680569757, 1044.204721669047, -2320.7775752294965, -2399.1237270578313, -3102.99663482131, -2897.2900171535166, -4097.255308850617, -2536.0162940757245, -1528.2850462000397, -2630.3534211073265, -2081.5167790833348, -3203.757896092866, -1988.8793331514753, -3291.608509995149, -3288.292880990687, -4294.054375486803, -2700.251636453154, -1713.9049787209033, -4559.926344853495, -3088.9852028094992, -2609.262069547026, -4544.294474281938]
Time
7.404728174209595
The result for the 14th execution is
Query Result
[6076.0, 6309.0, 6088.0, 6105.0, 6209.0, 6157.0, 6328.0, 6140.0, 6203.0, 6193.0, 6048.0, 6057.0, 6135.0, 6333.0, 6392.0, 6462.0, 6103.0, 6332.0, 6090.0, 6236.0, 6412.0, 6281.0, 6212.0, 6279.0, 6228.0, 6256.0, 6059.0, 6049.0, 6154.0, 6036.0, 6074.0, 6104.0, 6200.0, 6202.0, 6247.0, 6345.0, 6149.0, 5895.0, 6142.0, 6237.0, 6349.0, 6522.0, 6071.0, 6112.0, 6105.0, 6133.0, 6227.0, 6255.0, 6445.0, 6218.0]
Noised Result
[-2659.9280120926715, -3111.074969445982, -2095.927822712293, -5730.25319029095, -2226.0502007628966, -2694.4131511696132, -1948.4828166682764, -2669.8370477175386, -2590.4378033737257, -2719.052586116678, -2743.237792231458, -3334.4527180455525, -2424.190626128433, 86.05808051211716, -1954.3123184474825, -2347.471954829037, 629.2952319535375, -2271.070323804701, -2941.832802245799, -634.5381736713562, -4138.044223612458, -2097.7220793919487, -3326.622365637417, -2802.759704926595, -3135.831860841925, -1458.2661600082374, -1611.9616303016119, -2503.096651794316, 2552.524032102623, -2033.4284824389933, -1354.836401739638, -2277.9239309273935, -2116.231202416622, -1771.3626523770608, -1898.120423547466, -2484.219789455092, -1329.7457028001136, -2742.2425299567285, -3130.201527790845, -2918.032003426715, -1481.0663254735537, -372.7245433653916, -2743.226163118311, -2136.4424173326306, -2716.561247648343, -2384.9023289272536, -1830.5449702951037, -3104.1967670370486, -2914.496357139592, -3515.4927352588293]
Time
7.3962414264678955
The result for the 15th execution is
Query Result
[6076.0, 6309.0, 6088.0, 6105.0, 6209.0, 6157.0, 6328.0, 6140.0, 6203.0, 6193.0, 6048.0, 6057.0, 6135.0, 6333.0, 6392.0, 6462.0, 6103.0, 6332.0, 6090.0, 6236.0, 6412.0, 6281.0, 6212.0, 6279.0, 6228.0, 6256.0, 6059.0, 6049.0, 6154.0, 6036.0, 6074.0, 6104.0, 6200.0, 6202.0, 6247.0, 6345.0, 6149.0, 5895.0, 6142.0, 6237.0, 6349.0, 6522.0, 6071.0, 6112.0, 6105.0, 6133.0, 6227.0, 6255.0, 6445.0, 6218.0]
Noised Result
[-2537.138780047073, -1015.033135319004, -4002.872406703087, -2565.616093030536, -2804.9237020094843, -1795.1963535628329, -696.8076528389347, -3925.134269877164, -3813.2134552664284, -3181.6834414607656, -2484.941595886472, -3240.809416850937, -2191.626115709011, -2439.4083157523755, -922.3060773955021, -1488.4405313614689, -4306.074220972996, -2744.30218037318, -3143.528538671603, -2980.053330915064, -1280.0820113905265, -34.7109265095678, -2312.682704833881, -1556.9315515962926, -2687.404018663411, -2095.1349881166625, -4383.300774332267, -2920.2431805391934, -4331.120578149748, -2882.5169220105345, -3527.913322176946, -4186.74160418895, -2194.1865576052505, -2997.093396800411, -2934.9907499529127, -3296.805221851684, -983.5186545600718, -2547.5818382336192, -3292.7137853746426, -1544.267043320864, -4190.897381147755, -2837.403152487059, -1640.2540597062143, -1947.105624639662, -2455.2782354723313, -4281.98316657859, -3890.183832620294, -2363.1338308541463, -1987.8930998479427, 551.9293045986851]
Time
7.3124611377716064
The result for the 16th execution is
Query Result
[6076.0, 6309.0, 6088.0, 6105.0, 6209.0, 6157.0, 6328.0, 6140.0, 6203.0, 6193.0, 6048.0, 6057.0, 6135.0, 6333.0, 6392.0, 6462.0, 6103.0, 6332.0, 6090.0, 6236.0, 6412.0, 6281.0, 6212.0, 6279.0, 6228.0, 6256.0, 6059.0, 6049.0, 6154.0, 6036.0, 6074.0, 6104.0, 6200.0, 6202.0, 6247.0, 6345.0, 6149.0, 5895.0, 6142.0, 6237.0, 6349.0, 6522.0, 6071.0, 6112.0, 6105.0, 6133.0, 6227.0, 6255.0, 6445.0, 6218.0]
Noised Result
[-4200.572465591538, -3832.84446145971, -2749.8424809099797, -2831.4302356188264, -2300.3626182162707, -2809.0582281611905, -2540.12512601848, -2883.121633683304, -2500.6820750060515, -4261.991216769033, -2151.5206280937373, -2238.4620748222915, -2957.779187121282, -1462.5373368360843, -413.3772741937091, -4160.592726156565, -1355.8710653133285, -2331.6756662949556, -1895.9143707118365, -2775.8469936994443, -3274.9862954562905, -5271.359589244588, -2008.7227794194514, -2498.8066537919367, -3075.4084086502144, -5059.400994800126, -3390.0904588070753, -2578.9168651016353, -2423.778262681388, -1719.7786103782882, -1911.5955879803241, -3024.062798269081, -2739.9303363002673, -2298.3276232565286, -1563.9784815709709, -3237.169693106449, -1688.626340882408, 970.1730454152525, -2697.805404225137, -3004.745921329675, -74.39692406296672, -1171.264371614402, -1290.721619690793, -2652.686013492741, -3704.212166376945, -3618.5779363394904, -2325.8053569985714, -2045.434031161889, -1320.6620331400618, -6006.086048452686]
Time
7.390785217285156
The result for the 17th execution is
Query Result
[6076.0, 6309.0, 6088.0, 6105.0, 6209.0, 6157.0, 6328.0, 6140.0, 6203.0, 6193.0, 6048.0, 6057.0, 6135.0, 6333.0, 6392.0, 6462.0, 6103.0, 6332.0, 6090.0, 6236.0, 6412.0, 6281.0, 6212.0, 6279.0, 6228.0, 6256.0, 6059.0, 6049.0, 6154.0, 6036.0, 6074.0, 6104.0, 6200.0, 6202.0, 6247.0, 6345.0, 6149.0, 5895.0, 6142.0, 6237.0, 6349.0, 6522.0, 6071.0, 6112.0, 6105.0, 6133.0, 6227.0, 6255.0, 6445.0, 6218.0]
Noised Result
[-2912.6361646429677, -2295.160682409548, -3820.748174286289, -2428.3038137505973, -2112.2232049036247, -2975.2331189714787, -3472.5526071298973, -1957.2804778912923, -1992.0595950266907, -2464.2802048653084, -3364.2776852075076, -2781.3021835038016, -2059.9138221644534, -3475.5127931742973, -719.8659131226632, -3131.073497017016, -1895.0724367317516, -2676.7488684377277, -2983.223985868445, -3006.431222793819, -2055.232214912572, -2322.0752086837783, -1305.4091135706904, -2583.393899749446, -2794.497381353207, -3394.2118560579, -2865.4543368402556, 496.7009828233877, -5013.818116558397, -2676.4501407783046, -3091.5534707540537, -2585.293073031912, -2678.5761543380386, -4130.569117488931, -2711.886948229674, -2906.627818631134, -2126.6802905059685, -2904.4466109932546, -2466.2127544317327, -4308.701072075832, -2510.9826087037645, -2299.78328430496, -1535.0481118546695, -1652.4137473572146, -2128.5095192225745, -2021.3276991626553, -3211.8920227474446, -2561.155360106538, -2816.921826251747, -3242.1522351650983]
Time
7.311229467391968
The result for the 18th execution is
Query Result
[6076.0, 6309.0, 6088.0, 6105.0, 6209.0, 6157.0, 6328.0, 6140.0, 6203.0, 6193.0, 6048.0, 6057.0, 6135.0, 6333.0, 6392.0, 6462.0, 6103.0, 6332.0, 6090.0, 6236.0, 6412.0, 6281.0, 6212.0, 6279.0, 6228.0, 6256.0, 6059.0, 6049.0, 6154.0, 6036.0, 6074.0, 6104.0, 6200.0, 6202.0, 6247.0, 6345.0, 6149.0, 5895.0, 6142.0, 6237.0, 6349.0, 6522.0, 6071.0, 6112.0, 6105.0, 6133.0, 6227.0, 6255.0, 6445.0, 6218.0]
Noised Result
[-1959.0467738307862, -2763.068405887453, -3056.4352051654632, -2809.8206537251363, -1600.00311071764, -3350.873774186235, -2646.8604547141176, -2888.414244608636, -1304.097761032608, -4227.6905492755195, -2709.224410263665, -2499.4694558052233, -2347.5021239979187, -1936.7464919066178, -2625.3233483181257, -1912.7665897829866, -3478.787463635137, -2658.39529563396, -2735.941306519766, -3009.4738260084396, -2420.60142318823, -3318.193603716454, -1941.272973215131, -4625.909544555732, -2724.549755552748, -2841.1550953499254, -3814.9585233994385, -1944.0777231799193, -681.8668976961944, -5111.664001231435, -2662.1187263603233, -2033.050510636098, -2962.002032016544, -2663.0534033437343, -2488.2533878375016, -3336.4594586640487, -380.2859377081895, -2547.365780705516, -2592.4348908436305, -561.2573179301562, -3218.441477704686, -2415.767969765022, -2792.551786912585, -2703.9441164062573, -3156.435325946979, -5146.43409927372, 1805.410114866505, -3030.886727195947, -3436.952624586025, -4239.071357159255]
Time
7.4610583782196045
The result for the 19th execution is
Query Result
[6076.0, 6309.0, 6088.0, 6105.0, 6209.0, 6157.0, 6328.0, 6140.0, 6203.0, 6193.0, 6048.0, 6057.0, 6135.0, 6333.0, 6392.0, 6462.0, 6103.0, 6332.0, 6090.0, 6236.0, 6412.0, 6281.0, 6212.0, 6279.0, 6228.0, 6256.0, 6059.0, 6049.0, 6154.0, 6036.0, 6074.0, 6104.0, 6200.0, 6202.0, 6247.0, 6345.0, 6149.0, 5895.0, 6142.0, 6237.0, 6349.0, 6522.0, 6071.0, 6112.0, 6105.0, 6133.0, 6227.0, 6255.0, 6445.0, 6218.0]
Noised Result
[-5102.22873227986, -4201.195308965898, -1338.1119445537925, -2651.257407065348, -2832.497146481939, -4281.570276534463, -1779.5700029230793, -2622.4824572928164, -3073.878457034284, -2299.0527658080464, -3057.58834422616, -2933.5947626237967, -2842.1373358447436, -1981.5283390637032, -1964.3817701844837, -2654.779085824349, -2115.0505802699245, -1713.2984719255028, -2988.992801040219, -184.66801894741002, -2664.385826050836, -1961.7795885471078, -3302.232975120942, -1909.288047580535, -1538.8267441867984, -3698.333965975191, 3048.341922667685, -1714.3356666545096, -1255.7044015350202, -2062.3847580230886, -2376.2610078304588, -3041.7871964084297, -1373.7837040534414, -2065.0670080587024, -1685.4909471964565, -1614.3530622534317, -3425.987552321387, -4393.378746549541, -2200.0956972796585, -3115.2031238388163, -4301.755431704016, -2114.9327128518144, -3083.2443244138176, -4177.070854848851, -3125.7655810678207, -1999.547538785423, -1810.2553420539643, -2710.4334755509053, -2710.0211992468558, -1621.215118874452]
Time
7.3094398975372314
