The result for the 0th execution is
Query Result
[673644.8548081984, 730962.5451465007, 716860.3798908031, 722315.7025741057, 699872.1858326986, 679611.9454342005, 654788.2244400999, 690613.8706187026, 695402.8040500002, 689973.9018399022, 755865.8179195999, 710571.1556705008, 732951.3047048001, 675363.798997499, 715596.0604892966, 636246.961021397, 652590.4343335002, 718304.1935095992, 713230.7742953993, 677607.0008409974, 721601.1065041961, 695965.2016275012, 679608.9604111981, 704012.4295866028, 655524.5838108007]
Noised Result
[139692.83751508978, 120516.07370835001, 88463.9797349631, 168699.28329439048, 49237.84557071648, 95306.44245055615, 35147.61905700553, 229039.41854777234, 99183.90999320359, 95286.2188946997, 104479.4103162798, 102255.8993232419, 97551.11555391503, 184883.5852761992, 48632.11549744557, 38090.258050388344, 24457.111912850465, 61635.76733413013, 49572.94109318612, 23810.94895275579, 189619.8738481782, 70586.72635949007, 15040.774980366521, 63585.16079620234, 57284.27168850144]
Time
7.47463059425354
The result for the 1th execution is
Query Result
[673644.8548081984, 730962.5451465007, 716860.3798908031, 722315.7025741057, 699872.1858326986, 679611.9454342005, 654788.2244400999, 690613.8706187026, 695402.8040500002, 689973.9018399022, 755865.8179195999, 710571.1556705008, 732951.3047048001, 675363.798997499, 715596.0604892966, 636246.961021397, 652590.4343335002, 718304.1935095992, 713230.7742953993, 677607.0008409974, 721601.1065041961, 695965.2016275012, 679608.9604111981, 704012.4295866028, 655524.5838108007]
Noised Result
[75983.77217678262, 31222.067242342513, 54963.29797210067, 82026.57313068252, 63896.59764889913, 93922.1597343554, 78133.607967577, 120436.49030982732, 82492.77189686272, 66554.30080325616, 103833.5249351681, 61380.17732367752, 96264.36624241952, 46384.7689266777, 50679.849928990385, 38365.76696775039, 46007.88527636218, 49960.45593942044, 64107.668670769315, 194936.44946412148, 81001.85107751598, 46911.93307274132, 70920.24200954344, 32274.798869132414, 179402.8075481524]
Time
7.668506145477295
The result for the 2th execution is
Query Result
[673644.8548081984, 730962.5451465007, 716860.3798908031, 722315.7025741057, 699872.1858326986, 679611.9454342005, 654788.2244400999, 690613.8706187026, 695402.8040500002, 689973.9018399022, 755865.8179195999, 710571.1556705008, 732951.3047048001, 675363.798997499, 715596.0604892966, 636246.961021397, 652590.4343335002, 718304.1935095992, 713230.7742953993, 677607.0008409974, 721601.1065041961, 695965.2016275012, 679608.9604111981, 704012.4295866028, 655524.5838108007]
Noised Result
[24236.81293420447, 69009.5142568035, 67159.92812369304, 179653.45563406142, 67210.4493988058, 74064.95405901984, 17806.984611622, 28025.901460694033, 59931.58273609163, 177768.7199248674, 191160.6989743368, 29643.77307153307, 99070.96864244447, 66867.5121691463, 113624.19536234648, 82648.28413037091, 6602.875028055365, 94766.69976285403, 53851.77188312751, 58064.16475002974, 82252.26456845604, 79384.60834406095, 106662.96201737178, 33057.64697384229, 16089.588924970943]
Time
7.681578874588013
The result for the 3th execution is
Query Result
[673644.8548081984, 730962.5451465007, 716860.3798908031, 722315.7025741057, 699872.1858326986, 679611.9454342005, 654788.2244400999, 690613.8706187026, 695402.8040500002, 689973.9018399022, 755865.8179195999, 710571.1556705008, 732951.3047048001, 675363.798997499, 715596.0604892966, 636246.961021397, 652590.4343335002, 718304.1935095992, 713230.7742953993, 677607.0008409974, 721601.1065041961, 695965.2016275012, 679608.9604111981, 704012.4295866028, 655524.5838108007]
Noised Result
[36376.54561727482, 77078.75500697526, 200277.06459808425, 99343.37461736852, 54132.73993721558, 45494.36081444094, 22650.11109801859, 44419.958065201296, 105183.75255781843, 31807.31350695045, 94971.12812824105, 68131.12439545954, 50211.28227051813, 57049.37941685633, 119382.52494156774, 75817.72273258772, 100346.88711174382, 55330.29214005271, 59890.22547380876, 102522.86202654276, 118676.63847029941, 70187.91051089397, 111038.70296891214, 60977.38436665083, 8787.110759256524]
Time
7.8327906131744385
The result for the 4th execution is
Query Result
[673644.8548081984, 730962.5451465007, 716860.3798908031, 722315.7025741057, 699872.1858326986, 679611.9454342005, 654788.2244400999, 690613.8706187026, 695402.8040500002, 689973.9018399022, 755865.8179195999, 710571.1556705008, 732951.3047048001, 675363.798997499, 715596.0604892966, 636246.961021397, 652590.4343335002, 718304.1935095992, 713230.7742953993, 677607.0008409974, 721601.1065041961, 695965.2016275012, 679608.9604111981, 704012.4295866028, 655524.5838108007]
Noised Result
[77815.14308352627, 30839.840274369402, 37279.705227526545, 81566.8611520576, 28483.64334707208, 71686.8569651139, 30838.605658515007, 120024.28904018557, 69310.92827083112, 128615.25374306657, 95331.5810304319, 89649.59541274712, 53754.71075109529, 31315.06603365374, 35214.87489551073, 177475.22980307255, 91878.57296605897, 22687.74717600798, 110708.70841727935, 56420.240130213555, 139008.77309776167, 85774.01816946804, 99243.88120749737, 45473.85474802932, 46150.15998914972]
Time
7.604912519454956
The result for the 5th execution is
Query Result
[673644.8548081984, 730962.5451465007, 716860.3798908031, 722315.7025741057, 699872.1858326986, 679611.9454342005, 654788.2244400999, 690613.8706187026, 695402.8040500002, 689973.9018399022, 755865.8179195999, 710571.1556705008, 732951.3047048001, 675363.798997499, 715596.0604892966, 636246.961021397, 652590.4343335002, 718304.1935095992, 713230.7742953993, 677607.0008409974, 721601.1065041961, 695965.2016275012, 679608.9604111981, 704012.4295866028, 655524.5838108007]
Noised Result
[72663.28236063605, 239777.29421726748, 66976.45885821863, 121949.53776668443, 29700.227453459345, 1760.143242570397, 34563.66114080686, 39970.350458199566, 147955.2595878111, 60125.875026234135, 203816.5109299089, 151991.22737756046, 78047.79500290495, 35705.21254957188, 86133.04927736655, 7182.864074060461, 18310.363217493956, 252369.9949315318, 48616.74208281076, 77507.83785062429, 24563.405636991403, 64979.716545965435, 64206.162611244654, 37249.64699874481, 99167.59203446907]
Time
7.848064184188843
The result for the 6th execution is
Query Result
[673644.8548081984, 730962.5451465007, 716860.3798908031, 722315.7025741057, 699872.1858326986, 679611.9454342005, 654788.2244400999, 690613.8706187026, 695402.8040500002, 689973.9018399022, 755865.8179195999, 710571.1556705008, 732951.3047048001, 675363.798997499, 715596.0604892966, 636246.961021397, 652590.4343335002, 718304.1935095992, 713230.7742953993, 677607.0008409974, 721601.1065041961, 695965.2016275012, 679608.9604111981, 704012.4295866028, 655524.5838108007]
Noised Result
[55840.65487466293, 59769.16898287673, 180238.58907163065, 62884.53964193154, 86300.06387484507, 82761.82632986241, 72380.0189355468, 33702.57068648911, 33936.28595470241, 53952.156135284284, 60347.51432015636, 125673.07403374474, 57588.780140264105, 112285.24318327708, 48601.593606492504, 45382.88569424453, 10041.024681284092, 251872.5934949944, 54002.815034947824, 40862.785714777885, 25185.545669193234, 32315.951480829797, 24518.684402041705, 50687.16811767424, 77722.3605185854]
Time
7.72694993019104
The result for the 7th execution is
Query Result
[673644.8548081984, 730962.5451465007, 716860.3798908031, 722315.7025741057, 699872.1858326986, 679611.9454342005, 654788.2244400999, 690613.8706187026, 695402.8040500002, 689973.9018399022, 755865.8179195999, 710571.1556705008, 732951.3047048001, 675363.798997499, 715596.0604892966, 636246.961021397, 652590.4343335002, 718304.1935095992, 713230.7742953993, 677607.0008409974, 721601.1065041961, 695965.2016275012, 679608.9604111981, 704012.4295866028, 655524.5838108007]
Noised Result
[9073.382334363356, 136707.50081146002, 23219.969890773587, 83362.63140793098, 182482.65196479525, 50359.86574144845, 116353.85593000136, 94669.69163916295, 54194.03671675071, 46351.757470135024, 85348.72107182624, 57292.27279443713, 97392.79977545078, 45112.67091086099, 93966.67531260947, 23260.951480660588, 88681.78658022913, 66999.88733817765, 409818.25525249436, 88965.78486411943, 77822.98507505737, 79982.28285819071, 98742.51940477488, 30029.710824745183, 211156.487608796]
Time
7.678668975830078
The result for the 8th execution is
Query Result
[673644.8548081984, 730962.5451465007, 716860.3798908031, 722315.7025741057, 699872.1858326986, 679611.9454342005, 654788.2244400999, 690613.8706187026, 695402.8040500002, 689973.9018399022, 755865.8179195999, 710571.1556705008, 732951.3047048001, 675363.798997499, 715596.0604892966, 636246.961021397, 652590.4343335002, 718304.1935095992, 713230.7742953993, 677607.0008409974, 721601.1065041961, 695965.2016275012, 679608.9604111981, 704012.4295866028, 655524.5838108007]
Noised Result
[190809.40837477066, 41230.58869056631, 67702.07736996579, 90305.53159430693, 61031.36666485865, 167320.12670841347, 27562.335938746808, 132478.42248454614, 30803.806069696788, 26241.07142105233, 76662.12819856202, 94198.46918153012, 91987.11282699267, 41657.330115932855, 83565.33566152066, 11582.089464430566, 23011.33909911645, 59590.232476925885, 86697.56224299897, 87761.24119440583, 82993.28564925073, 101674.24305271287, 34492.794228663086, 33144.427144491434, 11354.334447535526]
Time
7.828991889953613
The result for the 9th execution is
Query Result
[673644.8548081984, 730962.5451465007, 716860.3798908031, 722315.7025741057, 699872.1858326986, 679611.9454342005, 654788.2244400999, 690613.8706187026, 695402.8040500002, 689973.9018399022, 755865.8179195999, 710571.1556705008, 732951.3047048001, 675363.798997499, 715596.0604892966, 636246.961021397, 652590.4343335002, 718304.1935095992, 713230.7742953993, 677607.0008409974, 721601.1065041961, 695965.2016275012, 679608.9604111981, 704012.4295866028, 655524.5838108007]
Noised Result
[26794.205855049076, 97485.2728810978, 62787.19548513979, 157119.29822894337, 58796.96169871604, 135827.8366459323, 42149.280174138024, 66779.22479255742, 101030.65021738048, 148644.71858212337, 112007.13032960129, 47940.51715944457, 57714.36701027668, 73643.67157824442, 53238.53332039947, 33153.80970769777, 14012.547806675982, 62482.15406783571, 133205.37135727156, 225327.37049126008, 89182.54027176154, 88772.73728104855, 63119.549866165384, 78481.71502011281, 69868.82869742508]
Time
7.378605365753174
The result for the 10th execution is
Query Result
[673644.8548081984, 730962.5451465007, 716860.3798908031, 722315.7025741057, 699872.1858326986, 679611.9454342005, 654788.2244400999, 690613.8706187026, 695402.8040500002, 689973.9018399022, 755865.8179195999, 710571.1556705008, 732951.3047048001, 675363.798997499, 715596.0604892966, 636246.961021397, 652590.4343335002, 718304.1935095992, 713230.7742953993, 677607.0008409974, 721601.1065041961, 695965.2016275012, 679608.9604111981, 704012.4295866028, 655524.5838108007]
Noised Result
[75090.32416354952, 88754.51925524976, 260305.4927974277, 125292.22899050487, 36081.374643821735, 93711.4064180933, 16402.178361954982, 12929.920777808147, 68011.16788239742, 49421.359359195165, 119087.24461372523, 109008.83642656193, 130654.43557349558, 61888.30996781972, 52470.30260534567, 17905.006361234788, 71078.07965333172, 86995.82058248232, 64932.65053452752, 29256.44151384168, 130419.68474727718, 404650.90942042344, 59557.78315882056, 223241.2907928575, 44850.8063847053]
Time
7.564790725708008
The result for the 11th execution is
Query Result
[673644.8548081984, 730962.5451465007, 716860.3798908031, 722315.7025741057, 699872.1858326986, 679611.9454342005, 654788.2244400999, 690613.8706187026, 695402.8040500002, 689973.9018399022, 755865.8179195999, 710571.1556705008, 732951.3047048001, 675363.798997499, 715596.0604892966, 636246.961021397, 652590.4343335002, 718304.1935095992, 713230.7742953993, 677607.0008409974, 721601.1065041961, 695965.2016275012, 679608.9604111981, 704012.4295866028, 655524.5838108007]
Noised Result
[62053.15411551282, 136252.57714868744, 72591.06720415805, 84358.95514107426, 62713.70748981653, 161064.77559265704, 11331.840034445864, 85954.06949307909, 88476.23699246603, 123413.60826224589, 136873.45789425483, 39869.55559267191, 74615.03777331847, 62603.34175433067, 22897.791635029076, 20127.89916008938, 51625.05607259972, 60017.64786797861, 127170.93982639484, 16427.09340845936, 126361.00224345655, 168287.06798184855, 31042.751587572944, 64466.37106137385, 65864.4146220762]
Time
7.472741365432739
The result for the 12th execution is
Query Result
[673644.8548081984, 730962.5451465007, 716860.3798908031, 722315.7025741057, 699872.1858326986, 679611.9454342005, 654788.2244400999, 690613.8706187026, 695402.8040500002, 689973.9018399022, 755865.8179195999, 710571.1556705008, 732951.3047048001, 675363.798997499, 715596.0604892966, 636246.961021397, 652590.4343335002, 718304.1935095992, 713230.7742953993, 677607.0008409974, 721601.1065041961, 695965.2016275012, 679608.9604111981, 704012.4295866028, 655524.5838108007]
Noised Result
[108539.93170727056, 119260.30570223316, 69633.23443697247, 66832.5260840237, 69784.1374355143, 52276.388498673216, 54136.63163887651, 76378.4316179007, 29249.13306247766, 85492.21065471799, 72486.54094649962, 63856.895735251135, 182319.55482792424, 331424.26709392056, 69565.93692866247, 26425.81334927544, 54992.955124651664, 66110.7658860315, 64330.94618760733, 41304.96220534382, 80810.0486303523, 68673.48690008349, 67586.926927639, 103045.03449787357, 42854.49241017901]
Time
7.443047285079956
The result for the 13th execution is
Query Result
[673644.8548081984, 730962.5451465007, 716860.3798908031, 722315.7025741057, 699872.1858326986, 679611.9454342005, 654788.2244400999, 690613.8706187026, 695402.8040500002, 689973.9018399022, 755865.8179195999, 710571.1556705008, 732951.3047048001, 675363.798997499, 715596.0604892966, 636246.961021397, 652590.4343335002, 718304.1935095992, 713230.7742953993, 677607.0008409974, 721601.1065041961, 695965.2016275012, 679608.9604111981, 704012.4295866028, 655524.5838108007]
Noised Result
[28535.022264609986, 43390.78006130183, 34867.69445682937, 174487.4695003265, 109264.52367233741, 44942.812743964256, 42585.71537112136, 19943.644866185437, 59974.380391919054, 95426.26215738326, 59408.23989655019, 20627.41625090438, 23899.955941334192, 51293.175091160694, 39877.42795857834, 77886.03966302733, 185219.73542057938, 33693.008376185055, 210715.56206433597, 148583.8386885898, 64494.862491668115, 123275.72096758685, 119820.68323405541, 136117.147909476, 22125.315785268554]
Time
7.676573276519775
The result for the 14th execution is
Query Result
[673644.8548081984, 730962.5451465007, 716860.3798908031, 722315.7025741057, 699872.1858326986, 679611.9454342005, 654788.2244400999, 690613.8706187026, 695402.8040500002, 689973.9018399022, 755865.8179195999, 710571.1556705008, 732951.3047048001, 675363.798997499, 715596.0604892966, 636246.961021397, 652590.4343335002, 718304.1935095992, 713230.7742953993, 677607.0008409974, 721601.1065041961, 695965.2016275012, 679608.9604111981, 704012.4295866028, 655524.5838108007]
Noised Result
[78027.773435973, 137518.6496847376, 111847.81981755781, 50000.19045407348, 37027.181495264376, 101445.66683559405, 34939.7108344828, 94118.35614275484, 57922.29165371426, 103402.52736161665, 72590.2715622795, 133651.4215720544, 108680.55863340432, 91444.29829201911, 15578.251139292872, 30511.27137138923, 66232.16934502004, 39910.25368137122, 63729.45795149868, 99207.72697354759, 42575.17046082014, 138889.57935377583, 82378.5556291797, 19277.584211774854, 88195.16907750774]
Time
7.691458463668823
The result for the 15th execution is
Query Result
[673644.8548081984, 730962.5451465007, 716860.3798908031, 722315.7025741057, 699872.1858326986, 679611.9454342005, 654788.2244400999, 690613.8706187026, 695402.8040500002, 689973.9018399022, 755865.8179195999, 710571.1556705008, 732951.3047048001, 675363.798997499, 715596.0604892966, 636246.961021397, 652590.4343335002, 718304.1935095992, 713230.7742953993, 677607.0008409974, 721601.1065041961, 695965.2016275012, 679608.9604111981, 704012.4295866028, 655524.5838108007]
Noised Result
[83321.70773035724, 39841.6140233718, 69756.56379871699, 160738.4653050967, 75914.7458095082, 23573.597376483696, 19220.434177377407, 72290.2538454585, 73796.35107081424, 136575.2962560251, 48671.02356109643, 48218.272292219335, 174746.5547787191, 26316.616189567605, 147708.95461640804, 24598.54399248748, 51391.44356309506, 93799.67179301911, 45890.35690909793, 54769.92600824236, 96123.82720854803, 41139.10843249608, 21080.571268537635, 34474.37509497076, 19035.608485143108]
Time
7.864142179489136
The result for the 16th execution is
Query Result
[673644.8548081984, 730962.5451465007, 716860.3798908031, 722315.7025741057, 699872.1858326986, 679611.9454342005, 654788.2244400999, 690613.8706187026, 695402.8040500002, 689973.9018399022, 755865.8179195999, 710571.1556705008, 732951.3047048001, 675363.798997499, 715596.0604892966, 636246.961021397, 652590.4343335002, 718304.1935095992, 713230.7742953993, 677607.0008409974, 721601.1065041961, 695965.2016275012, 679608.9604111981, 704012.4295866028, 655524.5838108007]
Noised Result
[12750.396598806372, 70237.20465806202, 53691.59078986256, 83210.31283472676, 39449.1057449145, 11217.042862374496, 51233.99927250066, 32989.26453798314, 50267.38568234886, 158617.57729017374, 132206.62518133363, 52345.73440055453, 84724.81648619915, 159376.91062234621, 76802.01466783613, 225889.2308640614, 191940.01477040915, 84866.3590487708, 43208.19017989066, 121940.39240712102, 65013.19717706903, 79488.18403859326, 94576.56926680222, 65275.115689600294, 12517.271634005694]
Time
7.930160284042358
The result for the 17th execution is
Query Result
[673644.8548081984, 730962.5451465007, 716860.3798908031, 722315.7025741057, 699872.1858326986, 679611.9454342005, 654788.2244400999, 690613.8706187026, 695402.8040500002, 689973.9018399022, 755865.8179195999, 710571.1556705008, 732951.3047048001, 675363.798997499, 715596.0604892966, 636246.961021397, 652590.4343335002, 718304.1935095992, 713230.7742953993, 677607.0008409974, 721601.1065041961, 695965.2016275012, 679608.9604111981, 704012.4295866028, 655524.5838108007]
Noised Result
[75882.58389229263, 106026.73225993372, 409848.6629093188, 47781.431723872985, 122002.41447335226, 38024.71044225356, 61441.857969500925, 80856.57034281449, 82804.91877782438, 72875.08046511939, 150678.08549065358, 196721.47107086482, 139401.96325907484, 33373.718138699245, 35785.29080424298, 20417.601257105256, 91352.96995631931, 49155.34466361266, 27753.0473082611, 14668.278248657327, 108100.57967367565, 62795.935667641286, 77231.35493752483, 120850.37932302576, 69493.65520826838]
Time
7.6450018882751465
The result for the 18th execution is
Query Result
[673644.8548081984, 730962.5451465007, 716860.3798908031, 722315.7025741057, 699872.1858326986, 679611.9454342005, 654788.2244400999, 690613.8706187026, 695402.8040500002, 689973.9018399022, 755865.8179195999, 710571.1556705008, 732951.3047048001, 675363.798997499, 715596.0604892966, 636246.961021397, 652590.4343335002, 718304.1935095992, 713230.7742953993, 677607.0008409974, 721601.1065041961, 695965.2016275012, 679608.9604111981, 704012.4295866028, 655524.5838108007]
Noised Result
[12813.320031656665, 34369.83333288238, 57564.0375493695, 160676.52594340936, 52947.74508827436, 12719.086962101028, 168464.4389298656, 212724.15283456625, 47446.53462764481, 39509.99663684779, 52006.17324695439, 70666.09880932671, 87807.54147297214, 56792.041690750106, 56995.204494574806, 12287.159176494686, 52919.8541348282, 85780.15252795891, 205504.88404890825, 41045.985474127694, 96542.34514890629, 63094.1628205583, 101106.11454683659, 35543.763059309334, 95440.54793198069]
Time
7.741655588150024
The result for the 19th execution is
Query Result
[673644.8548081984, 730962.5451465007, 716860.3798908031, 722315.7025741057, 699872.1858326986, 679611.9454342005, 654788.2244400999, 690613.8706187026, 695402.8040500002, 689973.9018399022, 755865.8179195999, 710571.1556705008, 732951.3047048001, 675363.798997499, 715596.0604892966, 636246.961021397, 652590.4343335002, 718304.1935095992, 713230.7742953993, 677607.0008409974, 721601.1065041961, 695965.2016275012, 679608.9604111981, 704012.4295866028, 655524.5838108007]
Noised Result
[158762.3818254295, 72734.42066214513, 50624.93838686426, 117155.45659119327, 59069.32662849434, 44519.24137989804, 43748.25101637747, 52065.02698906924, 44562.84479091232, 65589.85250817856, 91092.11891037779, 94852.11780441803, 304659.8968179905, 32660.265490291058, 85547.83450705523, 8398.669158420485, 82168.7093505105, 59057.675107232004, 87824.27324435225, 17208.2675887136, 132424.39763373014, 46567.431964656746, 98832.83225881011, 156610.73392000212, 6915.529568471175]
Time
7.822132587432861
