The result for the 0th execution is
Query Result
[3116.0, 3133.0, 3058.0, 3107.0, 3174.0, 3175.0, 3116.0, 3111.0, 2986.0, 3164.0, 3118.0, 3038.0, 3209.0, 3155.0, 3259.0, 3239.0, 3117.0, 2979.0, 3003.0, 3192.0, 3209.0, 3208.0, 3036.0, 3062.0, 3102.0, 2956.0, 3073.0, 3128.0, 3244.0, 3038.0, 3127.0, 3037.0, 3047.0, 3087.0, 3158.0, 3152.0, 3036.0, 2994.0, 3101.0, 3226.0, 3025.0, 3152.0, 3089.0, 3001.0, 3036.0, 2980.0, 3028.0, 3210.0, 3170.0, 3209.0]
Noised Result
[-6011.494670353737, -3997.230525361814, -5198.398190746232, -4705.109938513597, -5292.499543725222, -4761.506759639919, -2519.220003138731, -5133.024288830084, -4672.654459943281, -4495.987826001623, -5005.871510946636, -2746.517155425713, -3625.4234632848047, -2819.2444057956764, -7367.33491291523, -5581.424731258518, -4663.51763624127, -4098.287118495401, -5062.2560157786465, -6034.79690916549, -5493.430160621132, -7138.905208716198, -5549.623316617899, -6260.422680130474, -6410.259785319462, -5892.93954791116, -3393.7518476894784, -5186.717636099028, -4300.811204165183, -4944.572496909691, -3172.5836321856277, -4829.522644160295, -4435.059046438174, -4091.8835209368417, -5523.2455833756385, -4401.873310505889, -8161.56997478471, -5291.182289700141, -4664.1975129630555, -3841.680539815231, -6883.3798360429355, -3146.6134739124636, -6321.846844228319, -5023.601581528502, -4721.601889586748, -5269.129060615769, -5383.516345893354, -4820.155271250255, -5193.666269393082, -2880.7282262878743]
Time
5.452370643615723
The result for the 1th execution is
Query Result
[3116.0, 3133.0, 3058.0, 3107.0, 3174.0, 3175.0, 3116.0, 3111.0, 2986.0, 3164.0, 3118.0, 3038.0, 3209.0, 3155.0, 3259.0, 3239.0, 3117.0, 2979.0, 3003.0, 3192.0, 3209.0, 3208.0, 3036.0, 3062.0, 3102.0, 2956.0, 3073.0, 3128.0, 3244.0, 3038.0, 3127.0, 3037.0, 3047.0, 3087.0, 3158.0, 3152.0, 3036.0, 2994.0, 3101.0, 3226.0, 3025.0, 3152.0, 3089.0, 3001.0, 3036.0, 2980.0, 3028.0, 3210.0, 3170.0, 3209.0]
Noised Result
[-6252.170614533559, -4792.371431990784, -4831.062341746777, -5071.475758954227, -3500.655769138092, -4623.889411763013, -3153.5788618113065, -4098.85864908949, -4757.361106115102, -5272.99255454817, -4871.426158093117, -4648.9199399577965, -4337.9863480083095, -10496.702402683646, -6698.371952581638, -7308.981726110498, -4541.860835626276, -5386.042923277058, -7097.772630121717, -4939.656754025426, -5056.587160142591, -5579.566354499233, -1602.6986263303274, -4658.581960139153, -5253.7459686698185, -4899.444864967417, -5968.002706524985, -5187.099479554427, -6436.406642510332, -5532.081129213368, -7817.0110987556145, -3682.014180765158, 772.9316068007765, -5094.270181581844, -4838.301455285997, -5176.309806627252, -3944.8960026782734, -5532.937923986573, -3269.074187182904, -3899.4865193331207, -6114.595199351785, -4853.608782643088, -5197.566611185284, -4994.638869743226, 2437.810000135256, -5975.571089790819, -4770.438066465109, -4738.395561790572, -4554.199843342629, -4658.07504622401]
Time
5.455686092376709
The result for the 2th execution is
Query Result
[3116.0, 3133.0, 3058.0, 3107.0, 3174.0, 3175.0, 3116.0, 3111.0, 2986.0, 3164.0, 3118.0, 3038.0, 3209.0, 3155.0, 3259.0, 3239.0, 3117.0, 2979.0, 3003.0, 3192.0, 3209.0, 3208.0, 3036.0, 3062.0, 3102.0, 2956.0, 3073.0, 3128.0, 3244.0, 3038.0, 3127.0, 3037.0, 3047.0, 3087.0, 3158.0, 3152.0, 3036.0, 2994.0, 3101.0, 3226.0, 3025.0, 3152.0, 3089.0, 3001.0, 3036.0, 2980.0, 3028.0, 3210.0, 3170.0, 3209.0]
Noised Result
[-4635.482680913037, -5303.875771877429, -4924.723733047402, -6320.809604242077, -4871.653589890907, -4461.822960459749, -5452.158073136612, -5365.416064514622, -3899.644906023803, -5040.445426110358, -4179.320563239035, -5613.944849563453, -6295.330322916461, -6781.821193102329, -4701.551296148217, -4297.927621458523, -6392.76257495499, -5643.038210144071, -3874.2525558863526, -4517.1778389114, -5420.678876270302, -5320.344575817603, -6490.815477275615, -5623.756848054853, -5252.223538336325, -3518.8714852063804, -6444.309664821034, -6239.37044987308, -5919.108144058517, -5496.694967725655, -4903.7738203598965, -6197.8207036363165, -4340.877020311942, -4696.115644847893, -3526.5239788028384, -5268.548695820084, -4260.285721484263, -6064.348728422747, -6346.6178656522425, -5906.773057784309, -3712.0102242426583, -4521.613413777176, -5208.957310028299, -4615.075848103912, -1727.0313340425787, -3340.6470912345403, -4990.753012689239, -5252.072280634928, -7706.469983417977, -3487.6520273772785]
Time
5.4811036586761475
The result for the 3th execution is
Query Result
[3116.0, 3133.0, 3058.0, 3107.0, 3174.0, 3175.0, 3116.0, 3111.0, 2986.0, 3164.0, 3118.0, 3038.0, 3209.0, 3155.0, 3259.0, 3239.0, 3117.0, 2979.0, 3003.0, 3192.0, 3209.0, 3208.0, 3036.0, 3062.0, 3102.0, 2956.0, 3073.0, 3128.0, 3244.0, 3038.0, 3127.0, 3037.0, 3047.0, 3087.0, 3158.0, 3152.0, 3036.0, 2994.0, 3101.0, 3226.0, 3025.0, 3152.0, 3089.0, 3001.0, 3036.0, 2980.0, 3028.0, 3210.0, 3170.0, 3209.0]
Noised Result
[-6958.364728623723, -4127.410656188648, -6150.17844397913, -3587.5005890286293, -4802.965864333243, -8253.649016158635, -3613.504026269844, -6708.089096578755, -5151.194655404702, -5187.262545789064, -2546.7888938696124, -4992.967706362232, -5072.349566889544, -4060.8365476219687, -4348.307203380011, -4442.604798350565, -5180.8626026467255, -6984.400518094604, -2577.881239297164, -4942.849548583918, -5475.970177378149, -4244.787611924682, -5594.649590073236, -5336.480367467479, -5255.461113950598, -5206.87792318383, -5118.933830436145, -4273.270426360075, -4790.237679094757, -4856.185536292529, -5664.371813212004, -4312.909315911296, -4577.854475191354, -4895.586438059486, -5061.339025411236, -4954.434146181236, -6171.562928432506, -6557.015648005068, -5203.348891878652, -4998.171387674038, -5253.669252357199, -5637.33897716938, -5865.497640263284, -4437.320383915175, -4958.055591020185, -5213.716906662815, -4986.348584395077, -5166.61596836669, -6061.012827971392, -6150.014012587912]
Time
5.45518684387207
The result for the 4th execution is
Query Result
[3116.0, 3133.0, 3058.0, 3107.0, 3174.0, 3175.0, 3116.0, 3111.0, 2986.0, 3164.0, 3118.0, 3038.0, 3209.0, 3155.0, 3259.0, 3239.0, 3117.0, 2979.0, 3003.0, 3192.0, 3209.0, 3208.0, 3036.0, 3062.0, 3102.0, 2956.0, 3073.0, 3128.0, 3244.0, 3038.0, 3127.0, 3037.0, 3047.0, 3087.0, 3158.0, 3152.0, 3036.0, 2994.0, 3101.0, 3226.0, 3025.0, 3152.0, 3089.0, 3001.0, 3036.0, 2980.0, 3028.0, 3210.0, 3170.0, 3209.0]
Noised Result
[-6951.605407206987, -3460.6192811697574, -5796.510416640851, -4922.258569862878, -5736.666890694038, -5375.413688620206, -4409.211505723561, -6041.793375248593, -2024.9170386170626, -5253.927862630197, -5234.792604619346, -4643.579192765489, -3977.761036980427, -6058.968345969639, -6543.359754842108, -4881.152137822315, -5964.728517589829, -5266.512314931085, -4963.236047364763, -5808.754412787954, -4307.629919973996, -5689.663786628647, -5673.9814006481865, -6031.33955490798, -5968.7219504453315, -1967.707484662188, -3639.849013277557, -4801.876274690626, -5843.362599508757, -4682.584114357622, -4022.964626944793, -6483.060633199322, -4894.32208565589, -5010.522392113216, -4807.906072557202, -4318.758072772833, -5620.890466218703, -5227.65225276119, -3891.679417587574, -6040.956107100281, -4934.112510931962, -2671.197060167473, -5436.173773358749, -4688.048338727587, -7725.107207742471, -6056.270072383602, -4023.337739205349, -5180.461981874593, -5534.087841570626, -4742.647110135087]
Time
5.418877840042114
The result for the 5th execution is
Query Result
[3116.0, 3133.0, 3058.0, 3107.0, 3174.0, 3175.0, 3116.0, 3111.0, 2986.0, 3164.0, 3118.0, 3038.0, 3209.0, 3155.0, 3259.0, 3239.0, 3117.0, 2979.0, 3003.0, 3192.0, 3209.0, 3208.0, 3036.0, 3062.0, 3102.0, 2956.0, 3073.0, 3128.0, 3244.0, 3038.0, 3127.0, 3037.0, 3047.0, 3087.0, 3158.0, 3152.0, 3036.0, 2994.0, 3101.0, 3226.0, 3025.0, 3152.0, 3089.0, 3001.0, 3036.0, 2980.0, 3028.0, 3210.0, 3170.0, 3209.0]
Noised Result
[-5724.697967573842, -5604.707511070594, -4104.7204832542, -5158.257224257303, -5680.568284987475, -5537.1744577212585, -5506.846801459129, -4000.473707763902, -4303.096631811493, -5247.325508758287, -8102.892838522228, -3915.7477536000188, -3733.783691519683, -5147.22139931229, -5572.226066914203, -5254.203488119312, -5117.866486769169, -3983.496851850625, -5251.462072699802, 608.327361554665, -4873.013435468859, -3235.4675230362955, -4052.32209603276, -4748.494712772168, -5285.434295479988, -5142.290120220173, -5407.698670497776, -4717.764655484996, -4558.381045265065, -5527.896463641368, -3878.877403924218, -2266.378176922668, -5535.051757574337, -4823.825661316774, -4495.32782587044, -6411.05526400081, -4212.783772969285, -4303.807606682875, -5258.083113169922, -4576.6594886035355, -6989.093897739112, -4650.216193616726, -5278.081393529648, -5640.883807791297, -4756.050082708029, -3960.6770036504604, -2941.6129858693257, -4615.908796063612, -4632.821175046501, -4817.436553473831]
Time
5.4849793910980225
The result for the 6th execution is
Query Result
[3116.0, 3133.0, 3058.0, 3107.0, 3174.0, 3175.0, 3116.0, 3111.0, 2986.0, 3164.0, 3118.0, 3038.0, 3209.0, 3155.0, 3259.0, 3239.0, 3117.0, 2979.0, 3003.0, 3192.0, 3209.0, 3208.0, 3036.0, 3062.0, 3102.0, 2956.0, 3073.0, 3128.0, 3244.0, 3038.0, 3127.0, 3037.0, 3047.0, 3087.0, 3158.0, 3152.0, 3036.0, 2994.0, 3101.0, 3226.0, 3025.0, 3152.0, 3089.0, 3001.0, 3036.0, 2980.0, 3028.0, 3210.0, 3170.0, 3209.0]
Noised Result
[-3955.978300281866, -5451.732233732719, -5802.1668955269215, -5017.391657309578, -5680.119026628721, -7610.637439482751, -5208.4554788607575, -4322.491306955489, -4708.470691013239, -3919.9607938541285, -6784.279993604137, -5442.434976891553, -5090.183443154336, -5938.9461652151385, -4354.0148073305145, -5304.359663413227, -4642.884415504202, -5912.074839505922, -5269.660580569613, -6028.249326441402, -5867.51090249958, -4709.345055731388, -5881.916367520384, -8442.857410045124, -6184.115953472106, -4692.449138755142, -5260.105800764382, -4599.833917663097, -5366.835277288554, -2725.1930506808712, -4189.522128940217, -4359.080427671992, -5710.033390507967, -6676.601850605255, -6351.053171823509, -6281.270456620423, -4192.228842424722, -6243.71260721687, -5956.321534617402, -4302.963090113871, -5785.867143599533, -6962.79796424513, -4896.032506687407, -5775.639136899921, -6486.546969465702, -5708.704837911342, -4998.343491505508, -5571.952423718302, -3823.4238193095543, -4102.563623114227]
Time
5.436763286590576
The result for the 7th execution is
Query Result
[3116.0, 3133.0, 3058.0, 3107.0, 3174.0, 3175.0, 3116.0, 3111.0, 2986.0, 3164.0, 3118.0, 3038.0, 3209.0, 3155.0, 3259.0, 3239.0, 3117.0, 2979.0, 3003.0, 3192.0, 3209.0, 3208.0, 3036.0, 3062.0, 3102.0, 2956.0, 3073.0, 3128.0, 3244.0, 3038.0, 3127.0, 3037.0, 3047.0, 3087.0, 3158.0, 3152.0, 3036.0, 2994.0, 3101.0, 3226.0, 3025.0, 3152.0, 3089.0, 3001.0, 3036.0, 2980.0, 3028.0, 3210.0, 3170.0, 3209.0]
Noised Result
[-5796.837827389883, -5294.396045270815, -4988.170828085836, -5386.781822530247, -5090.730581348041, -6862.2356108433105, -4650.417115651357, -3772.8028075265756, -6413.429578375999, -4229.361358607543, -4359.513881391091, -5235.697226259048, -4316.6561245200155, -5911.462965802395, -6677.874445055293, -5155.264612524671, -5358.2584556789325, -4364.1753517007755, -5273.877233483823, -3230.1458593693424, -5921.356304715122, -4780.418771248921, -4828.088326506642, -8021.819310644318, -5150.169531025132, -4981.010264352493, -5553.867796717496, -5012.803124716636, -5844.726516769662, -5205.24180685526, -3584.6639464925447, -8825.93798097424, -3584.9379892002007, -7643.187997680136, -6411.399626023034, -5596.7438365147045, -4747.481539933035, -5382.796238391916, -3763.3447190758498, -5803.484080099619, -5716.714635936448, -3634.56387360988, -6642.799458772308, -5260.753384170525, -3819.285132846726, -4973.834184273334, -4290.795258254528, -5425.728871149982, -5361.402999418608, -8002.0095601022695]
Time
5.442262887954712
The result for the 8th execution is
Query Result
[3116.0, 3133.0, 3058.0, 3107.0, 3174.0, 3175.0, 3116.0, 3111.0, 2986.0, 3164.0, 3118.0, 3038.0, 3209.0, 3155.0, 3259.0, 3239.0, 3117.0, 2979.0, 3003.0, 3192.0, 3209.0, 3208.0, 3036.0, 3062.0, 3102.0, 2956.0, 3073.0, 3128.0, 3244.0, 3038.0, 3127.0, 3037.0, 3047.0, 3087.0, 3158.0, 3152.0, 3036.0, 2994.0, 3101.0, 3226.0, 3025.0, 3152.0, 3089.0, 3001.0, 3036.0, 2980.0, 3028.0, 3210.0, 3170.0, 3209.0]
Noised Result
[-5243.533409010511, -4868.842090155602, -5287.92956773382, -4499.886974241806, -5203.239245508365, -4940.353750471662, -3943.1854764615227, -5524.828457278644, -5319.168090207505, -5186.933530291159, -5928.803561077559, -5072.44046013635, -7146.510299163672, -5451.117230531622, -5021.363297607781, -4695.877334403206, -3790.128557387492, -6966.410659274794, -4075.195652283517, -4748.056555215337, -4433.849394864649, -4516.877136450211, -4664.786260316108, -5446.754554663457, -3809.3369385673604, -4699.265126129844, -2605.5693339132868, -6880.334021878567, -4681.607321998401, -2396.7941271149375, -6100.485805627544, -4420.799482768707, -7590.511299737889, -5411.818587685234, -4897.21396715531, -3904.4285388732833, -8916.869089396996, -6892.195388300179, -6070.877846266303, -4794.06780079214, -4737.19754432434, -4385.356821652293, -4983.492236185522, -6045.6051282299795, -5116.891598764548, -5331.1278417097255, -6745.480608851551, -4961.463661918417, -5861.359465456078, -7529.086963420154]
Time
5.460391998291016
The result for the 9th execution is
Query Result
[3116.0, 3133.0, 3058.0, 3107.0, 3174.0, 3175.0, 3116.0, 3111.0, 2986.0, 3164.0, 3118.0, 3038.0, 3209.0, 3155.0, 3259.0, 3239.0, 3117.0, 2979.0, 3003.0, 3192.0, 3209.0, 3208.0, 3036.0, 3062.0, 3102.0, 2956.0, 3073.0, 3128.0, 3244.0, 3038.0, 3127.0, 3037.0, 3047.0, 3087.0, 3158.0, 3152.0, 3036.0, 2994.0, 3101.0, 3226.0, 3025.0, 3152.0, 3089.0, 3001.0, 3036.0, 2980.0, 3028.0, 3210.0, 3170.0, 3209.0]
Noised Result
[-4692.793593092779, -5300.910994487733, -5501.507603192216, -6139.356163338442, -4819.104672112324, -6035.876361170718, -6214.607353657302, -4183.75759122759, -2934.9819674338605, -5120.200632856206, -4728.30168066857, -3897.3186427555374, -5303.03118227852, -2763.4039462852015, -5522.055595246787, -5569.416494851785, -4733.636540170437, -3982.8050352980754, -5528.1116315459385, -3916.767123634705, -4580.013957009113, -5423.378135405716, -4227.502705095643, -5048.932573457578, -3763.172726289492, -5376.2753973239605, -5272.985986128339, -4947.454681149064, -7430.150911546138, -5647.501990883044, -4080.7110933815984, -4826.333541105247, -4574.960957479719, -5306.870505009794, -4956.78627938262, -4523.380528629138, -4467.464627222, -3618.8486865106943, -5829.042384061386, -2347.758270728762, -4587.0497760573635, -5814.572532801611, -3802.3430788021305, -3257.8578907514166, -5216.322471240737, -5871.165983218962, -4695.122602731369, -4171.944818551531, -7241.621144838966, -5193.2779620427755]
Time
5.448756456375122
The result for the 10th execution is
Query Result
[3116.0, 3133.0, 3058.0, 3107.0, 3174.0, 3175.0, 3116.0, 3111.0, 2986.0, 3164.0, 3118.0, 3038.0, 3209.0, 3155.0, 3259.0, 3239.0, 3117.0, 2979.0, 3003.0, 3192.0, 3209.0, 3208.0, 3036.0, 3062.0, 3102.0, 2956.0, 3073.0, 3128.0, 3244.0, 3038.0, 3127.0, 3037.0, 3047.0, 3087.0, 3158.0, 3152.0, 3036.0, 2994.0, 3101.0, 3226.0, 3025.0, 3152.0, 3089.0, 3001.0, 3036.0, 2980.0, 3028.0, 3210.0, 3170.0, 3209.0]
Noised Result
[-5809.165047864299, -3731.9954201341097, -7539.51187225823, -6681.161605776009, -4969.122638344056, -3727.6721508200008, -5223.806037320586, -4379.048002247801, -4236.559477305775, -5653.188505756107, -4692.173343453327, -3664.223558630516, -5527.301666363622, -4984.925908648871, -5046.097065748565, -4654.833150343333, -5054.957873623757, -5153.357081938077, -7900.570306061827, -4611.752805854981, -5211.8585117705925, -4913.496929221511, -4736.938163814328, -5618.68711059583, -5776.034711833501, -2323.3577692605522, -5007.2064083495725, -4610.07764081974, -4017.5059476291026, -3274.1638555359223, -5199.136967543683, -4622.8577407560915, -5102.159158587311, -5712.367566764924, -4422.456907434971, -5780.544873889345, -5559.09082804743, -6872.358038387714, -6450.321846786774, -4318.62647441131, -3854.3194443345365, -5254.60049510873, -8235.99660440219, -5916.383413136766, -4774.557215297529, -4400.653005824518, -4375.499207406332, -5419.674151810264, -5094.444068582395, -3789.1226902404214]
Time
5.588021755218506
The result for the 11th execution is
Query Result
[3116.0, 3133.0, 3058.0, 3107.0, 3174.0, 3175.0, 3116.0, 3111.0, 2986.0, 3164.0, 3118.0, 3038.0, 3209.0, 3155.0, 3259.0, 3239.0, 3117.0, 2979.0, 3003.0, 3192.0, 3209.0, 3208.0, 3036.0, 3062.0, 3102.0, 2956.0, 3073.0, 3128.0, 3244.0, 3038.0, 3127.0, 3037.0, 3047.0, 3087.0, 3158.0, 3152.0, 3036.0, 2994.0, 3101.0, 3226.0, 3025.0, 3152.0, 3089.0, 3001.0, 3036.0, 2980.0, 3028.0, 3210.0, 3170.0, 3209.0]
Noised Result
[-6104.7600752603485, -2846.2408506060674, -4975.27207241511, -5309.159687433309, -5760.832831933405, -5478.819836079747, -4924.821310267178, -5029.512905827966, -4972.761544321393, -4590.242957393358, -4735.95126271966, -4058.9934749712766, -5005.968442927159, -5540.358892635805, -6325.485351913834, -6191.899759324349, -5165.582449909515, -4631.764751695303, -5683.826460454112, -4500.9356613164, -4666.372234965584, -5326.663837240268, -4947.900810550196, -5464.361919910018, -4812.698276456937, -6680.137197475653, -3358.1437468781733, -5161.344550770101, -4830.657257503508, -4658.777822088348, -5631.3138248119385, -4497.946913923536, -4040.224814343306, -5330.06477183189, -4511.682447157725, -5382.03074533713, -4586.098195878762, -5188.769850327965, -4703.115432853207, -5044.581644754653, -5356.988273290787, -3981.8630594959877, -6957.482607901846, -4059.786411262882, -5209.827059712883, -4975.463656091889, -2094.8664650167666, -5801.558030004029, -4539.15970826782, -4541.520827207471]
Time
5.467267990112305
The result for the 12th execution is
Query Result
[3116.0, 3133.0, 3058.0, 3107.0, 3174.0, 3175.0, 3116.0, 3111.0, 2986.0, 3164.0, 3118.0, 3038.0, 3209.0, 3155.0, 3259.0, 3239.0, 3117.0, 2979.0, 3003.0, 3192.0, 3209.0, 3208.0, 3036.0, 3062.0, 3102.0, 2956.0, 3073.0, 3128.0, 3244.0, 3038.0, 3127.0, 3037.0, 3047.0, 3087.0, 3158.0, 3152.0, 3036.0, 2994.0, 3101.0, 3226.0, 3025.0, 3152.0, 3089.0, 3001.0, 3036.0, 2980.0, 3028.0, 3210.0, 3170.0, 3209.0]
Noised Result
[-5612.758264059216, -6393.807070221603, -4473.187727306405, -5375.32879234611, -5756.567911139, -5435.481622160892, -3878.036325502797, -5276.387806857801, -6918.295264002118, -5846.114202469254, -7117.272352960961, -4348.524894385834, -7336.742804610098, -6317.701116166638, -3561.8581156891596, -4869.345784314293, -3774.6233704223014, -3678.668655390047, -5716.423841696554, -4073.622153526493, -3736.765255593624, -4369.645120986769, -4411.938181739917, -4203.519468352358, -4898.399040752979, -4981.046255203185, -3309.3348720757494, -4711.038582859317, -3657.100568335596, -6857.80565217605, -7208.693679654825, -4691.529081164459, -2334.0010436108287, -4378.48578371985, -4196.022162130137, -5012.692246720515, -5884.400035864117, -5535.788750377373, -5114.994267173524, -3710.010515734408, -5419.836314521349, -5758.82529437284, -6000.123462002022, -5397.896933690329, -5898.640132032979, -6321.354345066673, -2501.453468765707, -5079.69770328971, -6088.297758176117, -4660.212956459201]
Time
5.459095478057861
The result for the 13th execution is
Query Result
[3116.0, 3133.0, 3058.0, 3107.0, 3174.0, 3175.0, 3116.0, 3111.0, 2986.0, 3164.0, 3118.0, 3038.0, 3209.0, 3155.0, 3259.0, 3239.0, 3117.0, 2979.0, 3003.0, 3192.0, 3209.0, 3208.0, 3036.0, 3062.0, 3102.0, 2956.0, 3073.0, 3128.0, 3244.0, 3038.0, 3127.0, 3037.0, 3047.0, 3087.0, 3158.0, 3152.0, 3036.0, 2994.0, 3101.0, 3226.0, 3025.0, 3152.0, 3089.0, 3001.0, 3036.0, 2980.0, 3028.0, 3210.0, 3170.0, 3209.0]
Noised Result
[-7507.689468821085, -5456.700724043884, -5263.1285854432945, -6235.2128561766185, -4447.974732637537, -4736.968203410205, -5503.234915269205, -4937.321232263542, -5383.685090692014, -6285.446846030311, -5964.596751973037, -5522.639409100719, -5143.680102230973, -3621.3872217174267, -5110.765260711855, -4684.740027334626, -4928.961657913636, -3933.044011717011, -5546.147696658127, -4311.97029765894, -5317.5149283760275, -5794.069511294254, -5856.3734878731875, -5149.138973076042, -5041.641898153864, -6403.563996690513, -5809.977241967368, -9205.091769588464, -6129.619477253533, -6218.263014065062, -5734.33142412883, -5638.043425736803, -6799.86399928744, -4825.9380486813725, -3237.9707977516346, -5468.255158532934, -4707.098098528908, -6318.974336242332, -5834.456205398743, -3958.3859879339716, -5308.353743696964, -4749.12041219428, -7105.893600644582, -5112.521713406733, -5283.777028512805, -5945.839164372435, -5632.11328242993, -4118.0989741841, -4638.357787166905, -4930.424463711086]
Time
5.400412082672119
The result for the 14th execution is
Query Result
[3116.0, 3133.0, 3058.0, 3107.0, 3174.0, 3175.0, 3116.0, 3111.0, 2986.0, 3164.0, 3118.0, 3038.0, 3209.0, 3155.0, 3259.0, 3239.0, 3117.0, 2979.0, 3003.0, 3192.0, 3209.0, 3208.0, 3036.0, 3062.0, 3102.0, 2956.0, 3073.0, 3128.0, 3244.0, 3038.0, 3127.0, 3037.0, 3047.0, 3087.0, 3158.0, 3152.0, 3036.0, 2994.0, 3101.0, 3226.0, 3025.0, 3152.0, 3089.0, 3001.0, 3036.0, 2980.0, 3028.0, 3210.0, 3170.0, 3209.0]
Noised Result
[-5848.043296753793, -4947.636520073298, -5256.490710517859, -5330.253104469806, -4931.499623662625, -5205.156209353518, -3604.528865524352, -6008.433496422707, -6128.694024544542, -4067.1555346490077, -1966.3723431616108, -5853.877697216536, -4531.472700166917, -3912.678729157289, -3573.5696359886215, -4827.352749871239, -1380.9428541880152, -5125.794674950581, -5094.378668586246, -7909.8536323098, -4874.959132455799, -4120.687268404749, -5160.903885661036, -4823.19855287766, -7344.190101640332, -5601.763584197278, -5173.598622917908, -4789.961815060795, -3521.169127297494, -5481.224299898655, -5148.49887929445, -6556.901362917044, -5411.550995129778, -4936.109432416858, -3351.4526869786005, -4196.295297740116, -5022.314792864376, -4462.158376371653, -3958.9544682410487, -3465.8632904535143, -3602.0675935216686, -5019.721915412437, -5960.608960281908, -5293.203297512962, -6394.722334191156, -5672.825204980201, -5026.1030624164205, -5209.215059345007, -4364.651955144748, -5134.2735479772355]
Time
5.460133790969849
The result for the 15th execution is
Query Result
[3116.0, 3133.0, 3058.0, 3107.0, 3174.0, 3175.0, 3116.0, 3111.0, 2986.0, 3164.0, 3118.0, 3038.0, 3209.0, 3155.0, 3259.0, 3239.0, 3117.0, 2979.0, 3003.0, 3192.0, 3209.0, 3208.0, 3036.0, 3062.0, 3102.0, 2956.0, 3073.0, 3128.0, 3244.0, 3038.0, 3127.0, 3037.0, 3047.0, 3087.0, 3158.0, 3152.0, 3036.0, 2994.0, 3101.0, 3226.0, 3025.0, 3152.0, 3089.0, 3001.0, 3036.0, 2980.0, 3028.0, 3210.0, 3170.0, 3209.0]
Noised Result
[-4721.250146757102, -3890.6936846446997, -5575.751919799532, -1600.7157522750158, -5856.838495077873, -4974.931091084326, -5053.610806235041, -5143.718635706533, -5379.420423218901, -5443.691201273168, -3769.4839240218225, -4225.850224625464, -4264.229258503819, -5789.835197080272, -5418.334189813912, -4709.900622997495, -2548.260406588407, -5515.690551452645, -4835.275187214914, -5435.330388269056, -4869.087617690443, -4980.960804277695, -4296.696498499656, -4652.135814568351, -4626.7224033793855, -8242.330929717884, -5553.693578385043, -5883.9918579378045, -5889.605944953206, -5419.952977335056, -5979.376925858403, -2200.651258636174, -4552.835629151913, -4441.067384789062, -7889.38412385467, -3894.1913386289407, -4415.295595011707, -6590.284300627223, -3736.530908504342, -5444.351741818665, -4055.5443863583278, -5282.625804244543, -5118.694993356919, -3480.489681799854, -4800.091245085355, -2460.8436472848152, -3833.036902081133, -4788.588722395172, -6681.398428516399, -5617.750424679025]
Time
5.492052793502808
The result for the 16th execution is
Query Result
[3116.0, 3133.0, 3058.0, 3107.0, 3174.0, 3175.0, 3116.0, 3111.0, 2986.0, 3164.0, 3118.0, 3038.0, 3209.0, 3155.0, 3259.0, 3239.0, 3117.0, 2979.0, 3003.0, 3192.0, 3209.0, 3208.0, 3036.0, 3062.0, 3102.0, 2956.0, 3073.0, 3128.0, 3244.0, 3038.0, 3127.0, 3037.0, 3047.0, 3087.0, 3158.0, 3152.0, 3036.0, 2994.0, 3101.0, 3226.0, 3025.0, 3152.0, 3089.0, 3001.0, 3036.0, 2980.0, 3028.0, 3210.0, 3170.0, 3209.0]
Noised Result
[-4434.251572025879, -4051.571681503491, -4780.663186865614, -5369.882517405534, -5148.984318831515, -4526.136508471308, -5329.169690182303, -5136.609036592482, -6464.711731412117, -4409.972567836797, -4359.035220854352, -5809.339197636611, -5293.112692290752, -5448.1969081216, -4757.552196355883, -4450.996916630448, -4581.697760437771, -5041.265592899954, -3496.8371895815126, -5590.897655089217, -5194.698985345198, -4471.661037115993, -5804.311235593823, -6796.179828243743, -3859.7767257695195, -4465.86156323825, -6697.393171898333, -4465.516536661239, -3517.8248288788564, -4949.961303712091, -4604.6361204448785, -5297.035158957391, -3908.7166481718286, -2610.925107401952, -4811.879793287353, -5284.773119711612, -5643.323114811944, -5395.564928955165, -5223.395272940012, -4410.133028061542, -5074.144587733544, -7069.203250930685, -4424.3145349410015, -6906.095655577739, -4193.393135033461, -2840.4446224225812, -4673.516304989325, -3725.815267241567, -8596.852966487153, -2381.5311109554186]
Time
5.537310361862183
The result for the 17th execution is
Query Result
[3116.0, 3133.0, 3058.0, 3107.0, 3174.0, 3175.0, 3116.0, 3111.0, 2986.0, 3164.0, 3118.0, 3038.0, 3209.0, 3155.0, 3259.0, 3239.0, 3117.0, 2979.0, 3003.0, 3192.0, 3209.0, 3208.0, 3036.0, 3062.0, 3102.0, 2956.0, 3073.0, 3128.0, 3244.0, 3038.0, 3127.0, 3037.0, 3047.0, 3087.0, 3158.0, 3152.0, 3036.0, 2994.0, 3101.0, 3226.0, 3025.0, 3152.0, 3089.0, 3001.0, 3036.0, 2980.0, 3028.0, 3210.0, 3170.0, 3209.0]
Noised Result
[-6169.661691462565, -4772.06896944867, -2888.9046086296657, -5991.284794823665, -5513.22795993665, -5830.834504016333, -4844.604682653293, -3879.824161441489, -4592.4712838521955, -5370.322225469534, -5494.691745379288, -5734.831032087293, -4685.36602842912, -7133.855227130265, -4394.111948079448, -7242.208876978279, -5327.398644465682, -4593.170124108713, -4584.996615064144, -4506.4831010139615, -2772.834881377089, -4759.9951706122865, -6938.152912183532, -10144.253987638811, -5147.825699557973, -4462.299860599296, -4998.04597308803, -5963.228120988437, -3969.2342125381756, -4854.402526150248, -4923.693495617057, -5750.878268109243, -4256.624661914913, -5127.1194129865335, -7268.7619736846445, -4957.011260763083, -4908.47477063767, -5199.009847391021, -4809.725293821595, -8366.803453568557, -5605.585823570463, -6105.537435813796, -5462.8894263234715, -2803.207480478797, -3727.4165220260393, -5738.58212604437, -3907.4127874039905, -4449.862008351513, -5297.758842211782, -5288.171485401093]
Time
5.512864112854004
The result for the 18th execution is
Query Result
[3116.0, 3133.0, 3058.0, 3107.0, 3174.0, 3175.0, 3116.0, 3111.0, 2986.0, 3164.0, 3118.0, 3038.0, 3209.0, 3155.0, 3259.0, 3239.0, 3117.0, 2979.0, 3003.0, 3192.0, 3209.0, 3208.0, 3036.0, 3062.0, 3102.0, 2956.0, 3073.0, 3128.0, 3244.0, 3038.0, 3127.0, 3037.0, 3047.0, 3087.0, 3158.0, 3152.0, 3036.0, 2994.0, 3101.0, 3226.0, 3025.0, 3152.0, 3089.0, 3001.0, 3036.0, 2980.0, 3028.0, 3210.0, 3170.0, 3209.0]
Noised Result
[-4725.525931924848, -4469.347005712317, -4755.376729515814, -6010.073456135058, -5735.526380817713, -5385.26160874782, -5510.638830588201, -4250.225749575227, -6794.108914128543, -4819.476023209015, -4009.9360779051694, -3910.950347877999, -4328.432336059143, -5037.287512397969, -5487.065565692136, -7060.655021028671, -6083.44179579519, -5610.6865818986935, -4616.12526597132, -5149.605196312897, -4382.136993041751, -5012.337718781782, -4291.563682605495, -2780.5239351309465, -7274.080591802205, -4674.561773084109, -5715.498994516991, -5632.668617505617, -4811.88145387049, -4739.329702867617, -5383.918497966322, -5173.034215532717, -4856.24999268833, -5095.377912393428, -3558.7536735692584, -5765.361127665041, -5149.140198981419, -4866.353512083789, -4646.6151746132855, -5641.95891235958, -5006.664093413544, -4950.8925662688725, -3397.935010936695, -5331.345387649248, -3861.897000923468, -7424.550453063444, -4186.302111527663, -5252.461361344506, -6052.0898806031255, -6468.298194294208]
Time
5.417898178100586
The result for the 19th execution is
Query Result
[3116.0, 3133.0, 3058.0, 3107.0, 3174.0, 3175.0, 3116.0, 3111.0, 2986.0, 3164.0, 3118.0, 3038.0, 3209.0, 3155.0, 3259.0, 3239.0, 3117.0, 2979.0, 3003.0, 3192.0, 3209.0, 3208.0, 3036.0, 3062.0, 3102.0, 2956.0, 3073.0, 3128.0, 3244.0, 3038.0, 3127.0, 3037.0, 3047.0, 3087.0, 3158.0, 3152.0, 3036.0, 2994.0, 3101.0, 3226.0, 3025.0, 3152.0, 3089.0, 3001.0, 3036.0, 2980.0, 3028.0, 3210.0, 3170.0, 3209.0]
Noised Result
[-5117.8430369947055, -4966.727151505139, -7594.234112065602, -5184.607706621201, -4528.121886898242, -2882.651103133254, -5931.258705252203, -4726.366853264476, -2469.260031578642, -5398.250057295984, -4185.16617517609, -5851.515061396189, -4039.302100833236, -5336.657846724326, -5142.798075768427, -3206.369537456141, -7667.947359650134, -5398.082817138729, -4559.854052067542, -6868.882870260137, -966.1476498749639, -3762.777780666939, -5227.590896483571, -4490.821774983846, -4680.152453913483, -5896.746950142122, -4746.84958227903, -5209.766553715922, -5458.470670830164, -4674.8929729852925, -4842.330329107529, -5290.135185688265, -4407.157987883864, -5210.717249839471, -6179.081246687561, -4630.880736563375, -5741.965951286023, -4815.852723690384, -5459.914116235098, -4965.049384803152, -5011.553520151036, -5214.788775592863, -4816.044164640213, -5903.382248677539, -5753.155890039052, -5447.171061883476, -5508.34247496644, -5410.377212907866, -5771.8510439495585, -4213.917599073292]
Time
5.405468702316284
