The result for the 0th execution is
Query Result
[757.0, 825.0, 771.0, 818.0, 783.0, 710.0, 828.0, 775.0, 812.0, 823.0, 762.0, 812.0, 813.0, 794.0, 772.0, 769.0, 816.0, 712.0, 771.0, 794.0, 752.0, 814.0, 716.0, 762.0, 784.0, 756.0, 750.0, 726.0, 706.0, 799.0, 741.0, 751.0, 728.0, 742.0, 812.0, 796.0, 757.0, 797.0, 755.0, 701.0, 775.0, 764.0, 744.0, 784.0, 756.0, 771.0, 774.0, 734.0, 836.0, 759.0]
Noised Result
[-1633.9013354424833, -1258.5324172422022, -502.17004572117276, -1385.506597572325, -1427.7864412586264, -1495.4849211584908, -1356.6218790291248, -1483.3620195499116, -1375.8067918900083, -1667.2199208666048, -1436.4907712106462, -1517.6363779702601, -1572.822497891525, -1095.3594656646626, -1454.6078084366331, -1142.7905073309475, -1828.749585353612, -1611.0569635255579, -1487.059188259735, -1444.9327449101575, -1957.4941535284197, -1516.3716551347234, -1668.6147133239701, -1239.9137781655847, -1440.5920789462693, -1566.611815569598, -1672.1211034407415, -1702.9525521689561, -1721.664730326646, -1018.031703904896, -1684.0287536385613, -1474.946460590318, -1792.6828614751194, -1378.6821410734717, -1059.4848158068958, -2420.3291679752106, -1425.1745090409227, -1436.4355173361798, -1118.334125230461, -1560.6863578842194, -1614.315398285496, -1583.970154736568, -1682.1649740018079, -1480.3422825369084, -1840.6192016286905, -1656.5266239421899, -986.9147944897472, -1846.733294836753, -1479.414675521185, -1632.3556974805133]
Time
4.004574537277222
The result for the 1th execution is
Query Result
[757.0, 825.0, 771.0, 818.0, 783.0, 710.0, 828.0, 775.0, 812.0, 823.0, 762.0, 812.0, 813.0, 794.0, 772.0, 769.0, 816.0, 712.0, 771.0, 794.0, 752.0, 814.0, 716.0, 762.0, 784.0, 756.0, 750.0, 726.0, 706.0, 799.0, 741.0, 751.0, 728.0, 742.0, 812.0, 796.0, 757.0, 797.0, 755.0, 701.0, 775.0, 764.0, 744.0, 784.0, 756.0, 771.0, 774.0, 734.0, 836.0, 759.0]
Noised Result
[-1536.328405926292, -974.5759944037015, -1568.5881437272374, -1535.0710135486806, -2121.7069914662834, -1479.0537534847006, -1889.5958472380398, -1932.9250020721183, -1769.9341761624264, -945.6021795281761, -1724.097305911498, -1631.0729518230037, -1621.9900972037804, -1594.6523715002727, -1026.0475138575275, -2338.234683769724, -1060.4452983488864, -1236.2205271230314, -1159.3381658105884, -1626.144400314466, -1339.708028792275, -1383.084194204786, -1508.790240629994, -965.7122554769876, -1233.176211733207, -1861.068659435049, -1108.6739682500315, -1348.8878187005723, -1481.1014692120493, -1398.930810823039, -1394.8969153836763, -1567.8901278273788, -1207.1374387910591, -1556.451384975952, -1449.5572536450327, -1710.4596723347336, -1822.6950614751618, -1729.2653067876063, -1484.8066214211308, -1528.2323147107654, -1412.614481934762, -1628.298116562747, -1450.3787207119988, -1041.654206649721, -1094.8304068414513, -1890.908052037827, -1468.7378677333568, -1356.416025930379, -1411.2453841902495, -1662.2736863609807]
Time
4.004428863525391
The result for the 2th execution is
Query Result
[757.0, 825.0, 771.0, 818.0, 783.0, 710.0, 828.0, 775.0, 812.0, 823.0, 762.0, 812.0, 813.0, 794.0, 772.0, 769.0, 816.0, 712.0, 771.0, 794.0, 752.0, 814.0, 716.0, 762.0, 784.0, 756.0, 750.0, 726.0, 706.0, 799.0, 741.0, 751.0, 728.0, 742.0, 812.0, 796.0, 757.0, 797.0, 755.0, 701.0, 775.0, 764.0, 744.0, 784.0, 756.0, 771.0, 774.0, 734.0, 836.0, 759.0]
Noised Result
[-1433.1713153206283, -1654.3912929375006, -1445.3194418170715, -1411.4001852122851, -1682.1301036184368, -1343.676344676923, -1387.6412460000201, -1490.2746411258645, -1089.262428061987, -1462.2488018639624, -1415.1561836946155, -1361.1575799648656, -1422.021861419924, -1229.6575130590081, -1492.2259523955095, -1496.1711942899228, -1399.6043879019742, -1500.4843898135455, -1365.06001277907, -1236.8491661806559, -1537.4450525298303, -1451.7644786605347, -1752.753017538368, -1037.0084751998288, -1477.5390660330104, -1845.5623908704315, -1806.0420439196687, -1273.936584636554, -1506.9395690827437, -1167.4014377820483, -1184.400351705026, -1974.8617199389264, -1802.2249782025378, -1467.4461218625754, -1671.3453618108601, -1622.207053447221, -1828.8105764700294, -1346.794263183915, -1287.922804480272, -1536.8730517915646, -1580.9179556672507, -1356.7845417564943, -1733.2946382262885, -1741.701290000843, -1417.969790158516, -1636.3231938646236, -1425.2393623222638, -1502.5671627360853, -1281.506501521763, -780.6775678985555]
Time
3.906461000442505
The result for the 3th execution is
Query Result
[757.0, 825.0, 771.0, 818.0, 783.0, 710.0, 828.0, 775.0, 812.0, 823.0, 762.0, 812.0, 813.0, 794.0, 772.0, 769.0, 816.0, 712.0, 771.0, 794.0, 752.0, 814.0, 716.0, 762.0, 784.0, 756.0, 750.0, 726.0, 706.0, 799.0, 741.0, 751.0, 728.0, 742.0, 812.0, 796.0, 757.0, 797.0, 755.0, 701.0, 775.0, 764.0, 744.0, 784.0, 756.0, 771.0, 774.0, 734.0, 836.0, 759.0]
Noised Result
[-1886.269388086294, -1685.1480377749754, -1197.2871415200937, -1252.1557394997367, -1549.9289905130227, -1512.154323954141, -1470.482280274341, -1562.403319713732, -1129.897906638292, -1292.878316357552, -1882.1986811907782, -1267.20079343253, -1319.1148233419585, -1644.0827422065076, -1461.0785151643836, -1286.4574847340848, -1578.432548387209, -1678.9965096241508, -1312.1401751747003, -980.5283770993815, -1628.4405036852827, -695.1990381671976, -1967.2689831416292, -364.4664825291195, -1498.7448367029378, -1156.4209831439694, -1455.0261152062621, -1554.8029247351087, -1357.9459907664072, -2606.9326419553818, -2310.213826637522, -1162.321286123571, -1754.8347518139635, -1664.2313915955256, -1707.19519318645, -1463.0498424645643, -1528.0629740298805, -1396.894718682871, -1436.189174378829, -1210.9138188291727, -1445.6404785939135, -1301.8218903162558, -1548.7317967731428, -1236.2063192406363, -1853.700418405016, -1566.0048194104606, -1465.4276160606455, -1944.8132939932925, -1288.2760601179634, -1872.3086175082444]
Time
4.046189546585083
The result for the 4th execution is
Query Result
[757.0, 825.0, 771.0, 818.0, 783.0, 710.0, 828.0, 775.0, 812.0, 823.0, 762.0, 812.0, 813.0, 794.0, 772.0, 769.0, 816.0, 712.0, 771.0, 794.0, 752.0, 814.0, 716.0, 762.0, 784.0, 756.0, 750.0, 726.0, 706.0, 799.0, 741.0, 751.0, 728.0, 742.0, 812.0, 796.0, 757.0, 797.0, 755.0, 701.0, 775.0, 764.0, 744.0, 784.0, 756.0, 771.0, 774.0, 734.0, 836.0, 759.0]
Noised Result
[-1472.518860620524, -2015.1952227341399, -1947.0143105414868, -1417.2141670573963, -1140.2841809379313, -2060.033677459809, -1761.6017777100224, -1298.9854750121717, -1771.4419764213508, -1415.4619361564683, -882.5179585918199, -1506.3117220913923, -1722.9720773054933, -972.762302469207, -2140.9071134242577, -1142.8192332209737, -1574.9772822412892, -1600.7277437726857, -1534.3763714130118, -1462.542359271115, -1293.0488428168824, -493.3786584630773, -1279.5257551563204, -1647.7731349414425, -1500.2706679292587, -1562.1398885457324, -1496.8663943303222, -1800.4450793415917, -1206.6171952884436, -1545.157901375805, -1543.846245489448, -2038.1323694149273, -1324.6655368733204, -1117.199769805652, -1411.8895775512574, -1687.5788435123923, -1360.6425588426898, -1476.8435901156904, -1617.7830487504439, -1324.9178476355405, -1452.955227192881, -1482.795272764186, -1314.8857192337146, -1470.7306368484906, -1568.1823746820874, -1425.9201379273102, -1521.8301295436568, -1622.5436158557654, -1587.0478710029024, -1535.6885937113789]
Time
3.967973232269287
The result for the 5th execution is
Query Result
[757.0, 825.0, 771.0, 818.0, 783.0, 710.0, 828.0, 775.0, 812.0, 823.0, 762.0, 812.0, 813.0, 794.0, 772.0, 769.0, 816.0, 712.0, 771.0, 794.0, 752.0, 814.0, 716.0, 762.0, 784.0, 756.0, 750.0, 726.0, 706.0, 799.0, 741.0, 751.0, 728.0, 742.0, 812.0, 796.0, 757.0, 797.0, 755.0, 701.0, 775.0, 764.0, 744.0, 784.0, 756.0, 771.0, 774.0, 734.0, 836.0, 759.0]
Noised Result
[-1454.812976237134, -1689.6962300772611, -1580.6110330306146, -1499.6747415715545, -806.7970559621933, -1572.2653711889284, -1339.7701914005706, -1478.739770324465, -1394.724033739633, -1484.77155181242, -953.1804580735461, -1037.1515134286049, -2213.9600886183903, -1376.5121874848144, -1709.4751345739828, -1435.3059138723675, -1502.584439689429, -1888.120162141196, -1605.6644364940462, -1646.614275231867, -1481.4341964010432, -1567.912015815536, -1566.0858861994152, -1534.2750502552062, -1537.0353148708, -1513.2920695759476, -1134.7897365654514, -1518.7120045501479, -1381.807245382115, -1189.8521611056417, -1424.5128646276987, -1474.6971038440806, -1584.206537185706, -1318.2405794070644, -1624.841595587705, -1624.2755234399087, -1768.4222144127962, -1459.0908084442485, -1451.682093311934, -2115.5719643347393, -1472.1780357271869, -1637.7647694114971, -2254.8463609240785, -1284.4476172609116, -1596.9645429733391, -1469.4971867041718, -2394.2908569517613, -1756.0239204524332, -1616.9764741219733, -1481.2876373554352]
Time
3.67535662651062
The result for the 6th execution is
Query Result
[757.0, 825.0, 771.0, 818.0, 783.0, 710.0, 828.0, 775.0, 812.0, 823.0, 762.0, 812.0, 813.0, 794.0, 772.0, 769.0, 816.0, 712.0, 771.0, 794.0, 752.0, 814.0, 716.0, 762.0, 784.0, 756.0, 750.0, 726.0, 706.0, 799.0, 741.0, 751.0, 728.0, 742.0, 812.0, 796.0, 757.0, 797.0, 755.0, 701.0, 775.0, 764.0, 744.0, 784.0, 756.0, 771.0, 774.0, 734.0, 836.0, 759.0]
Noised Result
[-1315.6748010900224, -1457.7868739614537, -1713.0279672317101, -1382.3794094581226, -1406.7931357195241, -1778.9585265655883, -1295.9858243627282, -1235.598700516957, -2118.327966864616, -1690.8439498642874, -1958.4361304966178, -1446.2645759753514, -881.0139799685571, -967.9166992698795, -1617.7468746123654, -1219.73490697349, -990.0357662559056, -1909.6633617998532, -719.7787909594122, -1706.4523510293361, -1930.9851863583617, -1628.6614212837044, -1387.583142994055, -2139.682104249117, -2147.9805805855385, -1362.181762960065, -1758.1314862395693, -1619.182531647466, -1749.5005946113147, -1827.3435294647393, -1822.8127787593862, -1881.4233689681732, -1422.364008261394, -1532.723153118994, -1420.9162891052638, -1977.2845349122163, -1480.7330440552187, -1072.8192565559984, -1104.169066258342, -95.06178043542445, -456.7075195009611, -1671.3502341002359, -1622.0780033464225, -1170.1095192773087, -1447.3252097434997, -1277.2436912333449, -1305.774002364737, -1647.049381639209, -1077.691533622921, -1572.9889775858019]
Time
4.167953252792358
The result for the 7th execution is
Query Result
[757.0, 825.0, 771.0, 818.0, 783.0, 710.0, 828.0, 775.0, 812.0, 823.0, 762.0, 812.0, 813.0, 794.0, 772.0, 769.0, 816.0, 712.0, 771.0, 794.0, 752.0, 814.0, 716.0, 762.0, 784.0, 756.0, 750.0, 726.0, 706.0, 799.0, 741.0, 751.0, 728.0, 742.0, 812.0, 796.0, 757.0, 797.0, 755.0, 701.0, 775.0, 764.0, 744.0, 784.0, 756.0, 771.0, 774.0, 734.0, 836.0, 759.0]
Noised Result
[-1068.7926413665496, -1981.3162030238577, -1468.0058560582038, -1514.8156688352892, -1564.0969188260233, -1583.7321174451804, -1634.1049846980782, -1546.5244644963582, -1366.7989098216872, -1212.094613090391, -1746.609967793912, -1276.518909263738, -1260.9643200303549, -1709.6792003281812, -1691.6149585290668, -1612.842599765274, -1637.3340855658125, -1519.0618777902441, -1610.8350090823424, -1452.4076827138192, -1618.2704953738044, -1761.4446701836619, -1044.2727955513642, -1857.4437773648424, -1452.6554180421613, -1981.7779714934895, -1546.0205009176611, -1492.754375590498, -1483.0819991366761, -1579.9330401258385, -1333.370196579575, -1889.9957711844236, -1666.5357803089564, -1492.453858421506, -1773.3772224649601, -1161.210194916026, -1117.7383912125688, -1789.386404884006, -1625.2953019366437, -1832.413964132581, -1671.187909735057, -1433.0223237575294, -1448.2050499681282, -1450.7237631703988, -1527.7231235095069, -1456.1927038991678, -1351.2130133430771, -1605.9182294088355, -1409.9163429657042, -1434.4257003280545]
Time
3.9739906787872314
The result for the 8th execution is
Query Result
[757.0, 825.0, 771.0, 818.0, 783.0, 710.0, 828.0, 775.0, 812.0, 823.0, 762.0, 812.0, 813.0, 794.0, 772.0, 769.0, 816.0, 712.0, 771.0, 794.0, 752.0, 814.0, 716.0, 762.0, 784.0, 756.0, 750.0, 726.0, 706.0, 799.0, 741.0, 751.0, 728.0, 742.0, 812.0, 796.0, 757.0, 797.0, 755.0, 701.0, 775.0, 764.0, 744.0, 784.0, 756.0, 771.0, 774.0, 734.0, 836.0, 759.0]
Noised Result
[-1453.990919398284, -1800.032589487641, -1257.708469826985, -1768.8603739805494, -1483.0083548554703, -1437.756598323458, -1612.5223911013832, -1789.7239162357114, -1744.2124174355126, -1664.8824519643604, -1512.7549314874223, -1769.491698151452, -1397.3783291049062, -984.1924809262382, -1617.8111757095135, -1553.290206901353, -1418.84665649482, -2009.6727974861737, -1758.2291240682812, -1545.268366594295, -1570.7437241952084, -666.6740015817923, -1599.8444141728546, -1461.063886461658, -1492.56105704828, -1651.330246600569, -349.0606790328434, -1869.5069439831013, -2252.038822120194, -1708.0548702533192, -1468.5655011848567, -1464.9777343275232, -1615.2368172483311, -1536.3390826872023, -1486.1197449527826, -1725.1514999423998, -1467.18268772587, -1445.646061828908, -1508.2966043246875, -1442.769491824998, -1497.1938824699728, -928.385758698689, -1718.5352096157585, -1656.1295930969436, -1490.3701325737343, -1939.118061264301, -1007.0016419327924, -1921.59211280613, -1779.1766423996246, -1428.6671458005767]
Time
3.9749834537506104
The result for the 9th execution is
Query Result
[757.0, 825.0, 771.0, 818.0, 783.0, 710.0, 828.0, 775.0, 812.0, 823.0, 762.0, 812.0, 813.0, 794.0, 772.0, 769.0, 816.0, 712.0, 771.0, 794.0, 752.0, 814.0, 716.0, 762.0, 784.0, 756.0, 750.0, 726.0, 706.0, 799.0, 741.0, 751.0, 728.0, 742.0, 812.0, 796.0, 757.0, 797.0, 755.0, 701.0, 775.0, 764.0, 744.0, 784.0, 756.0, 771.0, 774.0, 734.0, 836.0, 759.0]
Noised Result
[-2041.602684953401, -1637.0733841064725, -2172.816720849641, -1258.115458685683, -1511.429326734807, -1423.4833904305992, -1709.6851322444036, -1574.897066182571, -1328.1706877422412, -1470.9630176636142, -1097.2036595260297, -1010.5277279974484, -1457.122408872644, -1474.7866390056793, -1853.4593462529442, -1291.4617007665147, -1477.895484352532, -1465.1087486003357, -1383.2517853520844, -1495.5366215168679, -1777.3403065630528, -1450.279267013099, -1757.5844680267373, -1931.4973218320201, -1822.8838178344095, -2233.5978293884064, -1398.7192217033653, -1524.4740688011566, -1668.543780016812, -1340.5279273430365, -1981.2577873568139, -1325.3271609830153, -1441.6867407469183, -1958.373117246506, -1348.0775725593246, -1799.319058135145, -1435.9564251415186, -1158.4002665689256, -1463.511344362851, -1540.541554022927, -1073.76869274625, -1538.9890300346533, -1588.7807157815787, -1237.3337375720455, -1335.6771669587017, -1247.33311513623, -970.0959422373478, -1259.7531893828677, -1603.4242066978472, -957.9264652050633]
Time
3.96722674369812
The result for the 10th execution is
Query Result
[757.0, 825.0, 771.0, 818.0, 783.0, 710.0, 828.0, 775.0, 812.0, 823.0, 762.0, 812.0, 813.0, 794.0, 772.0, 769.0, 816.0, 712.0, 771.0, 794.0, 752.0, 814.0, 716.0, 762.0, 784.0, 756.0, 750.0, 726.0, 706.0, 799.0, 741.0, 751.0, 728.0, 742.0, 812.0, 796.0, 757.0, 797.0, 755.0, 701.0, 775.0, 764.0, 744.0, 784.0, 756.0, 771.0, 774.0, 734.0, 836.0, 759.0]
Noised Result
[-1629.7274295340144, -1317.5582431928701, -881.2791461132997, -1439.6011230405793, -1708.9957796247904, -1575.9545625601072, -1667.190104109497, -1304.074454802788, -1478.6895338985619, -1121.3719144922902, -1612.0965634058102, -1450.9385698139445, -1594.8573254457515, -1619.7935895440964, -1035.8522751476364, -1849.8843887990292, -1362.2361289983455, -1634.0319214747788, -1996.6016955249738, -1353.8689235210832, -1681.2076074491924, -1487.6242317900992, -1593.8919394425466, -1557.6633837200957, -1247.798464638216, -1435.25460651949, -1189.9712297642218, -1603.4857366370884, -816.2717173519302, -1407.0269627657408, -1494.3306407569871, -1478.447320029402, -1744.8657370871915, -1194.0940216763845, -1586.8106577137573, -1777.5896745703258, -1107.2357724637195, -1759.9667999063113, -1606.472307582112, -1530.424690023839, -1434.303997422723, -1499.4898100230844, -1857.6802743225908, -1500.3611677270878, -1539.6080634926884, -2029.3352834923403, -1402.7719988685158, -1015.2435161771261, -1381.0905311739232, -1118.9102492405207]
Time
3.9469099044799805
The result for the 11th execution is
Query Result
[757.0, 825.0, 771.0, 818.0, 783.0, 710.0, 828.0, 775.0, 812.0, 823.0, 762.0, 812.0, 813.0, 794.0, 772.0, 769.0, 816.0, 712.0, 771.0, 794.0, 752.0, 814.0, 716.0, 762.0, 784.0, 756.0, 750.0, 726.0, 706.0, 799.0, 741.0, 751.0, 728.0, 742.0, 812.0, 796.0, 757.0, 797.0, 755.0, 701.0, 775.0, 764.0, 744.0, 784.0, 756.0, 771.0, 774.0, 734.0, 836.0, 759.0]
Noised Result
[-1645.9624037444992, -967.3440709457138, -1485.0665590098042, -1560.278264534994, -1497.4916131083505, -1664.1000652838247, -1596.9318480193574, -850.7865017093279, -1530.488587130019, -1610.2778429449745, -1475.5803237798093, -2397.9714809768466, -1563.033074856873, -1501.7135045331393, -1285.3059462104072, -1597.2491539407547, -1521.098103685793, -2358.0937689051525, -1400.0295743002644, 9685.528102787677, -1387.3721417889722, -1422.3812334587187, -2278.7245964819504, -1329.6988840827498, -1620.7830420431183, -1344.77900272974, -1521.5864835725047, -1647.219451372187, -1548.0351214456828, -980.5925656491036, -2001.1317472014612, -648.4120140166799, 10.85920146759213, -1460.498263456699, -1292.769564859554, -1079.50772545813, -1674.8947379751703, -1389.9650731367224, -1280.4018513871283, -1611.4966564610327, -1500.3695987493247, -907.9602973065498, -1635.841102804557, -1205.6194862457075, -1259.179818615748, -1418.3406329129134, -1257.5728233864215, -1593.497825244861, -1632.3549231389902, -1299.63336928429]
Time
4.067304849624634
The result for the 12th execution is
Query Result
[757.0, 825.0, 771.0, 818.0, 783.0, 710.0, 828.0, 775.0, 812.0, 823.0, 762.0, 812.0, 813.0, 794.0, 772.0, 769.0, 816.0, 712.0, 771.0, 794.0, 752.0, 814.0, 716.0, 762.0, 784.0, 756.0, 750.0, 726.0, 706.0, 799.0, 741.0, 751.0, 728.0, 742.0, 812.0, 796.0, 757.0, 797.0, 755.0, 701.0, 775.0, 764.0, 744.0, 784.0, 756.0, 771.0, 774.0, 734.0, 836.0, 759.0]
Noised Result
[-1805.9087115769871, -1542.337237164641, -1444.4368942953413, -1730.3070857602916, -1543.5560612063555, -942.9973063926514, -1484.1671643694372, -1332.8558924138986, -1646.1029445627091, -1485.4141475855922, -1222.4080830081746, -1669.5265028711156, -2364.433003866966, -1968.7857454238533, -1326.7812802270166, -1223.6615483966061, -1221.7298088634882, -1610.0785826348333, -2036.0905479656772, -1357.651766252896, -1108.6026427402362, -1534.0505419112342, -1622.9272385780523, -1513.0248691816337, -1788.4108478559451, -1664.2757003185193, -1457.5385893374494, -1440.2589263392574, -1563.0125128523046, -1619.6358054398788, -1205.8171404458342, -1696.8264271078497, -1641.5713596965206, -1226.0384955325203, -1450.526408356313, -1599.6265851168196, -1466.5492448957762, -1697.0192068284177, -1289.5205491643696, -1462.9998978999297, -1188.170078484207, -1770.6090574019254, -1295.4441815802795, -1737.091133413467, -1966.9874887139044, -1444.8547288485438, -1233.9441164079458, -1655.3928917089797, -1619.2292256881674, -1382.3109761117992]
Time
3.9523961544036865
The result for the 13th execution is
Query Result
[757.0, 825.0, 771.0, 818.0, 783.0, 710.0, 828.0, 775.0, 812.0, 823.0, 762.0, 812.0, 813.0, 794.0, 772.0, 769.0, 816.0, 712.0, 771.0, 794.0, 752.0, 814.0, 716.0, 762.0, 784.0, 756.0, 750.0, 726.0, 706.0, 799.0, 741.0, 751.0, 728.0, 742.0, 812.0, 796.0, 757.0, 797.0, 755.0, 701.0, 775.0, 764.0, 744.0, 784.0, 756.0, 771.0, 774.0, 734.0, 836.0, 759.0]
Noised Result
[-1652.520080924648, -1465.9090600343688, -1546.5361060131486, -1880.1633944153455, -1579.1431263033496, -1657.4405541903366, -1690.9580368284733, -1507.515711976651, -2183.710571528575, -1497.124749366525, -1637.6416820272243, -838.36167675872, -1495.3365167623274, -1611.667097016768, -1398.8143986717917, -2061.9146284921007, -1410.1118852907027, -1314.8875543446943, -1628.4599558823834, -1929.8149949114795, -1435.8504680124545, -1390.0304765026285, -1537.1723776917552, -2208.9277759973697, -1383.624658908571, -1554.5354349700106, -1771.0748885429716, -1550.0194707324022, -1584.8084981743523, -1361.1556507727448, -704.1883759292584, -1924.138302970448, -1509.3840273761302, -1625.9781326813604, -1469.0933323335216, -1281.4261529359346, -2024.8267238185754, -1384.8419067664092, -1482.9399131335726, -1604.4798212209084, -1784.1571480563093, -1656.9374304032158, -1395.7740714931442, -1369.1258445845624, -1685.9900123988173, -1158.5713734897388, -1464.2392322219025, -1365.4759863923102, -1933.8598526021415, -1160.1151428449368]
Time
3.9719135761260986
The result for the 14th execution is
Query Result
[757.0, 825.0, 771.0, 818.0, 783.0, 710.0, 828.0, 775.0, 812.0, 823.0, 762.0, 812.0, 813.0, 794.0, 772.0, 769.0, 816.0, 712.0, 771.0, 794.0, 752.0, 814.0, 716.0, 762.0, 784.0, 756.0, 750.0, 726.0, 706.0, 799.0, 741.0, 751.0, 728.0, 742.0, 812.0, 796.0, 757.0, 797.0, 755.0, 701.0, 775.0, 764.0, 744.0, 784.0, 756.0, 771.0, 774.0, 734.0, 836.0, 759.0]
Noised Result
[-1731.507553425176, -1686.6560132820596, -1620.9387988709545, -1614.7228978244711, -1608.5642732713263, -1685.9956066444943, -1432.3549609584359, -2121.198730109011, -1332.142501025003, -1473.7075980325244, -1435.277746825868, -1554.0307908938776, -1528.8871850031046, -654.1985432214451, -1563.9346658545164, -1300.9460994135902, -1343.3230591810016, -1366.9290514043282, -1726.3638806366453, -2109.151629485282, -1403.3039495565874, -1378.27676789509, -1665.6432224490927, -1550.763295060447, -1421.7576775968314, -1437.7459083684162, -1607.0435991076574, -1419.9792762721786, -1211.0174219215132, -1660.0175509776136, -1322.183967485996, -2583.8437230109867, -3553.6423406522135, -1840.3906960902932, -1186.160992755253, -1502.8747251107138, -1550.7086592336427, -1322.0853908921972, -1286.6861298538895, -1161.221703273933, -780.1066853851653, -2203.5943405670187, -1411.2038221690098, -1755.5627783323357, -1752.157289386531, -1388.6603748276411, -1211.800645305092, -1553.5082093113742, -1344.1477020701916, -1578.8808647696637]
Time
3.9863147735595703
The result for the 15th execution is
Query Result
[757.0, 825.0, 771.0, 818.0, 783.0, 710.0, 828.0, 775.0, 812.0, 823.0, 762.0, 812.0, 813.0, 794.0, 772.0, 769.0, 816.0, 712.0, 771.0, 794.0, 752.0, 814.0, 716.0, 762.0, 784.0, 756.0, 750.0, 726.0, 706.0, 799.0, 741.0, 751.0, 728.0, 742.0, 812.0, 796.0, 757.0, 797.0, 755.0, 701.0, 775.0, 764.0, 744.0, 784.0, 756.0, 771.0, 774.0, 734.0, 836.0, 759.0]
Noised Result
[-1506.7516966080648, -1606.1407686575149, -1718.124969972076, -1618.3277389512718, -1660.6549272663428, -1561.2566671092254, -1463.6793620982635, -2441.3447694938836, -1857.047309610165, -1513.1820776458617, -1283.0901320562498, -1352.1784797443556, -967.356569176211, -1353.7046090350782, -919.3426638069407, -1454.4091917691753, -2316.0552993454326, -1241.3980175151273, -431.36458364837995, -1608.924934764616, -1365.2318894386979, -1740.6602284888108, -2385.8132555346565, -1131.6053695770167, -1112.3087699284172, -1573.4869301824042, -1387.8790969385104, -1425.2549023350543, -1950.1432283036966, -1378.058978005926, -1648.9536938815359, -1275.0325475780896, -1542.3207795441385, -1819.667923876339, -1483.0341391468924, -1284.5637856303085, -1585.0626821999476, -1876.1113465848985, -1893.8560210768924, -1640.7933789649392, -1715.8523047287154, -1458.7722309185428, -1332.823716792892, -364.5981853042715, -1466.4575401469651, -1266.7067012944115, -1158.6945275629366, -1848.0714121150813, -1181.480075388934, -1319.6364351190732]
Time
4.028423070907593
The result for the 16th execution is
Query Result
[757.0, 825.0, 771.0, 818.0, 783.0, 710.0, 828.0, 775.0, 812.0, 823.0, 762.0, 812.0, 813.0, 794.0, 772.0, 769.0, 816.0, 712.0, 771.0, 794.0, 752.0, 814.0, 716.0, 762.0, 784.0, 756.0, 750.0, 726.0, 706.0, 799.0, 741.0, 751.0, 728.0, 742.0, 812.0, 796.0, 757.0, 797.0, 755.0, 701.0, 775.0, 764.0, 744.0, 784.0, 756.0, 771.0, 774.0, 734.0, 836.0, 759.0]
Noised Result
[-1439.9869482304664, -1406.647130436791, -764.766322946035, -1382.8253865810834, -1483.7812411705354, -1625.5123431370616, -1337.5894479872536, -1320.0947563452485, -2344.3808245981472, -1557.7302705635075, -1707.7112588248688, -1245.6634406024584, -1580.5516930560934, -1482.4340570131167, -1780.7560840355331, -1024.9884056131448, -1166.5399881512083, -1487.2179040956667, -1504.3719980601986, -1748.1804489852966, -1720.4219059515117, -1265.155963252225, -1756.8633349726115, -1127.7757776055103, -1673.775507262344, -1408.9353647978025, -1422.0934777193977, -1556.2444435977468, -1764.153267441788, -1456.3256272139115, -1582.9452091673488, -1557.5152841325612, -1512.749665610957, -1513.4749590298243, -1522.076144928115, -1575.9603700002817, -1814.4471751860974, -1482.3395497268998, -1616.7404178038291, -1593.8631933404208, -1573.5523490440319, -1558.3637392655983, -1056.772313528761, -1552.5923445951394, -1621.8175953101595, -1326.4854755632396, -1347.3747507610472, -2280.5981973236208, -1484.9392463597428, -1727.851087911407]
Time
4.050651550292969
The result for the 17th execution is
Query Result
[757.0, 825.0, 771.0, 818.0, 783.0, 710.0, 828.0, 775.0, 812.0, 823.0, 762.0, 812.0, 813.0, 794.0, 772.0, 769.0, 816.0, 712.0, 771.0, 794.0, 752.0, 814.0, 716.0, 762.0, 784.0, 756.0, 750.0, 726.0, 706.0, 799.0, 741.0, 751.0, 728.0, 742.0, 812.0, 796.0, 757.0, 797.0, 755.0, 701.0, 775.0, 764.0, 744.0, 784.0, 756.0, 771.0, 774.0, 734.0, 836.0, 759.0]
Noised Result
[-1777.848399750002, -1761.6046810042558, -1541.3454922626825, -1197.9527425436054, -1376.2564832332614, -1434.578236563154, -1430.836492270765, -1730.874751657254, -1403.3930744332176, -1580.1378133903322, -1690.236331515856, -1418.2235867576894, -1672.5978245439642, -1418.466639912369, -1329.790956334566, -1692.1954794160888, -1538.994986703824, -1625.1021731557976, -1853.3409203536426, -1377.9125062026621, -1576.993189443283, -1759.759180957748, -1621.915809647864, -1897.8832315638338, -1548.6254210482002, -1763.4359159847313, -2765.3786228570307, -1439.014101563818, -1594.5734292059965, -1509.2743760755711, -2260.087763727586, -1534.2830901187017, -1566.3217958658197, -2271.736568968255, -1434.261564166417, -1409.5462483501394, -1491.427715344556, -1394.458657752281, -1252.4782860189387, -1345.0313639403178, -1656.6242683876162, -1663.8893050304296, -1843.9679790978635, -904.3099674721925, -1520.1236575113885, -1500.3362493375403, -1490.82729810084, -1707.9180302662826, -1603.4067382535804, -1591.5117836927861]
Time
4.155601739883423
The result for the 18th execution is
Query Result
[757.0, 825.0, 771.0, 818.0, 783.0, 710.0, 828.0, 775.0, 812.0, 823.0, 762.0, 812.0, 813.0, 794.0, 772.0, 769.0, 816.0, 712.0, 771.0, 794.0, 752.0, 814.0, 716.0, 762.0, 784.0, 756.0, 750.0, 726.0, 706.0, 799.0, 741.0, 751.0, 728.0, 742.0, 812.0, 796.0, 757.0, 797.0, 755.0, 701.0, 775.0, 764.0, 744.0, 784.0, 756.0, 771.0, 774.0, 734.0, 836.0, 759.0]
Noised Result
[-1614.090046499074, -1219.4143095547136, -1223.099444161663, -1605.8253992140812, -996.572748346365, -1561.6269535340043, -1471.171315476412, -1558.0104707651194, -1514.4236391143659, -1407.6612023571952, -1414.6932390695438, -1630.5025471023682, -1748.3127563241796, -1301.1260455966185, -1431.3465701750251, -2616.7533294477266, -826.4273632137249, -1609.7071303531902, -1423.6540999084689, -1443.5003246256338, -1385.1634754985325, -1651.8547775189613, -1724.9549297112203, -1929.7946944050182, -1445.3976171844574, -1377.2157299228886, -1409.4335178948168, -1078.6772241515896, -1492.2414775735701, -1434.3748959132056, -1548.1929358434504, -1610.6591590956464, -1856.6355357125376, -1608.506932298169, -1594.8968122740998, -1480.4193356924752, -1186.2568041733953, -1482.617414831518, -1151.319063213704, -1803.956132429465, -1162.4516076109219, -1673.8947799268794, -1804.2480338840387, -1600.4976340885637, -1682.6641795068635, -260.97113677371726, -2677.5689326323154, -1340.3418803061836, -1504.4002451514148, -2246.864776174141]
Time
3.9999752044677734
The result for the 19th execution is
Query Result
[757.0, 825.0, 771.0, 818.0, 783.0, 710.0, 828.0, 775.0, 812.0, 823.0, 762.0, 812.0, 813.0, 794.0, 772.0, 769.0, 816.0, 712.0, 771.0, 794.0, 752.0, 814.0, 716.0, 762.0, 784.0, 756.0, 750.0, 726.0, 706.0, 799.0, 741.0, 751.0, 728.0, 742.0, 812.0, 796.0, 757.0, 797.0, 755.0, 701.0, 775.0, 764.0, 744.0, 784.0, 756.0, 771.0, 774.0, 734.0, 836.0, 759.0]
Noised Result
[-1687.38270928688, -2056.6691552420793, -1699.251036369315, -1478.4516162179011, -1687.2197981885279, -1076.3615805450668, -2210.0768141526955, -1194.7218612373742, -1425.1021686645472, -1487.7875848443723, -1858.8919887867678, -1418.471419459299, -1968.2148824900546, -731.4796244006523, -1649.1814735465036, -1886.976436903305, -941.1379677634666, -1708.934842244766, -1412.3786683903745, -1343.4918188886331, -1282.4332732055198, -1450.6407206836784, -1163.1073472596224, -1080.4859386460714, -1523.1807780761983, -2185.2917261852162, -1646.8653690822043, -1469.8680569193011, -1203.8135132287343, -1357.6862034461838, -1615.0950488775684, -1558.5052330761796, -1492.7810444565193, -1060.8733433037469, -1395.6073585706936, -1646.4766006994541, -1846.2819151149247, -1491.8362775154883, -1547.7010848053737, -1342.6676028898264, -1250.9519756284328, -1749.6465666829731, -1191.2078292275855, -1419.8954228096504, -1824.5168542181323, -172.3993808569653, -1014.6882879378518, -1823.5143677240594, -1509.4908206420332, -1778.7293341879026]
Time
3.90732479095459
