The result for the 0th execution is
Query Result
[178785.7374441998, 174557.9006419002, 181130.7630288004, 178007.17005079967, 178629.31758949996, 183981.52651319987, 179508.7996199997, 182054.26327950045, 178433.18352369996, 180642.11739460056, 178696.36429789953, 179316.70240189988, 181096.2497966003, 180508.6027004996, 182030.6539569999, 184468.80146289954, 180275.23035500004, 179953.9629626, 173598.87351550037, 182313.25241839906, 178368.3961764003, 178718.52346579998, 180338.00750239936, 176499.9877864996, 184757.59741450014, 180573.7660357003, 177992.5390310998, 179124.12054029957, 180323.0249267001, 181473.55916239964, 182039.68933760046, 177833.91269379997, 183240.49122879942, 180618.9906626006, 181229.51971180082, 182358.42777890043, 174869.40165339998, 185311.45806310017, 184284.32333159973, 175125.19995449932, 180636.35561729936, 178430.37718429964, 178886.7568025999, 183465.09969600005, 180332.41804820052, 174354.03241559965, 175975.1614043996, 179908.0860250997, 182143.98752300013, 184142.4632920999, 183475.11040590034, 184568.62985160016, 182252.5906058998, 179267.04292759998, 187281.47291370013, 182892.66164769916, 185850.52139490048, 181438.73562540038, 178480.4138081998, 177548.2573749003, 180054.49264959942, 183473.7215570996, 179885.75016569998, 182309.31353609991, 177681.9543533998, 180855.5419211995, 178269.55116510022, 182300.23836939994, 180198.28676519985, 184087.5169010996, 178445.24817580022, 173844.63103570085, 185719.92952700006, 185751.74674300032, 178171.59121060037, 180441.45356490003, 179631.02925869962, 182803.96879530023, 181366.07231439964, 178679.94123870003, 179228.41300179972, 181938.7442666998, 182097.34149229949, 181308.78681209998, 185634.46311119988, 180269.0231479001, 181732.36933780016, 182225.47992750027, 184384.65909560004, 183596.9372480999, 179004.63824459992, 179701.96063840034, 185200.73126389994, 179170.20835390012, 188103.1661246999, 184142.96354409942, 179566.71850550055, 178852.47344730014, 179416.09769360028, 180572.3462689997]
Noised Result
[81720.09510986149, 76173.42831931675, 65488.72929715284, 103864.40477350228, 92578.64483500931, 113286.20302160177, 69338.62204096728, 68680.53616306643, 62854.58972740816, 66277.87306332355, 67871.02604456055, 87805.89142048226, 71276.50196143196, 97818.49271343809, 66669.78977212688, 81467.85506538252, 70475.01938241796, 80277.1990864662, 74065.43830155971, 70177.13141621597, 100631.9831255098, 73119.56056771064, 76151.40991987332, 73821.37343069114, 96397.8497367203, 73530.43014786181, 76224.58588061066, 75797.69634979083, 67601.87360029813, 70883.67358351006, 74840.22724838447, 95175.52189686653, 65102.09967123891, 77267.30371679954, 66522.93188860701, 96825.5464558596, 69609.93670191165, 80120.25066545403, 79306.66642433153, 74966.41549264784, 62523.36930252974, 72813.60569170455, 78952.61569864099, 85384.755860774, 69506.33792660225, 74816.31131757892, 66619.33329866041, 68997.24327112013, 73987.08462818645, 73923.02852580968, 86553.50747274475, 77451.13331908007, 97947.4685671544, 55911.61134707794, 107261.77420793689, 84749.52537548228, 81825.41519991428, 71556.54644420471, 71229.5170640488, 72558.30046554322, 77265.72631614495, 71680.876702849, 66958.86621259141, 87541.17735855009, 71525.08270120516, 74188.18150359658, 68055.14638717662, 72931.06069221895, 87474.04976314784, 71880.11096004982, 66815.29054714866, 74638.95781910169, 73131.79113667554, 83862.86301563348, 67928.3772622869, 78664.99880178191, 98691.2052590994, 70931.44166337897, 82307.0348649206, 81851.61900107082, 76039.78565780554, 79145.36089428556, 73460.29356380306, 71145.77967184564, 71919.36895979597, 69556.41911370198, 76834.39541446083, 87723.88328131859, 69461.17159417178, 96883.59299800928, 80669.35240893203, 77300.56075355218, 82134.18601994612, 76620.06600034703, 99852.89836618677, 92456.66927670952, 76664.05659315648, 86369.13604894922, 94364.67477134382, 71586.1511643613]
Time
13.844258069992065
The result for the 1th execution is
Query Result
[178785.7374441998, 174557.9006419002, 181130.7630288004, 178007.17005079967, 178629.31758949996, 183981.52651319987, 179508.7996199997, 182054.26327950045, 178433.18352369996, 180642.11739460056, 178696.36429789953, 179316.70240189988, 181096.2497966003, 180508.6027004996, 182030.6539569999, 184468.80146289954, 180275.23035500004, 179953.9629626, 173598.87351550037, 182313.25241839906, 178368.3961764003, 178718.52346579998, 180338.00750239936, 176499.9877864996, 184757.59741450014, 180573.7660357003, 177992.5390310998, 179124.12054029957, 180323.0249267001, 181473.55916239964, 182039.68933760046, 177833.91269379997, 183240.49122879942, 180618.9906626006, 181229.51971180082, 182358.42777890043, 174869.40165339998, 185311.45806310017, 184284.32333159973, 175125.19995449932, 180636.35561729936, 178430.37718429964, 178886.7568025999, 183465.09969600005, 180332.41804820052, 174354.03241559965, 175975.1614043996, 179908.0860250997, 182143.98752300013, 184142.4632920999, 183475.11040590034, 184568.62985160016, 182252.5906058998, 179267.04292759998, 187281.47291370013, 182892.66164769916, 185850.52139490048, 181438.73562540038, 178480.4138081998, 177548.2573749003, 180054.49264959942, 183473.7215570996, 179885.75016569998, 182309.31353609991, 177681.9543533998, 180855.5419211995, 178269.55116510022, 182300.23836939994, 180198.28676519985, 184087.5169010996, 178445.24817580022, 173844.63103570085, 185719.92952700006, 185751.74674300032, 178171.59121060037, 180441.45356490003, 179631.02925869962, 182803.96879530023, 181366.07231439964, 178679.94123870003, 179228.41300179972, 181938.7442666998, 182097.34149229949, 181308.78681209998, 185634.46311119988, 180269.0231479001, 181732.36933780016, 182225.47992750027, 184384.65909560004, 183596.9372480999, 179004.63824459992, 179701.96063840034, 185200.73126389994, 179170.20835390012, 188103.1661246999, 184142.96354409942, 179566.71850550055, 178852.47344730014, 179416.09769360028, 180572.3462689997]
Noised Result
[74304.68999936894, 71736.77211571594, 76461.28392899116, 80268.0634305653, 73905.34492368775, 80410.68373568103, 72768.03427507455, 76540.63816688793, 69333.26935844976, 76026.36232701488, 60267.28776081676, 67487.1720675482, 84002.83985067377, 77425.11320208627, 75669.04940717782, 74724.15031978306, 89562.8160915083, 73189.48108771697, 103455.23749120378, 66523.07565676127, 62288.27937443351, 72953.10239306882, 74372.71269142305, 78204.97826976905, 55281.975443739415, 88591.17560573273, 75516.82559440713, 73884.11721604718, 68332.12938419967, 75177.7639236166, 76343.30334283152, 80440.44467007824, 75819.22338537188, 82158.0128882158, 70457.08195586663, 71840.98236139622, 67926.96846509646, 73454.18663345746, 88209.86245907177, 88164.32758742756, 73578.83202874378, 72586.98507249364, 82419.0499629298, 74517.53984044207, 87494.6253175538, 67450.97591327183, 74135.14438321807, 64720.75474275918, 95718.85484657847, 75005.9727026128, 72053.30172399622, 71464.04411413334, 80799.94125873117, 74137.43454289105, 75669.90568669428, 83882.78268646728, 80678.41345119294, 87820.0159371566, 79900.97304362568, 69540.18606988128, 82932.37010364296, 76090.39953296838, 68458.87309549145, 80804.19057327238, 69826.79498089832, 112627.03868270348, 67340.18362335622, 109268.10053786635, 71142.4103557537, 72628.75551956324, 72687.8048003161, 85979.45055005504, 78807.1635912154, 81533.0126724682, 72566.31729054934, 69039.10251305754, 73312.05430308705, 72812.77798694799, 76099.8008599432, 69043.66911763823, 71814.99931924061, 73782.27299650587, 77264.5823569175, 81132.3502301193, 78533.68951957364, 73338.73720772806, 75209.21879626135, 75123.20420851687, 72783.62590984115, 86381.79959414504, 68668.72836807783, 67594.77370501528, 94868.94571038111, 70224.57405252785, 94793.01847844571, 74899.32124749356, 70177.0613680967, 71410.3910788239, 68735.69266281737, 66004.20184020753]
Time
13.775895833969116
The result for the 2th execution is
Query Result
[178785.7374441998, 174557.9006419002, 181130.7630288004, 178007.17005079967, 178629.31758949996, 183981.52651319987, 179508.7996199997, 182054.26327950045, 178433.18352369996, 180642.11739460056, 178696.36429789953, 179316.70240189988, 181096.2497966003, 180508.6027004996, 182030.6539569999, 184468.80146289954, 180275.23035500004, 179953.9629626, 173598.87351550037, 182313.25241839906, 178368.3961764003, 178718.52346579998, 180338.00750239936, 176499.9877864996, 184757.59741450014, 180573.7660357003, 177992.5390310998, 179124.12054029957, 180323.0249267001, 181473.55916239964, 182039.68933760046, 177833.91269379997, 183240.49122879942, 180618.9906626006, 181229.51971180082, 182358.42777890043, 174869.40165339998, 185311.45806310017, 184284.32333159973, 175125.19995449932, 180636.35561729936, 178430.37718429964, 178886.7568025999, 183465.09969600005, 180332.41804820052, 174354.03241559965, 175975.1614043996, 179908.0860250997, 182143.98752300013, 184142.4632920999, 183475.11040590034, 184568.62985160016, 182252.5906058998, 179267.04292759998, 187281.47291370013, 182892.66164769916, 185850.52139490048, 181438.73562540038, 178480.4138081998, 177548.2573749003, 180054.49264959942, 183473.7215570996, 179885.75016569998, 182309.31353609991, 177681.9543533998, 180855.5419211995, 178269.55116510022, 182300.23836939994, 180198.28676519985, 184087.5169010996, 178445.24817580022, 173844.63103570085, 185719.92952700006, 185751.74674300032, 178171.59121060037, 180441.45356490003, 179631.02925869962, 182803.96879530023, 181366.07231439964, 178679.94123870003, 179228.41300179972, 181938.7442666998, 182097.34149229949, 181308.78681209998, 185634.46311119988, 180269.0231479001, 181732.36933780016, 182225.47992750027, 184384.65909560004, 183596.9372480999, 179004.63824459992, 179701.96063840034, 185200.73126389994, 179170.20835390012, 188103.1661246999, 184142.96354409942, 179566.71850550055, 178852.47344730014, 179416.09769360028, 180572.3462689997]
Noised Result
[79747.01996092353, 79750.00967668803, 69175.39695826126, 81027.54461984299, 69366.77972170089, 68219.46807986044, 66424.5352063913, 71648.00011732079, 76832.18032130144, 71966.55992974956, 72108.17919551517, 71256.50585907979, 79677.33337224921, 76768.60781553149, 58202.92781527589, 79220.99556706451, 89455.14225263848, 70184.12979784296, 69650.42052529388, 75768.72742014262, 78699.48553352302, 68328.68261838636, 75328.17020354801, 84880.36311650381, 73793.48677619001, 85886.73265263913, 71045.92704284478, 83903.23148621681, 85868.32545285174, 83026.37210676112, 81196.87465437743, 66852.73638076877, 67683.90035411417, 71178.43124343123, 71918.50246024788, 82019.73718614907, 78551.96619693752, 102825.4098316462, 76808.98031515218, 62086.8760254462, 70821.431737099, 68230.31618571942, 67332.62889368326, 73009.34129772749, 74118.44864783339, 74108.49291115432, 74570.09980431425, 84082.88606812098, 79162.1177302353, 71982.50551501903, 75915.10470417612, 73022.67879031842, 79083.70296274565, 71331.97905293216, 92422.31894615458, 68498.83124652703, 80042.83426163327, 70331.16322326491, 78342.88236680187, 73262.55200054242, 66786.14270942193, 74050.55839856513, 69354.14893488823, 70311.43953915777, 73592.18367403181, 80469.58074803092, 95028.76337350132, 79069.48631494067, 79555.72312100249, 71544.60932028883, 86106.82660522009, 68708.36600191343, 73036.86717283723, 73590.91185109917, 68287.63262829231, 65520.12234232136, 82079.30758136115, 70737.97426715237, 72068.86497355654, 81322.4954501232, 76141.43569571894, 70846.91305449736, 114005.3233971177, 75609.03797885313, 80822.75202252551, 74227.10404910232, 77821.3870645331, 67547.33402340153, 69030.91157374064, 79389.60448628271, 69429.69938682773, 73017.59345469954, 72752.4017709803, 106863.5510143775, 78209.94793931225, 80619.17049436033, 78147.62235775324, 79110.74467995093, 75563.0472042014, 65335.02926728933]
Time
14.024185180664062
The result for the 3th execution is
Query Result
[178785.7374441998, 174557.9006419002, 181130.7630288004, 178007.17005079967, 178629.31758949996, 183981.52651319987, 179508.7996199997, 182054.26327950045, 178433.18352369996, 180642.11739460056, 178696.36429789953, 179316.70240189988, 181096.2497966003, 180508.6027004996, 182030.6539569999, 184468.80146289954, 180275.23035500004, 179953.9629626, 173598.87351550037, 182313.25241839906, 178368.3961764003, 178718.52346579998, 180338.00750239936, 176499.9877864996, 184757.59741450014, 180573.7660357003, 177992.5390310998, 179124.12054029957, 180323.0249267001, 181473.55916239964, 182039.68933760046, 177833.91269379997, 183240.49122879942, 180618.9906626006, 181229.51971180082, 182358.42777890043, 174869.40165339998, 185311.45806310017, 184284.32333159973, 175125.19995449932, 180636.35561729936, 178430.37718429964, 178886.7568025999, 183465.09969600005, 180332.41804820052, 174354.03241559965, 175975.1614043996, 179908.0860250997, 182143.98752300013, 184142.4632920999, 183475.11040590034, 184568.62985160016, 182252.5906058998, 179267.04292759998, 187281.47291370013, 182892.66164769916, 185850.52139490048, 181438.73562540038, 178480.4138081998, 177548.2573749003, 180054.49264959942, 183473.7215570996, 179885.75016569998, 182309.31353609991, 177681.9543533998, 180855.5419211995, 178269.55116510022, 182300.23836939994, 180198.28676519985, 184087.5169010996, 178445.24817580022, 173844.63103570085, 185719.92952700006, 185751.74674300032, 178171.59121060037, 180441.45356490003, 179631.02925869962, 182803.96879530023, 181366.07231439964, 178679.94123870003, 179228.41300179972, 181938.7442666998, 182097.34149229949, 181308.78681209998, 185634.46311119988, 180269.0231479001, 181732.36933780016, 182225.47992750027, 184384.65909560004, 183596.9372480999, 179004.63824459992, 179701.96063840034, 185200.73126389994, 179170.20835390012, 188103.1661246999, 184142.96354409942, 179566.71850550055, 178852.47344730014, 179416.09769360028, 180572.3462689997]
Noised Result
[69861.8272568312, 69764.70638764105, 74211.40719247887, 77817.87130063874, 70413.23864534416, 72741.5943622046, 71455.68521885813, 82021.23105222582, 84948.85367709737, 80273.77782658528, 68322.66190468681, 69590.51272034517, 72141.53896516001, 71573.06811415065, 89781.70135739529, 71904.24324764985, 78139.83329918253, 93031.6465514299, 75877.42265114335, 69579.1025560769, 73465.55395732637, 94285.73465317936, 78275.6468766068, 80938.6441032202, 88498.90180956949, 99872.48076340454, 64492.71483658078, 69043.2391127701, 72110.97338996828, 83304.73705833495, 75480.3515363793, 62696.6413547289, 84652.89085880427, 67282.27902855392, 88649.79282172784, 73904.54019906592, 69960.11375173056, 72246.21719228821, 86759.98881135373, 58039.1384884779, 65655.0716448346, 83539.12809037516, 69660.09918952585, 79977.40946528551, 82231.7146990973, 60613.89127116243, 105754.92714672153, 87771.42839048497, 78206.20548117542, 86453.77636940614, 89114.97775072261, 74771.17254540845, 73769.91591991064, 69555.87030359075, 68727.21395802563, 72406.24872312784, 76686.48185256311, 72410.28746360031, 72967.02377677274, 64713.83365032658, 75622.74581557665, 71262.73127549049, 67962.96273714608, 85198.13521356291, 81220.9331487562, 72931.53439870794, 60086.229279348496, 89518.940071022, 89313.07114745454, 89188.48170036393, 67714.18288862855, 66933.67125236656, 67893.07772347258, 71940.17761486646, 69020.49526903025, 80035.95024255986, 94358.66022635874, 87242.55430005405, 72604.11508825116, 72233.39920705021, 68456.20813484244, 81716.29946187488, 70675.8601711529, 81786.18540595475, 79113.25538841743, 71664.6454616231, 76263.3724399826, 72334.49937082168, 78867.91439666913, 110284.68688826753, 78727.97469514747, 68750.64654924667, 78661.87101376803, 80066.60255560532, 80921.39964241697, 77695.32929948413, 71340.580466001, 97156.00218455166, 80757.63302134223, 68942.00670193667]
Time
13.617694854736328
The result for the 4th execution is
Query Result
[178785.7374441998, 174557.9006419002, 181130.7630288004, 178007.17005079967, 178629.31758949996, 183981.52651319987, 179508.7996199997, 182054.26327950045, 178433.18352369996, 180642.11739460056, 178696.36429789953, 179316.70240189988, 181096.2497966003, 180508.6027004996, 182030.6539569999, 184468.80146289954, 180275.23035500004, 179953.9629626, 173598.87351550037, 182313.25241839906, 178368.3961764003, 178718.52346579998, 180338.00750239936, 176499.9877864996, 184757.59741450014, 180573.7660357003, 177992.5390310998, 179124.12054029957, 180323.0249267001, 181473.55916239964, 182039.68933760046, 177833.91269379997, 183240.49122879942, 180618.9906626006, 181229.51971180082, 182358.42777890043, 174869.40165339998, 185311.45806310017, 184284.32333159973, 175125.19995449932, 180636.35561729936, 178430.37718429964, 178886.7568025999, 183465.09969600005, 180332.41804820052, 174354.03241559965, 175975.1614043996, 179908.0860250997, 182143.98752300013, 184142.4632920999, 183475.11040590034, 184568.62985160016, 182252.5906058998, 179267.04292759998, 187281.47291370013, 182892.66164769916, 185850.52139490048, 181438.73562540038, 178480.4138081998, 177548.2573749003, 180054.49264959942, 183473.7215570996, 179885.75016569998, 182309.31353609991, 177681.9543533998, 180855.5419211995, 178269.55116510022, 182300.23836939994, 180198.28676519985, 184087.5169010996, 178445.24817580022, 173844.63103570085, 185719.92952700006, 185751.74674300032, 178171.59121060037, 180441.45356490003, 179631.02925869962, 182803.96879530023, 181366.07231439964, 178679.94123870003, 179228.41300179972, 181938.7442666998, 182097.34149229949, 181308.78681209998, 185634.46311119988, 180269.0231479001, 181732.36933780016, 182225.47992750027, 184384.65909560004, 183596.9372480999, 179004.63824459992, 179701.96063840034, 185200.73126389994, 179170.20835390012, 188103.1661246999, 184142.96354409942, 179566.71850550055, 178852.47344730014, 179416.09769360028, 180572.3462689997]
Noised Result
[75572.12336300948, 69365.46589610146, 74775.92834970308, 82131.28228143367, 73561.85654027587, 79436.16641008049, 68358.82842497021, 75504.36825984402, 63920.10064322636, 74719.23923789503, 72729.39232340289, 75300.3137127907, 71879.0091262936, 73475.42407429198, 82802.96361015091, 86386.50522637078, 80504.49837642741, 83536.10583311922, 66596.16853532064, 74748.14918881413, 66884.22882226924, 71209.31702840768, 67126.20162175427, 67813.5180817041, 92198.55814476399, 69793.74561821514, 72016.90937746258, 80284.45768164302, 76646.15364143593, 88631.80985632766, 90618.12243218163, 77655.19463177302, 77408.18182237438, 92748.85848203186, 72827.61485106114, 107611.82692174385, 66655.61355582539, 76302.27870292298, 104696.6310156208, 70790.01716106979, 67509.27395096033, 60873.672307888875, 88816.40931691798, 85097.21162495612, 64095.06751547075, 66837.58414913098, 92720.6186032266, 76629.93398343772, 89346.5048563575, 65510.62667482695, 86190.5232530772, 87046.71744908241, 79398.5780737818, 66476.84122718274, 76484.7251919911, 89209.87195604994, 85995.11000541237, 79258.45871089814, 88348.43699100005, 73935.99407924012, 78355.53776453092, 72142.68615160594, 64211.45049179005, 80590.79983417457, 71128.9515558979, 74727.3327875816, 67584.12373981626, 75278.48304643118, 79119.53135313527, 76294.2067340322, 71205.44178344817, 69342.28483062505, 70685.36707273111, 116902.35542643833, 75813.67535645743, 71856.14872609636, 95578.41873146604, 69766.00387834564, 82436.47830788979, 79380.3458338806, 63367.244798279484, 76464.26075301495, 74390.90601783912, 67180.04279594966, 92417.38055332472, 77660.17810338494, 66447.05702269764, 69288.89566499225, 71887.13775790439, 68329.10552901395, 90832.29173332131, 71373.80129394305, 82283.85642531043, 71191.33233555958, 93424.35850146256, 79010.01165636124, 106050.85448148017, 72983.51726410995, 85282.1931542922, 69191.91115848048]
Time
13.713327407836914
The result for the 5th execution is
Query Result
[178785.7374441998, 174557.9006419002, 181130.7630288004, 178007.17005079967, 178629.31758949996, 183981.52651319987, 179508.7996199997, 182054.26327950045, 178433.18352369996, 180642.11739460056, 178696.36429789953, 179316.70240189988, 181096.2497966003, 180508.6027004996, 182030.6539569999, 184468.80146289954, 180275.23035500004, 179953.9629626, 173598.87351550037, 182313.25241839906, 178368.3961764003, 178718.52346579998, 180338.00750239936, 176499.9877864996, 184757.59741450014, 180573.7660357003, 177992.5390310998, 179124.12054029957, 180323.0249267001, 181473.55916239964, 182039.68933760046, 177833.91269379997, 183240.49122879942, 180618.9906626006, 181229.51971180082, 182358.42777890043, 174869.40165339998, 185311.45806310017, 184284.32333159973, 175125.19995449932, 180636.35561729936, 178430.37718429964, 178886.7568025999, 183465.09969600005, 180332.41804820052, 174354.03241559965, 175975.1614043996, 179908.0860250997, 182143.98752300013, 184142.4632920999, 183475.11040590034, 184568.62985160016, 182252.5906058998, 179267.04292759998, 187281.47291370013, 182892.66164769916, 185850.52139490048, 181438.73562540038, 178480.4138081998, 177548.2573749003, 180054.49264959942, 183473.7215570996, 179885.75016569998, 182309.31353609991, 177681.9543533998, 180855.5419211995, 178269.55116510022, 182300.23836939994, 180198.28676519985, 184087.5169010996, 178445.24817580022, 173844.63103570085, 185719.92952700006, 185751.74674300032, 178171.59121060037, 180441.45356490003, 179631.02925869962, 182803.96879530023, 181366.07231439964, 178679.94123870003, 179228.41300179972, 181938.7442666998, 182097.34149229949, 181308.78681209998, 185634.46311119988, 180269.0231479001, 181732.36933780016, 182225.47992750027, 184384.65909560004, 183596.9372480999, 179004.63824459992, 179701.96063840034, 185200.73126389994, 179170.20835390012, 188103.1661246999, 184142.96354409942, 179566.71850550055, 178852.47344730014, 179416.09769360028, 180572.3462689997]
Noised Result
[75537.8325320688, 69200.98673918797, 71045.48718515364, 68339.45069229825, 73153.82942231273, 83585.49258465983, 75083.51437672818, 81056.83672194365, 71865.88518046433, 82810.49350685993, 70606.99306174228, 70771.66815115047, 76080.14361112003, 75612.69982586135, 82666.95410280096, 76095.57309701473, 65522.854661533725, 72443.9026429911, 64284.2855905763, 80920.68659981086, 74792.09553989627, 75932.06590310755, 75697.4422665349, 95715.54607722239, 93049.46975464093, 68728.6413598527, 74605.08684315009, 68733.60212657602, 86244.3479037002, 72630.26532484853, 78554.90690666724, 71844.11573998231, 74735.56011122148, 77376.69506007466, 77081.91302731351, 90036.93992408698, 58429.6565618717, 72452.21995685867, 79773.27996026742, 71854.44341704217, 92445.3982055881, 104855.71520275899, 86635.04586082211, 74053.5962999448, 79282.01801763866, 75752.08025774392, 91789.22513987008, 78386.26704634877, 85768.75356554592, 76382.96840660299, 91278.3394644708, 79222.14429102141, 71948.34986834513, 75754.25364755804, 64683.000100185774, 75341.39497021865, 101510.6264904468, 73686.41397901926, 79539.52751795932, 69851.01316974417, 66961.419753709, 93856.09431732347, 58802.10197099266, 90432.14735679484, 90562.04707651805, 78491.17768509974, 63891.547992781314, 64669.75650774353, 71026.71455455042, 73048.6410419302, 70655.773138258, 99053.33949650187, 88447.01317265608, 78925.32654537765, 73592.3774239762, 70078.00337820279, 79373.9787979962, 80229.35885351809, 75275.20331812323, 73991.3540553893, 70327.2388519151, 69301.8734563587, 78154.01982644838, 78376.00665969377, 78942.63722649704, 74107.32733412852, 72597.36382374394, 75262.80923318517, 69341.89621196954, 67718.73305288411, 65812.93120253521, 65857.86781971266, 74696.10152682324, 72804.08540987733, 73609.29322254963, 78834.2687827631, 71107.15446704341, 70083.49992738829, 74953.0224884685, 77373.51144711248]
Time
13.745108127593994
The result for the 6th execution is
Query Result
[178785.7374441998, 174557.9006419002, 181130.7630288004, 178007.17005079967, 178629.31758949996, 183981.52651319987, 179508.7996199997, 182054.26327950045, 178433.18352369996, 180642.11739460056, 178696.36429789953, 179316.70240189988, 181096.2497966003, 180508.6027004996, 182030.6539569999, 184468.80146289954, 180275.23035500004, 179953.9629626, 173598.87351550037, 182313.25241839906, 178368.3961764003, 178718.52346579998, 180338.00750239936, 176499.9877864996, 184757.59741450014, 180573.7660357003, 177992.5390310998, 179124.12054029957, 180323.0249267001, 181473.55916239964, 182039.68933760046, 177833.91269379997, 183240.49122879942, 180618.9906626006, 181229.51971180082, 182358.42777890043, 174869.40165339998, 185311.45806310017, 184284.32333159973, 175125.19995449932, 180636.35561729936, 178430.37718429964, 178886.7568025999, 183465.09969600005, 180332.41804820052, 174354.03241559965, 175975.1614043996, 179908.0860250997, 182143.98752300013, 184142.4632920999, 183475.11040590034, 184568.62985160016, 182252.5906058998, 179267.04292759998, 187281.47291370013, 182892.66164769916, 185850.52139490048, 181438.73562540038, 178480.4138081998, 177548.2573749003, 180054.49264959942, 183473.7215570996, 179885.75016569998, 182309.31353609991, 177681.9543533998, 180855.5419211995, 178269.55116510022, 182300.23836939994, 180198.28676519985, 184087.5169010996, 178445.24817580022, 173844.63103570085, 185719.92952700006, 185751.74674300032, 178171.59121060037, 180441.45356490003, 179631.02925869962, 182803.96879530023, 181366.07231439964, 178679.94123870003, 179228.41300179972, 181938.7442666998, 182097.34149229949, 181308.78681209998, 185634.46311119988, 180269.0231479001, 181732.36933780016, 182225.47992750027, 184384.65909560004, 183596.9372480999, 179004.63824459992, 179701.96063840034, 185200.73126389994, 179170.20835390012, 188103.1661246999, 184142.96354409942, 179566.71850550055, 178852.47344730014, 179416.09769360028, 180572.3462689997]
Noised Result
[68937.22883146575, 61622.42185070795, 82209.75964073048, 72332.8274606455, 67810.05643420086, 74302.72572001169, 83514.98399762585, 82252.08174234178, 80382.26863061362, 71290.92048026746, 68206.33365871097, 89474.16520019362, 70965.02077122952, 77272.45591271977, 70123.16483509193, 87613.49331921499, 79925.39143320337, 74051.21185917364, 72308.5538029223, 86286.82342535022, 78475.27762797754, 74124.7646956553, 60373.343616233586, 66340.59157280403, 88190.632478703, 65571.76260772019, 74364.122903875, 73688.4873630343, 76198.51601930175, 88560.38916554, 94021.95534929374, 68966.43156330773, 72703.09537534011, 71569.2157988266, 61887.298962216206, 72066.89406161274, 71568.02949924479, 82056.22498678154, 78524.83479657827, 70197.60639773622, 68569.55727447395, 82219.49258155319, 78855.58382893515, 69105.84905840651, 112845.78788842322, 67045.51642960554, 86413.38500465693, 73985.58771545907, 81980.61546698488, 70679.36885690008, 82184.7623854519, 68527.67950437586, 86514.03449951354, 69981.41019149766, 99848.80109261419, 79112.0341369696, 88342.00967976669, 72017.59620425466, 67085.05888364521, 67710.27670257696, 73296.08746538892, 71151.75190896864, 81265.36762425817, 79922.3815217433, 103894.98133113497, 75365.42098457734, 69898.2073363965, 81461.3812598881, 74952.56257594055, 71202.90484282887, 71662.47601316473, 64073.73350205882, 112613.52405313984, 84003.36547147033, 97865.22948220771, 102492.95075469688, 70298.94991037122, 68083.29762513214, 74319.41512867468, 57836.16220705917, 71257.72555257069, 83075.02861963208, 64240.42188618152, 71549.05419583013, 102654.29451512602, 72267.30795397935, 97317.88341090408, 82573.16988982126, 82712.34309743738, 124345.90452271057, 70465.28776647481, 68912.16623342021, 91256.90608093533, 69493.8164375691, 73007.2372449201, 73008.80902928874, 72365.95697651587, 68183.38573012908, 71942.02025384654, 69960.52683116237]
Time
13.731942176818848
The result for the 7th execution is
Query Result
[178785.7374441998, 174557.9006419002, 181130.7630288004, 178007.17005079967, 178629.31758949996, 183981.52651319987, 179508.7996199997, 182054.26327950045, 178433.18352369996, 180642.11739460056, 178696.36429789953, 179316.70240189988, 181096.2497966003, 180508.6027004996, 182030.6539569999, 184468.80146289954, 180275.23035500004, 179953.9629626, 173598.87351550037, 182313.25241839906, 178368.3961764003, 178718.52346579998, 180338.00750239936, 176499.9877864996, 184757.59741450014, 180573.7660357003, 177992.5390310998, 179124.12054029957, 180323.0249267001, 181473.55916239964, 182039.68933760046, 177833.91269379997, 183240.49122879942, 180618.9906626006, 181229.51971180082, 182358.42777890043, 174869.40165339998, 185311.45806310017, 184284.32333159973, 175125.19995449932, 180636.35561729936, 178430.37718429964, 178886.7568025999, 183465.09969600005, 180332.41804820052, 174354.03241559965, 175975.1614043996, 179908.0860250997, 182143.98752300013, 184142.4632920999, 183475.11040590034, 184568.62985160016, 182252.5906058998, 179267.04292759998, 187281.47291370013, 182892.66164769916, 185850.52139490048, 181438.73562540038, 178480.4138081998, 177548.2573749003, 180054.49264959942, 183473.7215570996, 179885.75016569998, 182309.31353609991, 177681.9543533998, 180855.5419211995, 178269.55116510022, 182300.23836939994, 180198.28676519985, 184087.5169010996, 178445.24817580022, 173844.63103570085, 185719.92952700006, 185751.74674300032, 178171.59121060037, 180441.45356490003, 179631.02925869962, 182803.96879530023, 181366.07231439964, 178679.94123870003, 179228.41300179972, 181938.7442666998, 182097.34149229949, 181308.78681209998, 185634.46311119988, 180269.0231479001, 181732.36933780016, 182225.47992750027, 184384.65909560004, 183596.9372480999, 179004.63824459992, 179701.96063840034, 185200.73126389994, 179170.20835390012, 188103.1661246999, 184142.96354409942, 179566.71850550055, 178852.47344730014, 179416.09769360028, 180572.3462689997]
Noised Result
[69204.6413563847, 70206.14679766216, 78065.10743190255, 63660.83253039147, 66671.56123049335, 82708.42725176839, 78911.50907251531, 71361.92241452627, 70515.37186399319, 74905.79210309993, 56729.06378369288, 78480.4229804883, 87079.83940484375, 70126.15922171882, 68137.04275690502, 86550.15987252182, 73142.64231509912, 73950.7098782308, 63449.2659966786, 70525.19849698688, 94539.79375715797, 64986.64720109728, 82461.53166333666, 80559.13265543575, 94054.07932448217, 78132.6228846985, 83595.85217359263, 79176.60824711854, 67045.3802457078, 109263.4542698045, 88371.05389472764, 79048.89326637656, 78592.33592803538, 70534.24318717749, 67335.04000603828, 65448.25934147329, 69282.1058403533, 73338.35144911893, 74796.15293667048, 63231.03294385191, 68352.74055848332, 69058.14456920646, 65717.75857363356, 71061.38498463375, 87363.60317113732, 65959.84582380019, 69352.32376804645, 69105.07393077991, 83560.11250788865, 74585.32337723667, 66125.34890296991, 69484.97558725058, 87674.22142625478, 95210.21859361988, 96736.21692190765, 71828.45252276387, 75391.98190031311, 77185.84307724956, 78319.53711635046, 67334.54744597257, 79713.87553282897, 77069.76724222158, 68930.1982932401, 81702.44035257901, 67431.33952038194, 70567.81129700509, 75470.67103642835, 80980.07401864466, 75263.27773496122, 73990.1132684316, 59118.819903528885, 70764.09849762636, 92502.85703534377, 76099.09772192006, 61882.51056608441, 69620.35920685122, 101241.28279772056, 68583.82990261042, 84606.90967062816, 72909.63559506783, 79159.37191594389, 80475.17956515432, 77926.79387740858, 77564.12197788105, 76262.47571604991, 75981.54729292431, 58033.81210193439, 67933.0522142414, 75578.06178928104, 82874.23082089068, 81911.30839302884, 82295.96146455119, 74025.96253066933, 96045.00212908826, 75249.42480991641, 70877.45882077041, 87357.07479727818, 68460.27685125468, 71689.5135362387, 80171.89610530843]
Time
13.793187379837036
The result for the 8th execution is
Query Result
[178785.7374441998, 174557.9006419002, 181130.7630288004, 178007.17005079967, 178629.31758949996, 183981.52651319987, 179508.7996199997, 182054.26327950045, 178433.18352369996, 180642.11739460056, 178696.36429789953, 179316.70240189988, 181096.2497966003, 180508.6027004996, 182030.6539569999, 184468.80146289954, 180275.23035500004, 179953.9629626, 173598.87351550037, 182313.25241839906, 178368.3961764003, 178718.52346579998, 180338.00750239936, 176499.9877864996, 184757.59741450014, 180573.7660357003, 177992.5390310998, 179124.12054029957, 180323.0249267001, 181473.55916239964, 182039.68933760046, 177833.91269379997, 183240.49122879942, 180618.9906626006, 181229.51971180082, 182358.42777890043, 174869.40165339998, 185311.45806310017, 184284.32333159973, 175125.19995449932, 180636.35561729936, 178430.37718429964, 178886.7568025999, 183465.09969600005, 180332.41804820052, 174354.03241559965, 175975.1614043996, 179908.0860250997, 182143.98752300013, 184142.4632920999, 183475.11040590034, 184568.62985160016, 182252.5906058998, 179267.04292759998, 187281.47291370013, 182892.66164769916, 185850.52139490048, 181438.73562540038, 178480.4138081998, 177548.2573749003, 180054.49264959942, 183473.7215570996, 179885.75016569998, 182309.31353609991, 177681.9543533998, 180855.5419211995, 178269.55116510022, 182300.23836939994, 180198.28676519985, 184087.5169010996, 178445.24817580022, 173844.63103570085, 185719.92952700006, 185751.74674300032, 178171.59121060037, 180441.45356490003, 179631.02925869962, 182803.96879530023, 181366.07231439964, 178679.94123870003, 179228.41300179972, 181938.7442666998, 182097.34149229949, 181308.78681209998, 185634.46311119988, 180269.0231479001, 181732.36933780016, 182225.47992750027, 184384.65909560004, 183596.9372480999, 179004.63824459992, 179701.96063840034, 185200.73126389994, 179170.20835390012, 188103.1661246999, 184142.96354409942, 179566.71850550055, 178852.47344730014, 179416.09769360028, 180572.3462689997]
Noised Result
[67117.45122746233, 61833.516215573385, 68442.67293246376, 77169.77868211677, 65740.48704670728, 76837.20343601597, 73227.81459963245, 88914.00024658378, 52984.82180437194, 73658.97171638787, 71177.99527653595, 66924.8745071914, 79429.10619460231, 91078.42489432485, 70440.22608588698, 74262.35410332614, 75363.57558750485, 76093.68925229498, 83627.15482439542, 76303.22354202092, 68194.85466930975, 70810.69226151117, 70377.43004778604, 72821.90100261895, 68067.69921790289, 88569.33887839864, 82335.91943507222, 71728.57567875925, 67978.0351718165, 71708.63059811445, 69268.38772936752, 78246.05586751565, 68266.76146148147, 79756.69697820541, 100721.65459894377, 73982.36504474204, 66639.35188779174, 69381.37532129661, 82385.12083219693, 65311.55664713323, 71082.53018170469, 76604.40480905383, 62315.530666547056, 87597.45477224115, 67460.10379445729, 60153.11437245325, 66464.13588936316, 89904.15529457988, 68729.80311663756, 74643.96767133207, 73059.42387296449, 78142.69109608971, 85598.72985490708, 68488.33405673312, 78420.88941361268, 75537.75624338939, 67567.43380901919, 71486.79539260619, 68372.01145673523, 68736.09658026142, 79282.8190919313, 65866.39414645381, 70952.97107870027, 93972.88303789616, 74417.14686636931, 77432.1370987907, 70221.84063247974, 83635.82391593933, 73279.7196694536, 76522.29106189498, 84723.82639229421, 70202.76313266286, 72504.5067468725, 83466.35827963425, 72230.67696526815, 68961.02565736357, 72240.70475128408, 56034.29552975853, 70295.44653317863, 69863.64017810747, 79640.50856971911, 80765.83210009246, 70702.81302979181, 68726.01858227595, 78211.95592869996, 64347.54964966056, 80653.31468622912, 67592.3687723439, 72231.66628086688, 89679.85884072837, 72202.78383490207, 92094.35246219323, 126586.44249206234, 69692.35130600317, 107707.77334085222, 85070.12216157158, 84182.20649068349, 78411.46190202083, 105547.8734732904, 69461.43999311516]
Time
13.673483610153198
The result for the 9th execution is
Query Result
[178785.7374441998, 174557.9006419002, 181130.7630288004, 178007.17005079967, 178629.31758949996, 183981.52651319987, 179508.7996199997, 182054.26327950045, 178433.18352369996, 180642.11739460056, 178696.36429789953, 179316.70240189988, 181096.2497966003, 180508.6027004996, 182030.6539569999, 184468.80146289954, 180275.23035500004, 179953.9629626, 173598.87351550037, 182313.25241839906, 178368.3961764003, 178718.52346579998, 180338.00750239936, 176499.9877864996, 184757.59741450014, 180573.7660357003, 177992.5390310998, 179124.12054029957, 180323.0249267001, 181473.55916239964, 182039.68933760046, 177833.91269379997, 183240.49122879942, 180618.9906626006, 181229.51971180082, 182358.42777890043, 174869.40165339998, 185311.45806310017, 184284.32333159973, 175125.19995449932, 180636.35561729936, 178430.37718429964, 178886.7568025999, 183465.09969600005, 180332.41804820052, 174354.03241559965, 175975.1614043996, 179908.0860250997, 182143.98752300013, 184142.4632920999, 183475.11040590034, 184568.62985160016, 182252.5906058998, 179267.04292759998, 187281.47291370013, 182892.66164769916, 185850.52139490048, 181438.73562540038, 178480.4138081998, 177548.2573749003, 180054.49264959942, 183473.7215570996, 179885.75016569998, 182309.31353609991, 177681.9543533998, 180855.5419211995, 178269.55116510022, 182300.23836939994, 180198.28676519985, 184087.5169010996, 178445.24817580022, 173844.63103570085, 185719.92952700006, 185751.74674300032, 178171.59121060037, 180441.45356490003, 179631.02925869962, 182803.96879530023, 181366.07231439964, 178679.94123870003, 179228.41300179972, 181938.7442666998, 182097.34149229949, 181308.78681209998, 185634.46311119988, 180269.0231479001, 181732.36933780016, 182225.47992750027, 184384.65909560004, 183596.9372480999, 179004.63824459992, 179701.96063840034, 185200.73126389994, 179170.20835390012, 188103.1661246999, 184142.96354409942, 179566.71850550055, 178852.47344730014, 179416.09769360028, 180572.3462689997]
Noised Result
[72161.03206150775, 63440.8626603094, 90107.60228556837, 68053.09946327729, 79435.3738056013, 79052.8938230564, 71290.81258244661, 83349.05637423041, 100500.95502269757, 73811.03210312114, 63746.74475999424, 95293.31934182698, 88553.1634723499, 82212.63304366145, 71902.35662355632, 72463.06595386584, 70723.8498546213, 103420.93938444662, 62547.47832703988, 85550.5554879992, 85694.08222906383, 72777.78789676112, 80467.7377391905, 62415.79503180906, 90109.09815315336, 69977.03506699909, 76223.9037505714, 75126.08182816289, 74547.6702216765, 88748.27328834179, 84759.14538568011, 78810.77322731502, 75963.70154072516, 70361.43410174358, 68100.96036861133, 72065.29491442093, 68817.65876624495, 68765.32113145938, 75874.00650639004, 66552.52222285196, 66877.37577269852, 74994.29308732998, 73279.52504990398, 81908.95791069926, 80078.68667352824, 85696.73133606178, 78869.83697189848, 65505.12241837052, 67063.85504793041, 81380.82238359883, 79687.04708013275, 77056.95866840515, 72769.99794404532, 67008.63097247921, 80929.41802805655, 71972.62783055607, 78806.77532994442, 106505.26130497074, 84765.88416291394, 65702.7525284135, 75199.88418398022, 69487.15783612066, 103008.22164364686, 65200.48874508411, 70643.73787532968, 73237.24468784506, 94584.47438896712, 60170.10139637922, 75170.18497836807, 70907.97163151602, 76288.67142720245, 72809.22079492274, 82600.91384066982, 69084.78049532711, 72295.84311271532, 65337.92628299242, 72476.8496645765, 71235.16077638982, 77575.22549068712, 75621.82383292835, 63644.55247937239, 81602.16375702756, 86110.45948086439, 75695.91331258797, 90113.38000865943, 76891.97442040991, 99693.96180266695, 76470.7370705235, 93032.27053283247, 70368.05188948748, 72462.02156027386, 77957.67723927413, 77958.0178922133, 76211.73891305568, 73465.35918434858, 93938.592950806, 70278.73786088603, 69129.19316368875, 69873.11248748636, 80482.65480763416]
Time
13.869084119796753
The result for the 10th execution is
Query Result
[178785.7374441998, 174557.9006419002, 181130.7630288004, 178007.17005079967, 178629.31758949996, 183981.52651319987, 179508.7996199997, 182054.26327950045, 178433.18352369996, 180642.11739460056, 178696.36429789953, 179316.70240189988, 181096.2497966003, 180508.6027004996, 182030.6539569999, 184468.80146289954, 180275.23035500004, 179953.9629626, 173598.87351550037, 182313.25241839906, 178368.3961764003, 178718.52346579998, 180338.00750239936, 176499.9877864996, 184757.59741450014, 180573.7660357003, 177992.5390310998, 179124.12054029957, 180323.0249267001, 181473.55916239964, 182039.68933760046, 177833.91269379997, 183240.49122879942, 180618.9906626006, 181229.51971180082, 182358.42777890043, 174869.40165339998, 185311.45806310017, 184284.32333159973, 175125.19995449932, 180636.35561729936, 178430.37718429964, 178886.7568025999, 183465.09969600005, 180332.41804820052, 174354.03241559965, 175975.1614043996, 179908.0860250997, 182143.98752300013, 184142.4632920999, 183475.11040590034, 184568.62985160016, 182252.5906058998, 179267.04292759998, 187281.47291370013, 182892.66164769916, 185850.52139490048, 181438.73562540038, 178480.4138081998, 177548.2573749003, 180054.49264959942, 183473.7215570996, 179885.75016569998, 182309.31353609991, 177681.9543533998, 180855.5419211995, 178269.55116510022, 182300.23836939994, 180198.28676519985, 184087.5169010996, 178445.24817580022, 173844.63103570085, 185719.92952700006, 185751.74674300032, 178171.59121060037, 180441.45356490003, 179631.02925869962, 182803.96879530023, 181366.07231439964, 178679.94123870003, 179228.41300179972, 181938.7442666998, 182097.34149229949, 181308.78681209998, 185634.46311119988, 180269.0231479001, 181732.36933780016, 182225.47992750027, 184384.65909560004, 183596.9372480999, 179004.63824459992, 179701.96063840034, 185200.73126389994, 179170.20835390012, 188103.1661246999, 184142.96354409942, 179566.71850550055, 178852.47344730014, 179416.09769360028, 180572.3462689997]
Noised Result
[69490.44150318445, 112010.28411764861, 90747.80249030038, 98185.15456011375, 99461.64303219048, 92133.52603459306, 78097.71083567725, 83522.89707563173, 79957.04107452885, 86416.39871938282, 76690.17948369474, 72812.49104253428, 126304.41764086107, 73003.66045759758, 78019.61602892818, 88861.26700665467, 72582.24177410651, 88828.09515497093, 57381.0311785526, 77903.62336897646, 67904.21676120642, 70860.38182685502, 77555.24712479606, 108872.49702249773, 84065.80702850096, 85766.8276877825, 69166.44203954193, 67513.31541770668, 77057.6675319144, 71075.26879183587, 96845.55989174938, 81056.3961673499, 73686.57551728767, 95547.67990862203, 78323.19436265781, 82493.73778900666, 89124.97782215901, 75060.3447926706, 75770.69991956465, 69537.75988605371, 79990.25631779748, 93203.80545211128, 87228.65746620661, 67167.32310846032, 67798.6375675759, 64098.97448188807, 67993.96936298403, 80009.99386151384, 73418.52780833853, 141254.38384678797, 98754.77287113636, 74082.87255081632, 70249.45652700245, 93458.64607303322, 97207.01627633374, 77153.10493420057, 87474.26268200556, 71976.50657029863, 88265.64713378347, 98716.55540798235, 82330.42973278333, 57328.53069563871, 68225.63889116698, 59700.93607242577, 72628.57325677796, 73628.62352286346, 68687.56720087807, 76632.69136229136, 63454.143828174565, 71370.14226695198, 78965.62964111527, 69814.05462444709, 81580.06864480744, 77308.57099432728, 72567.6227705063, 76843.99056630366, 70900.72546114397, 77233.48094200784, 76544.0725496072, 75544.8152781374, 70868.67247889303, 80538.54166051421, 78632.08005129265, 74509.80489464568, 91639.91522453418, 95990.89389854425, 87105.71357000084, 69636.04929213805, 80601.0458046002, 79028.01514708792, 85575.53984264683, 70623.58085801799, 74514.9350716538, 68208.70432832235, 89004.51442175815, 66535.07652093458, 70315.47096137001, 80098.12416917202, 64203.356410657085, 74584.82338967538]
Time
13.799330472946167
The result for the 11th execution is
Query Result
[178785.7374441998, 174557.9006419002, 181130.7630288004, 178007.17005079967, 178629.31758949996, 183981.52651319987, 179508.7996199997, 182054.26327950045, 178433.18352369996, 180642.11739460056, 178696.36429789953, 179316.70240189988, 181096.2497966003, 180508.6027004996, 182030.6539569999, 184468.80146289954, 180275.23035500004, 179953.9629626, 173598.87351550037, 182313.25241839906, 178368.3961764003, 178718.52346579998, 180338.00750239936, 176499.9877864996, 184757.59741450014, 180573.7660357003, 177992.5390310998, 179124.12054029957, 180323.0249267001, 181473.55916239964, 182039.68933760046, 177833.91269379997, 183240.49122879942, 180618.9906626006, 181229.51971180082, 182358.42777890043, 174869.40165339998, 185311.45806310017, 184284.32333159973, 175125.19995449932, 180636.35561729936, 178430.37718429964, 178886.7568025999, 183465.09969600005, 180332.41804820052, 174354.03241559965, 175975.1614043996, 179908.0860250997, 182143.98752300013, 184142.4632920999, 183475.11040590034, 184568.62985160016, 182252.5906058998, 179267.04292759998, 187281.47291370013, 182892.66164769916, 185850.52139490048, 181438.73562540038, 178480.4138081998, 177548.2573749003, 180054.49264959942, 183473.7215570996, 179885.75016569998, 182309.31353609991, 177681.9543533998, 180855.5419211995, 178269.55116510022, 182300.23836939994, 180198.28676519985, 184087.5169010996, 178445.24817580022, 173844.63103570085, 185719.92952700006, 185751.74674300032, 178171.59121060037, 180441.45356490003, 179631.02925869962, 182803.96879530023, 181366.07231439964, 178679.94123870003, 179228.41300179972, 181938.7442666998, 182097.34149229949, 181308.78681209998, 185634.46311119988, 180269.0231479001, 181732.36933780016, 182225.47992750027, 184384.65909560004, 183596.9372480999, 179004.63824459992, 179701.96063840034, 185200.73126389994, 179170.20835390012, 188103.1661246999, 184142.96354409942, 179566.71850550055, 178852.47344730014, 179416.09769360028, 180572.3462689997]
Noised Result
[76070.88127350312, 75042.51491165326, 79043.08751278937, 59356.18175941071, 86713.6913588706, 76932.47157157402, 70645.85466620357, 72076.25212772642, 88863.39403046058, 75998.51870795005, 80986.85457334567, 69922.03656472739, 63043.92783503022, 74139.5095706101, 76935.65481500531, 88369.30371635934, 71053.76367006938, 73627.04849541967, 62964.039521508705, 78484.89218558275, 99014.41510790639, 74479.9564000545, 73916.345384474, 69097.17870780145, 85014.37358113556, 77253.39577190319, 70037.25037967975, 95985.78210974371, 74238.73211749629, 79128.25240233955, 79308.01129624493, 77535.80300317093, 93884.85913067509, 81393.98732748126, 70926.24156210004, 62771.47385310986, 64475.517816939915, 86277.61790228485, 74718.87661657273, 79855.9953259857, 73827.3885486841, 66483.48310461921, 80671.23545185025, 72408.7032311818, 68517.91790022852, 77404.61008601612, 58278.207263490694, 71967.48025197888, 74681.83333212869, 97802.96026264518, 80316.97574235004, 74699.06116004377, 82365.55916520627, 67506.29733544053, 81852.62125236834, 67742.49889702321, 79280.45611161261, 75940.37102197522, 76618.91788434437, 63817.89228249695, 105425.61743474766, 69009.3894024181, 62109.99957682662, 88230.06411863716, 70087.35928353728, 76626.73272061272, 85287.01074580908, 85829.84543365956, 122340.24612230067, 87827.71000141308, 71590.24197896186, 64513.176864085246, 74832.71235786995, 83999.09132639703, 73558.9056780783, 103181.8752562303, 78585.57071986164, 74538.7238727203, 80832.7725230708, 68524.30654401351, 80422.62441041123, 72000.65272725519, 72437.1625589857, 99180.80963604085, 98871.54419710507, 70360.07623339682, 72734.91769415312, 68595.63893152044, 88555.4282236102, 71074.18752363403, 73616.28005883057, 72485.13739613393, 80857.2555788967, 73510.33332732579, 88092.91989525319, 73935.71028711247, 79346.6043066325, 67519.42360842359, 80558.29865271872, 75075.91418692829]
Time
13.92725920677185
The result for the 12th execution is
Query Result
[178785.7374441998, 174557.9006419002, 181130.7630288004, 178007.17005079967, 178629.31758949996, 183981.52651319987, 179508.7996199997, 182054.26327950045, 178433.18352369996, 180642.11739460056, 178696.36429789953, 179316.70240189988, 181096.2497966003, 180508.6027004996, 182030.6539569999, 184468.80146289954, 180275.23035500004, 179953.9629626, 173598.87351550037, 182313.25241839906, 178368.3961764003, 178718.52346579998, 180338.00750239936, 176499.9877864996, 184757.59741450014, 180573.7660357003, 177992.5390310998, 179124.12054029957, 180323.0249267001, 181473.55916239964, 182039.68933760046, 177833.91269379997, 183240.49122879942, 180618.9906626006, 181229.51971180082, 182358.42777890043, 174869.40165339998, 185311.45806310017, 184284.32333159973, 175125.19995449932, 180636.35561729936, 178430.37718429964, 178886.7568025999, 183465.09969600005, 180332.41804820052, 174354.03241559965, 175975.1614043996, 179908.0860250997, 182143.98752300013, 184142.4632920999, 183475.11040590034, 184568.62985160016, 182252.5906058998, 179267.04292759998, 187281.47291370013, 182892.66164769916, 185850.52139490048, 181438.73562540038, 178480.4138081998, 177548.2573749003, 180054.49264959942, 183473.7215570996, 179885.75016569998, 182309.31353609991, 177681.9543533998, 180855.5419211995, 178269.55116510022, 182300.23836939994, 180198.28676519985, 184087.5169010996, 178445.24817580022, 173844.63103570085, 185719.92952700006, 185751.74674300032, 178171.59121060037, 180441.45356490003, 179631.02925869962, 182803.96879530023, 181366.07231439964, 178679.94123870003, 179228.41300179972, 181938.7442666998, 182097.34149229949, 181308.78681209998, 185634.46311119988, 180269.0231479001, 181732.36933780016, 182225.47992750027, 184384.65909560004, 183596.9372480999, 179004.63824459992, 179701.96063840034, 185200.73126389994, 179170.20835390012, 188103.1661246999, 184142.96354409942, 179566.71850550055, 178852.47344730014, 179416.09769360028, 180572.3462689997]
Noised Result
[69891.41443466255, 66973.00096985347, 73751.67209818473, 59541.46435229419, 75862.28069968589, 74732.6058594659, 53280.102340914775, 81423.85381395242, 87088.70039434131, 88145.06918623879, 67131.532999448, 64235.5873695341, 55793.41859462322, 90258.3357730979, 67447.72836133621, 62236.800299366514, 68654.11224840765, 73197.99826677535, 67940.75799886568, 70586.9914489431, 73170.2145235501, 87003.16548688829, 93764.43947920899, 70974.49857745614, 98723.45690915946, 70085.64501584538, 71930.93177966654, 102207.51162581649, 85826.8046876266, 71302.2533974588, 73380.9801315289, 61530.94924298653, 75434.33247282423, 74456.93225823836, 67801.90900507588, 76103.31093333015, 95112.651336987, 94786.30001005964, 73911.9402808409, 75511.27768074792, 67514.87650778396, 69351.92185592237, 84963.57719585166, 92225.13349935255, 76043.94567783852, 60732.632375417525, 83156.77702366994, 80155.29924593236, 76220.10629779156, 78508.92421822218, 78707.37527180354, 98981.66719208911, 85138.32438091002, 72719.13274470856, 71784.89375156244, 79541.09493923248, 80622.31924134819, 80337.76937314522, 69798.45461181033, 75897.46673525538, 80049.40845476117, 82606.15733077076, 84628.54336041759, 88961.65585914723, 71392.10189094211, 76065.11817834241, 70499.51451216817, 73245.60553030572, 75213.7115771038, 81500.62062622706, 104760.21013233051, 70864.35896678708, 90327.84845222923, 92558.76893394336, 57591.384443933945, 69702.32153269608, 74430.87123877305, 75185.06296182371, 65984.19612060406, 70231.53220411413, 67480.85336233924, 68499.42318277867, 81448.07213549694, 69665.54498778656, 82458.47205121128, 90165.71660596869, 72305.75525302655, 63644.096796310434, 77295.51097302523, 60438.11174274453, 77970.6545098052, 74673.50038849161, 83411.82754459909, 81791.35815471347, 74921.0750565672, 80969.58788313305, 70425.39888166793, 70212.767783463, 69307.20115896518, 72830.80943798638]
Time
13.834086656570435
The result for the 13th execution is
Query Result
[178785.7374441998, 174557.9006419002, 181130.7630288004, 178007.17005079967, 178629.31758949996, 183981.52651319987, 179508.7996199997, 182054.26327950045, 178433.18352369996, 180642.11739460056, 178696.36429789953, 179316.70240189988, 181096.2497966003, 180508.6027004996, 182030.6539569999, 184468.80146289954, 180275.23035500004, 179953.9629626, 173598.87351550037, 182313.25241839906, 178368.3961764003, 178718.52346579998, 180338.00750239936, 176499.9877864996, 184757.59741450014, 180573.7660357003, 177992.5390310998, 179124.12054029957, 180323.0249267001, 181473.55916239964, 182039.68933760046, 177833.91269379997, 183240.49122879942, 180618.9906626006, 181229.51971180082, 182358.42777890043, 174869.40165339998, 185311.45806310017, 184284.32333159973, 175125.19995449932, 180636.35561729936, 178430.37718429964, 178886.7568025999, 183465.09969600005, 180332.41804820052, 174354.03241559965, 175975.1614043996, 179908.0860250997, 182143.98752300013, 184142.4632920999, 183475.11040590034, 184568.62985160016, 182252.5906058998, 179267.04292759998, 187281.47291370013, 182892.66164769916, 185850.52139490048, 181438.73562540038, 178480.4138081998, 177548.2573749003, 180054.49264959942, 183473.7215570996, 179885.75016569998, 182309.31353609991, 177681.9543533998, 180855.5419211995, 178269.55116510022, 182300.23836939994, 180198.28676519985, 184087.5169010996, 178445.24817580022, 173844.63103570085, 185719.92952700006, 185751.74674300032, 178171.59121060037, 180441.45356490003, 179631.02925869962, 182803.96879530023, 181366.07231439964, 178679.94123870003, 179228.41300179972, 181938.7442666998, 182097.34149229949, 181308.78681209998, 185634.46311119988, 180269.0231479001, 181732.36933780016, 182225.47992750027, 184384.65909560004, 183596.9372480999, 179004.63824459992, 179701.96063840034, 185200.73126389994, 179170.20835390012, 188103.1661246999, 184142.96354409942, 179566.71850550055, 178852.47344730014, 179416.09769360028, 180572.3462689997]
Noised Result
[70266.08945568951, 66111.34050924654, 77760.83122627123, 80084.27881709265, 70478.30833963859, 70495.73560862849, 89002.9443381743, 77134.88221775694, 69134.01299443995, 71189.18557540522, 73497.04520694108, 82272.79380220507, 75217.8457085873, 86041.19743240948, 80485.43084793648, 73077.2076783941, 60490.67743505069, 78002.97529540563, 72850.93554850506, 95619.35761702362, 89903.00243701962, 72057.07279802617, 75542.69519403967, 100446.66987274704, 97820.89590627507, 58680.76952125205, 81839.04158948155, 78182.47027693433, 86948.55768434276, 73457.1194577926, 82321.21074586053, 100328.91252951031, 97317.40803716848, 79640.12629121968, 68319.70268339146, 74594.18817768325, 74838.07856239073, 85937.23369021653, 73026.15206190586, 74032.8693023581, 67294.00638355839, 79676.66695825744, 71703.57696842495, 73677.41084955781, 72536.35637113468, 68739.13931887537, 67235.25788889853, 73989.12112559367, 72358.38881053001, 76983.24567893162, 83553.32784317777, 71024.67691063523, 68752.87935687642, 70812.91077168396, 74930.9177805275, 73172.036217759, 99265.34578581125, 66307.11419834112, 66780.3245566798, 72983.60005874468, 77932.94647312931, 62709.314053392125, 69411.82039995305, 79915.69204530523, 85223.42655993858, 69130.35779887735, 67595.95134939588, 66856.44034872955, 98731.13680671694, 72830.45268681622, 83277.77677584458, 78027.91613294464, 79852.892111305, 105756.52464635429, 76149.88016485411, 77621.1749574008, 65991.24166380762, 86523.7900472693, 84096.93889889335, 69081.90820361281, 84578.91497127863, 106658.95467486212, 95353.38732544096, 76562.40950483401, 96813.61323735179, 61898.98769482947, 70567.24998661908, 78046.75640143034, 79482.22952689498, 86512.32219447097, 101278.02131736116, 69754.58076044073, 77276.54034174795, 67345.14313447275, 98065.12959579146, 79688.50941988263, 78156.52561254671, 72137.20541718102, 67158.80662493408, 72878.21029452333]
Time
13.868297815322876
The result for the 14th execution is
Query Result
[178785.7374441998, 174557.9006419002, 181130.7630288004, 178007.17005079967, 178629.31758949996, 183981.52651319987, 179508.7996199997, 182054.26327950045, 178433.18352369996, 180642.11739460056, 178696.36429789953, 179316.70240189988, 181096.2497966003, 180508.6027004996, 182030.6539569999, 184468.80146289954, 180275.23035500004, 179953.9629626, 173598.87351550037, 182313.25241839906, 178368.3961764003, 178718.52346579998, 180338.00750239936, 176499.9877864996, 184757.59741450014, 180573.7660357003, 177992.5390310998, 179124.12054029957, 180323.0249267001, 181473.55916239964, 182039.68933760046, 177833.91269379997, 183240.49122879942, 180618.9906626006, 181229.51971180082, 182358.42777890043, 174869.40165339998, 185311.45806310017, 184284.32333159973, 175125.19995449932, 180636.35561729936, 178430.37718429964, 178886.7568025999, 183465.09969600005, 180332.41804820052, 174354.03241559965, 175975.1614043996, 179908.0860250997, 182143.98752300013, 184142.4632920999, 183475.11040590034, 184568.62985160016, 182252.5906058998, 179267.04292759998, 187281.47291370013, 182892.66164769916, 185850.52139490048, 181438.73562540038, 178480.4138081998, 177548.2573749003, 180054.49264959942, 183473.7215570996, 179885.75016569998, 182309.31353609991, 177681.9543533998, 180855.5419211995, 178269.55116510022, 182300.23836939994, 180198.28676519985, 184087.5169010996, 178445.24817580022, 173844.63103570085, 185719.92952700006, 185751.74674300032, 178171.59121060037, 180441.45356490003, 179631.02925869962, 182803.96879530023, 181366.07231439964, 178679.94123870003, 179228.41300179972, 181938.7442666998, 182097.34149229949, 181308.78681209998, 185634.46311119988, 180269.0231479001, 181732.36933780016, 182225.47992750027, 184384.65909560004, 183596.9372480999, 179004.63824459992, 179701.96063840034, 185200.73126389994, 179170.20835390012, 188103.1661246999, 184142.96354409942, 179566.71850550055, 178852.47344730014, 179416.09769360028, 180572.3462689997]
Noised Result
[72700.98739389655, 64114.88130066704, 60975.61779832506, 65752.73102246369, 67454.43502323913, 75426.22864355703, 76829.37894230196, 85094.6881710142, 77278.59203709147, 96392.12674731333, 79891.663344499, 67173.51712242924, 70531.371928244, 74767.69370096097, 79663.30347199104, 79896.86849497275, 72097.9694439159, 76096.96712069839, 73024.92596486409, 84448.93615130486, 76472.34235190335, 78902.73522791915, 71613.87754685062, 66172.38189812009, 81631.50678570021, 83592.83456276926, 72142.6845931626, 77278.42799856633, 76443.48456429946, 69363.2166246114, 69202.63095997923, 71055.85895201647, 67335.51707510048, 69141.41897228977, 66560.9302681752, 70418.74120989077, 62256.63998991833, 87838.03165176506, 75465.48355751156, 67227.7213474723, 92088.75145147822, 70449.71989819349, 81393.82281212648, 88082.01494337233, 68938.67132585394, 82211.65362918629, 66818.53348106629, 65584.54434537333, 76902.76226933238, 73254.55128778756, 80446.34294807223, 63297.470952231, 92790.5011461823, 73061.03100889864, 71967.53895006097, 68701.16289469546, 93721.61379725745, 94148.0959058737, 71682.5707129014, 82888.41383506577, 70052.70003694072, 69940.64680091961, 75517.9497564656, 74898.89118036338, 66428.34231183912, 103423.37253282446, 66677.66397296448, 72905.75872237053, 77460.75049458133, 80128.8924181776, 74637.61599100912, 69842.50713438017, 96872.48238981687, 79870.20725262747, 57970.036989411594, 75446.88938128456, 73954.2162578587, 97960.75366113751, 77030.05558625255, 93493.08006062277, 61117.823567871594, 76943.86964275451, 76601.26080325016, 84263.89116174376, 82338.91445393061, 78134.19189718811, 84064.37589785799, 75508.96740318599, 71295.05364681636, 72678.35430176073, 65922.28543388189, 94359.18443090332, 74614.83674085405, 85632.34546397986, 79217.97817728136, 90700.43545689328, 66430.36875822111, 79319.23809320373, 78640.52239243731, 77844.59166019942]
Time
13.862926006317139
The result for the 15th execution is
Query Result
[178785.7374441998, 174557.9006419002, 181130.7630288004, 178007.17005079967, 178629.31758949996, 183981.52651319987, 179508.7996199997, 182054.26327950045, 178433.18352369996, 180642.11739460056, 178696.36429789953, 179316.70240189988, 181096.2497966003, 180508.6027004996, 182030.6539569999, 184468.80146289954, 180275.23035500004, 179953.9629626, 173598.87351550037, 182313.25241839906, 178368.3961764003, 178718.52346579998, 180338.00750239936, 176499.9877864996, 184757.59741450014, 180573.7660357003, 177992.5390310998, 179124.12054029957, 180323.0249267001, 181473.55916239964, 182039.68933760046, 177833.91269379997, 183240.49122879942, 180618.9906626006, 181229.51971180082, 182358.42777890043, 174869.40165339998, 185311.45806310017, 184284.32333159973, 175125.19995449932, 180636.35561729936, 178430.37718429964, 178886.7568025999, 183465.09969600005, 180332.41804820052, 174354.03241559965, 175975.1614043996, 179908.0860250997, 182143.98752300013, 184142.4632920999, 183475.11040590034, 184568.62985160016, 182252.5906058998, 179267.04292759998, 187281.47291370013, 182892.66164769916, 185850.52139490048, 181438.73562540038, 178480.4138081998, 177548.2573749003, 180054.49264959942, 183473.7215570996, 179885.75016569998, 182309.31353609991, 177681.9543533998, 180855.5419211995, 178269.55116510022, 182300.23836939994, 180198.28676519985, 184087.5169010996, 178445.24817580022, 173844.63103570085, 185719.92952700006, 185751.74674300032, 178171.59121060037, 180441.45356490003, 179631.02925869962, 182803.96879530023, 181366.07231439964, 178679.94123870003, 179228.41300179972, 181938.7442666998, 182097.34149229949, 181308.78681209998, 185634.46311119988, 180269.0231479001, 181732.36933780016, 182225.47992750027, 184384.65909560004, 183596.9372480999, 179004.63824459992, 179701.96063840034, 185200.73126389994, 179170.20835390012, 188103.1661246999, 184142.96354409942, 179566.71850550055, 178852.47344730014, 179416.09769360028, 180572.3462689997]
Noised Result
[70064.48616531947, 64219.51828925436, 63945.741140306774, 64283.17377012443, 71514.27315948885, 70301.14823002492, 74022.10418751428, 72828.75001076396, 83898.19491697177, 69131.09451353074, 74446.46453465914, 67710.17431391263, 74585.88160530798, 64779.89005679358, 82113.81351211295, 84097.99310652258, 76448.31954801046, 76916.39348422736, 76625.94381470286, 70362.17518605123, 73546.90275429022, 70134.691408402, 73394.61108778983, 71370.21589911496, 80198.01175948807, 71293.87028239697, 71063.23621010935, 82102.33046479723, 73166.4374732409, 76178.57045959697, 73898.27582987276, 80579.6902788428, 75338.55940010065, 73173.65788903594, 67599.00228116637, 102661.80675602157, 64360.76011413624, 78153.5346043153, 81695.93345803062, 69026.2757062795, 65924.28607402432, 97974.71064640125, 67646.32220129865, 66039.08455114151, 86987.33640374924, 80783.87264727779, 96077.68850941856, 66354.20720809922, 71593.81955003412, 90158.55871857947, 77132.15199340571, 69930.61372310192, 74689.34638810366, 77847.16820650606, 74418.7311249559, 82319.16252683006, 80717.65748634639, 74181.51069655472, 80583.18312530659, 73238.14799469226, 74232.11398193266, 74812.73355676216, 78463.40447227002, 71984.7871805922, 72776.35652409123, 77644.96810521968, 62991.777295324304, 71572.72969560797, 70107.23432973055, 78361.0752702033, 64736.65344551789, 65930.49871490312, 76248.81000161589, 66949.03450174676, 69238.1473225609, 87439.41684869805, 72286.87773872109, 84895.9033605686, 85049.29744670045, 71893.41826008241, 65139.48102298826, 87250.2891679618, 86724.85189331058, 80719.4925163338, 74148.43010552823, 76632.53078537127, 80902.60737528642, 70338.31141909503, 72805.34230870947, 72204.69188445357, 76897.67453216008, 76279.84340629641, 77649.512633986, 66727.83102379605, 85073.81735337045, 87080.2195036379, 90526.64440290551, 84491.97515974935, 84103.79238244623, 74488.29833035264]
Time
14.031289339065552
The result for the 16th execution is
Query Result
[178785.7374441998, 174557.9006419002, 181130.7630288004, 178007.17005079967, 178629.31758949996, 183981.52651319987, 179508.7996199997, 182054.26327950045, 178433.18352369996, 180642.11739460056, 178696.36429789953, 179316.70240189988, 181096.2497966003, 180508.6027004996, 182030.6539569999, 184468.80146289954, 180275.23035500004, 179953.9629626, 173598.87351550037, 182313.25241839906, 178368.3961764003, 178718.52346579998, 180338.00750239936, 176499.9877864996, 184757.59741450014, 180573.7660357003, 177992.5390310998, 179124.12054029957, 180323.0249267001, 181473.55916239964, 182039.68933760046, 177833.91269379997, 183240.49122879942, 180618.9906626006, 181229.51971180082, 182358.42777890043, 174869.40165339998, 185311.45806310017, 184284.32333159973, 175125.19995449932, 180636.35561729936, 178430.37718429964, 178886.7568025999, 183465.09969600005, 180332.41804820052, 174354.03241559965, 175975.1614043996, 179908.0860250997, 182143.98752300013, 184142.4632920999, 183475.11040590034, 184568.62985160016, 182252.5906058998, 179267.04292759998, 187281.47291370013, 182892.66164769916, 185850.52139490048, 181438.73562540038, 178480.4138081998, 177548.2573749003, 180054.49264959942, 183473.7215570996, 179885.75016569998, 182309.31353609991, 177681.9543533998, 180855.5419211995, 178269.55116510022, 182300.23836939994, 180198.28676519985, 184087.5169010996, 178445.24817580022, 173844.63103570085, 185719.92952700006, 185751.74674300032, 178171.59121060037, 180441.45356490003, 179631.02925869962, 182803.96879530023, 181366.07231439964, 178679.94123870003, 179228.41300179972, 181938.7442666998, 182097.34149229949, 181308.78681209998, 185634.46311119988, 180269.0231479001, 181732.36933780016, 182225.47992750027, 184384.65909560004, 183596.9372480999, 179004.63824459992, 179701.96063840034, 185200.73126389994, 179170.20835390012, 188103.1661246999, 184142.96354409942, 179566.71850550055, 178852.47344730014, 179416.09769360028, 180572.3462689997]
Noised Result
[67136.87290050404, 62075.65291002982, 90533.92322816009, 87194.66166079641, 107252.43129814015, 80309.70520090726, 105593.30945030307, 81276.89790716537, 65090.43762166619, 70613.48042603004, 71377.16896344128, 69248.56921829574, 65593.34843802181, 72514.73625715541, 84898.71685189214, 80417.43841082767, 81725.26968853423, 73344.10027236579, 73995.64095792563, 68495.45294069989, 72758.48331732399, 70719.21646056989, 73391.99447502219, 91554.055247563, 82322.06142867528, 80850.03436984308, 67645.64827064014, 76399.18980651925, 68482.19659247459, 79046.32090998141, 89194.47715787592, 71651.9181924909, 83763.78613386877, 79603.18434030742, 67968.82103352287, 75708.70286548986, 78042.85274083244, 73617.21037002918, 91006.1994646425, 69021.19120081312, 61154.05177642533, 55900.148824844524, 74579.71700317021, 76740.10514525976, 99131.73590643847, 84322.28080381363, 71546.70345564933, 70742.21604580921, 75204.63746825187, 73874.35387550501, 84512.7374743568, 62821.25508816437, 73698.82551914967, 73788.61044398053, 77573.3279448298, 78537.78275800233, 83815.2815974881, 77971.29122561822, 67516.05985732691, 76481.77807720465, 88977.03515116281, 91921.45503106223, 70947.31184081986, 72386.49859641379, 70510.79572375808, 75165.77314506733, 81444.07033718671, 71544.73409419226, 76532.76014291104, 71914.207094162, 72566.38016345873, 73582.83562508978, 70455.91891111346, 73169.33176949083, 72609.01830927255, 76177.19945319823, 89249.96141010673, 72187.9604745107, 70168.65808583706, 81517.97384631154, 77884.22452663768, 83529.33689522702, 79824.83346882756, 67595.44336154932, 79693.47752098026, 71987.22373339439, 79856.8606127941, 74730.12455153282, 72716.42803395464, 87134.44040192157, 73581.35868898475, 69693.99875787963, 81368.29469892761, 74193.72511556007, 77194.96555682406, 69150.79533363975, 58237.685852136565, 84730.2737954451, 102351.2571679889, 77553.71600667347]
Time
13.729166507720947
The result for the 17th execution is
Query Result
[178785.7374441998, 174557.9006419002, 181130.7630288004, 178007.17005079967, 178629.31758949996, 183981.52651319987, 179508.7996199997, 182054.26327950045, 178433.18352369996, 180642.11739460056, 178696.36429789953, 179316.70240189988, 181096.2497966003, 180508.6027004996, 182030.6539569999, 184468.80146289954, 180275.23035500004, 179953.9629626, 173598.87351550037, 182313.25241839906, 178368.3961764003, 178718.52346579998, 180338.00750239936, 176499.9877864996, 184757.59741450014, 180573.7660357003, 177992.5390310998, 179124.12054029957, 180323.0249267001, 181473.55916239964, 182039.68933760046, 177833.91269379997, 183240.49122879942, 180618.9906626006, 181229.51971180082, 182358.42777890043, 174869.40165339998, 185311.45806310017, 184284.32333159973, 175125.19995449932, 180636.35561729936, 178430.37718429964, 178886.7568025999, 183465.09969600005, 180332.41804820052, 174354.03241559965, 175975.1614043996, 179908.0860250997, 182143.98752300013, 184142.4632920999, 183475.11040590034, 184568.62985160016, 182252.5906058998, 179267.04292759998, 187281.47291370013, 182892.66164769916, 185850.52139490048, 181438.73562540038, 178480.4138081998, 177548.2573749003, 180054.49264959942, 183473.7215570996, 179885.75016569998, 182309.31353609991, 177681.9543533998, 180855.5419211995, 178269.55116510022, 182300.23836939994, 180198.28676519985, 184087.5169010996, 178445.24817580022, 173844.63103570085, 185719.92952700006, 185751.74674300032, 178171.59121060037, 180441.45356490003, 179631.02925869962, 182803.96879530023, 181366.07231439964, 178679.94123870003, 179228.41300179972, 181938.7442666998, 182097.34149229949, 181308.78681209998, 185634.46311119988, 180269.0231479001, 181732.36933780016, 182225.47992750027, 184384.65909560004, 183596.9372480999, 179004.63824459992, 179701.96063840034, 185200.73126389994, 179170.20835390012, 188103.1661246999, 184142.96354409942, 179566.71850550055, 178852.47344730014, 179416.09769360028, 180572.3462689997]
Noised Result
[67697.0704644968, 67281.03018229478, 66388.2487009595, 68912.57555126335, 74403.3216870924, 70937.12484372403, 68472.68230436574, 75260.71991028293, 87111.81118354431, 69878.42908925729, 70658.10563551393, 84155.88010837947, 70794.77280600596, 67979.99664336626, 79923.82876930133, 83314.68332936522, 84275.90475551679, 61310.4855879127, 88291.35956751897, 78972.4197332797, 75180.54310545474, 71584.28835293761, 83226.94563548458, 63808.475511970486, 67603.63119463624, 65307.78563320149, 71764.23951923483, 72226.40567109425, 64057.918335882634, 82408.90330699424, 73788.62091592913, 69538.39475153926, 76213.85450442246, 69457.52455541102, 73673.27853110306, 76489.11799385073, 80255.8676353952, 75785.76371804636, 70220.28841303989, 63892.590726034956, 76642.98192132208, 68227.14522242945, 77009.9966789675, 75273.53445002521, 78975.5255363368, 62896.354185650525, 56975.47163511322, 61199.89665237542, 82146.06741017687, 71760.55560619262, 83842.96094960978, 80293.26849093479, 64860.58004066961, 66853.54099354771, 74817.57241607574, 106394.09717028963, 77094.9757842425, 70214.42343638728, 49146.42239178746, 74641.30244198898, 91266.66749232811, 96102.63696945587, 70401.78126440325, 70380.22282701836, 70534.5550819361, 70311.85179370428, 64955.39164078081, 78669.33999990253, 73137.43363252138, 99266.99429507347, 85038.36557216391, 70678.90639256459, 79958.10650761018, 71379.50041137214, 68203.25008273502, 76441.62919167757, 71956.44267777404, 111738.03905498816, 91334.8590613119, 69125.337515132, 57296.11782238023, 73909.28988724602, 87762.73625593993, 84811.47421605092, 72256.56402294259, 73046.3822198364, 72073.46191094411, 70946.46326327679, 60765.668459251654, 82420.84791802947, 70938.87601762812, 73012.0842352515, 73565.36972331387, 70112.33371819556, 81241.8068007597, 76599.84106263798, 69029.19408853928, 68429.02743428515, 80062.45186749475, 68737.53554927476]
Time
13.78249740600586
The result for the 18th execution is
Query Result
[178785.7374441998, 174557.9006419002, 181130.7630288004, 178007.17005079967, 178629.31758949996, 183981.52651319987, 179508.7996199997, 182054.26327950045, 178433.18352369996, 180642.11739460056, 178696.36429789953, 179316.70240189988, 181096.2497966003, 180508.6027004996, 182030.6539569999, 184468.80146289954, 180275.23035500004, 179953.9629626, 173598.87351550037, 182313.25241839906, 178368.3961764003, 178718.52346579998, 180338.00750239936, 176499.9877864996, 184757.59741450014, 180573.7660357003, 177992.5390310998, 179124.12054029957, 180323.0249267001, 181473.55916239964, 182039.68933760046, 177833.91269379997, 183240.49122879942, 180618.9906626006, 181229.51971180082, 182358.42777890043, 174869.40165339998, 185311.45806310017, 184284.32333159973, 175125.19995449932, 180636.35561729936, 178430.37718429964, 178886.7568025999, 183465.09969600005, 180332.41804820052, 174354.03241559965, 175975.1614043996, 179908.0860250997, 182143.98752300013, 184142.4632920999, 183475.11040590034, 184568.62985160016, 182252.5906058998, 179267.04292759998, 187281.47291370013, 182892.66164769916, 185850.52139490048, 181438.73562540038, 178480.4138081998, 177548.2573749003, 180054.49264959942, 183473.7215570996, 179885.75016569998, 182309.31353609991, 177681.9543533998, 180855.5419211995, 178269.55116510022, 182300.23836939994, 180198.28676519985, 184087.5169010996, 178445.24817580022, 173844.63103570085, 185719.92952700006, 185751.74674300032, 178171.59121060037, 180441.45356490003, 179631.02925869962, 182803.96879530023, 181366.07231439964, 178679.94123870003, 179228.41300179972, 181938.7442666998, 182097.34149229949, 181308.78681209998, 185634.46311119988, 180269.0231479001, 181732.36933780016, 182225.47992750027, 184384.65909560004, 183596.9372480999, 179004.63824459992, 179701.96063840034, 185200.73126389994, 179170.20835390012, 188103.1661246999, 184142.96354409942, 179566.71850550055, 178852.47344730014, 179416.09769360028, 180572.3462689997]
Noised Result
[77052.45048525091, 63453.798725833345, 74518.8981142391, 82922.06222447177, 101699.60179404881, 91610.53887794593, 82553.86787555844, 92891.6605145379, 75337.27542619975, 71881.88867315438, 70836.6955876128, 70701.45502091723, 94090.78365313886, 69888.15366031209, 71721.9165726545, 67721.68784762945, 99482.93350299855, 74320.2603301593, 96000.99509123583, 76251.94642158432, 66486.75595202151, 69636.08671674578, 73119.91996495833, 70675.77223758544, 84278.1462655894, 68303.63836467273, 80914.78927646545, 67942.73990631363, 77162.98002880257, 78648.74103244516, 68673.88199018633, 67276.15287894072, 78023.62233007778, 71240.47250816616, 73262.14161104723, 72339.37106007492, 70630.41452892052, 91260.70074290235, 78943.4482318721, 79287.5008400733, 73022.10591820578, 67350.18771746008, 78721.27732606154, 105868.6155897468, 70749.52829894992, 93177.67797361978, 70456.76334021868, 78679.74540292921, 83397.82778050198, 74882.05608482855, 75239.8461429695, 88014.57617367008, 77278.94226714894, 70010.98711530722, 72969.89823224938, 82392.60661509099, 80659.50539266023, 82496.36154147642, 73908.73111182477, 96931.14558319637, 75909.22944471525, 73156.46574398315, 69292.24141033756, 79544.0668291756, 64116.9403540051, 60328.75566138573, 77151.50808796962, 77102.20106820298, 73275.88785133856, 73735.20308603489, 96156.01897737462, 72549.33663941218, 71728.7647775577, 110564.92666318845, 66860.48302048832, 70168.11450808143, 78691.00802413218, 83601.98432458265, 74606.04332716724, 74932.18186639577, 74938.62177058306, 56887.694207681416, 77681.63791545905, 80299.37857405868, 72567.08401103101, 72350.96557550265, 73532.6716148937, 67455.48164379477, 72218.87972822413, 94514.09413364591, 65220.253183820336, 73764.56280253566, 79410.61800470811, 94430.44748212562, 106285.2586558038, 85272.241847771, 69339.6746308597, 79119.0184376695, 79969.3077750009, 66183.57505816214]
Time
14.079761028289795
The result for the 19th execution is
Query Result
[178785.7374441998, 174557.9006419002, 181130.7630288004, 178007.17005079967, 178629.31758949996, 183981.52651319987, 179508.7996199997, 182054.26327950045, 178433.18352369996, 180642.11739460056, 178696.36429789953, 179316.70240189988, 181096.2497966003, 180508.6027004996, 182030.6539569999, 184468.80146289954, 180275.23035500004, 179953.9629626, 173598.87351550037, 182313.25241839906, 178368.3961764003, 178718.52346579998, 180338.00750239936, 176499.9877864996, 184757.59741450014, 180573.7660357003, 177992.5390310998, 179124.12054029957, 180323.0249267001, 181473.55916239964, 182039.68933760046, 177833.91269379997, 183240.49122879942, 180618.9906626006, 181229.51971180082, 182358.42777890043, 174869.40165339998, 185311.45806310017, 184284.32333159973, 175125.19995449932, 180636.35561729936, 178430.37718429964, 178886.7568025999, 183465.09969600005, 180332.41804820052, 174354.03241559965, 175975.1614043996, 179908.0860250997, 182143.98752300013, 184142.4632920999, 183475.11040590034, 184568.62985160016, 182252.5906058998, 179267.04292759998, 187281.47291370013, 182892.66164769916, 185850.52139490048, 181438.73562540038, 178480.4138081998, 177548.2573749003, 180054.49264959942, 183473.7215570996, 179885.75016569998, 182309.31353609991, 177681.9543533998, 180855.5419211995, 178269.55116510022, 182300.23836939994, 180198.28676519985, 184087.5169010996, 178445.24817580022, 173844.63103570085, 185719.92952700006, 185751.74674300032, 178171.59121060037, 180441.45356490003, 179631.02925869962, 182803.96879530023, 181366.07231439964, 178679.94123870003, 179228.41300179972, 181938.7442666998, 182097.34149229949, 181308.78681209998, 185634.46311119988, 180269.0231479001, 181732.36933780016, 182225.47992750027, 184384.65909560004, 183596.9372480999, 179004.63824459992, 179701.96063840034, 185200.73126389994, 179170.20835390012, 188103.1661246999, 184142.96354409942, 179566.71850550055, 178852.47344730014, 179416.09769360028, 180572.3462689997]
Noised Result
[89749.4146790181, 75260.79046786128, 78277.40974081506, 72912.32961562053, 69728.0731830563, 74779.70626887944, 71616.10849435537, 78151.81914576054, 81012.01700593425, 74940.03397802313, 68267.3074147368, 65161.82273720886, 73052.17873712892, 69712.97482348359, 91128.79876801219, 77116.59596042376, 92261.69929002895, 83773.63027841492, 94005.56535227792, 89443.83761002241, 86413.85695408031, 67277.53609423176, 65703.62073873189, 69270.83172792493, 93595.27491377166, 72058.06209863834, 74027.34104032957, 96873.10665753922, 64938.7224145362, 96897.29845507763, 70239.33349039961, 83662.71139907719, 68978.0445996219, 76727.17202459229, 70302.33431954953, 82271.28933160222, 74873.27965424203, 82872.58432020538, 88033.9721334758, 65650.35074403939, 84956.98496512929, 70898.41426200751, 73692.090439454, 75250.19797121926, 71615.07457527012, 63634.9207153974, 72501.61876144572, 72454.02414750287, 98929.48958493692, 90466.25077527983, 75466.19263475804, 77946.9430542263, 89836.82706561056, 74406.11317750289, 72982.24135312768, 74205.09696605356, 71271.00219521235, 77229.01916021155, 64354.0307939027, 87460.79258078226, 78069.93619396188, 81385.6300995006, 67253.84023424529, 76337.0856457169, 74328.96736365484, 80910.52388693337, 69652.95972880568, 81469.238335265, 67892.20734435639, 68916.64707888548, 84885.44905053446, 73068.16703391029, 79703.65946712425, 86260.63580707242, 66830.44599610305, 70987.18539276731, 69090.01685761576, 75225.71839583003, 74488.85812480577, 70907.13730364773, 73532.6157078997, 69049.46574156184, 69137.84673306024, 71032.19789095368, 89021.69879513024, 103349.7838894026, 68357.2257833336, 81928.68773583417, 88093.22531368688, 70060.89780849098, 79907.1471298776, 68453.00250153666, 100403.26351744775, 71345.82944845018, 81321.0109710692, 70511.9508264027, 109576.99767317099, 83982.02193463477, 65229.21850427253, 62711.178633940464]
Time
13.7969651222229
