The result for the 0th execution is
Query Result
[673644.8548081984, 730962.5451465007, 716860.3798908031, 722315.7025741057, 699872.1858326986, 679611.9454342005, 654788.2244400999, 690613.8706187026, 695402.8040500002, 689973.9018399022, 755865.8179195999, 710571.1556705008, 732951.3047048001, 675363.798997499, 715596.0604892966, 636246.961021397, 652590.4343335002, 718304.1935095992, 713230.7742953993, 677607.0008409974, 721601.1065041961, 695965.2016275012, 679608.9604111981, 704012.4295866028, 655524.5838108007]
Noised Result
[-3115.6460199507037, -3169.7238875302883, -3449.836099313615, -4926.536324593547, -3146.4224928434396, -3489.924235806974, -4318.284298560265, -4169.149838071364, -3008.5294860066697, -2902.3501437704217, -4017.8025283629413, 423511.4997528603, -3871.8356380614096, -3966.8082420344, -3911.443776384129, -3200.1841561824185, -3356.1840671164227, -3615.926501700029, -2866.5435434552273, -6263.560807384283, -4909.534763166581, -3425.2754860904724, -5458.258249925844, -2951.4400545446642, -3382.0552247213227]
Time
8.577204465866089
The result for the 1th execution is
Query Result
[673644.8548081984, 730962.5451465007, 716860.3798908031, 722315.7025741057, 699872.1858326986, 679611.9454342005, 654788.2244400999, 690613.8706187026, 695402.8040500002, 689973.9018399022, 755865.8179195999, 710571.1556705008, 732951.3047048001, 675363.798997499, 715596.0604892966, 636246.961021397, 652590.4343335002, 718304.1935095992, 713230.7742953993, 677607.0008409974, 721601.1065041961, 695965.2016275012, 679608.9604111981, 704012.4295866028, 655524.5838108007]
Noised Result
[-2896.610340537509, -3672.0551343509414, -3563.950984145804, -2049.553944621375, -3856.8792474697593, -2339.052808111026, -2763.875349818487, -2795.503459122756, -3420.5850494374035, -2254.2826905702877, -3137.8579879572317, -3103.666042359073, -2574.2583930662813, -4960.769728897601, -3114.6415425025234, -4137.220012220088, -1675.108121800692, -3702.4889608856956, -3034.061515602295, -2464.058219289263, -3283.839729952312, -2111.9666170841824, -3008.1855298870123, -2352.881485721144, -3490.201322017886]
Time
8.698688268661499
The result for the 2th execution is
Query Result
[673644.8548081984, 730962.5451465007, 716860.3798908031, 722315.7025741057, 699872.1858326986, 679611.9454342005, 654788.2244400999, 690613.8706187026, 695402.8040500002, 689973.9018399022, 755865.8179195999, 710571.1556705008, 732951.3047048001, 675363.798997499, 715596.0604892966, 636246.961021397, 652590.4343335002, 718304.1935095992, 713230.7742953993, 677607.0008409974, 721601.1065041961, 695965.2016275012, 679608.9604111981, 704012.4295866028, 655524.5838108007]
Noised Result
[-3344.9156036950753, -5121.16910756552, -3256.12451750923, -2815.581802304714, -3840.1800430902904, -3029.549235530575, -1022.588253714745, -3761.532673073103, -2662.182252110333, -2864.3219466377814, -3104.7485686611262, -3667.391439291797, -2295.9879051694543, -3149.245428225896, -3274.0873654637826, -3285.6900695431477, -3468.781268886508, -5063.238944950931, -5043.166153347758, -2520.034170850538, -2899.822338643822, -3216.1405477589387, -2665.228591992054, -3843.422958497662, -3023.4022852321004]
Time
9.182462215423584
The result for the 3th execution is
Query Result
[673644.8548081984, 730962.5451465007, 716860.3798908031, 722315.7025741057, 699872.1858326986, 679611.9454342005, 654788.2244400999, 690613.8706187026, 695402.8040500002, 689973.9018399022, 755865.8179195999, 710571.1556705008, 732951.3047048001, 675363.798997499, 715596.0604892966, 636246.961021397, 652590.4343335002, 718304.1935095992, 713230.7742953993, 677607.0008409974, 721601.1065041961, 695965.2016275012, 679608.9604111981, 704012.4295866028, 655524.5838108007]
Noised Result
[-1949.096664168169, -3545.2284032648768, -3066.373240942631, -3625.6173139983066, -2585.4943003913977, -3376.0321238950746, -3830.183131449814, -3640.5334943703147, -3736.8995708095326, -1818.098355808609, -2394.321493030926, -3299.016803723782, -3149.5409195161637, -2756.310532018396, -3285.092335848968, -3866.959828032748, -3301.2898421629534, -3413.1771056327934, -1799.2637697106388, -2905.084367535246, -3102.646889139801, -3316.679327470688, -1300.8476123130108, -3214.255992820157, -2266.816662140369]
Time
9.60939908027649
The result for the 4th execution is
Query Result
[673644.8548081984, 730962.5451465007, 716860.3798908031, 722315.7025741057, 699872.1858326986, 679611.9454342005, 654788.2244400999, 690613.8706187026, 695402.8040500002, 689973.9018399022, 755865.8179195999, 710571.1556705008, 732951.3047048001, 675363.798997499, 715596.0604892966, 636246.961021397, 652590.4343335002, 718304.1935095992, 713230.7742953993, 677607.0008409974, 721601.1065041961, 695965.2016275012, 679608.9604111981, 704012.4295866028, 655524.5838108007]
Noised Result
[-3582.1537850963077, -2996.235313555272, -4258.983269853419, -3393.1392554418153, -3770.35119399609, -3085.797356932654, -2849.982595566091, -3029.554608999615, -3107.9447444404595, -4455.371855483159, -3104.269950490235, -3462.57504973914, -2835.3888337920016, -3631.839983328363, -2163.69599601776, -3369.3662076291266, -2728.9655466667946, -2972.62318004232, -3010.3993538402246, -2527.6764133631923, -3373.1715169893705, -2526.186426927289, -3435.010300726093, -3136.7920845235467, -2446.7340492620165]
Time
9.32269549369812
The result for the 5th execution is
Query Result
[673644.8548081984, 730962.5451465007, 716860.3798908031, 722315.7025741057, 699872.1858326986, 679611.9454342005, 654788.2244400999, 690613.8706187026, 695402.8040500002, 689973.9018399022, 755865.8179195999, 710571.1556705008, 732951.3047048001, 675363.798997499, 715596.0604892966, 636246.961021397, 652590.4343335002, 718304.1935095992, 713230.7742953993, 677607.0008409974, 721601.1065041961, 695965.2016275012, 679608.9604111981, 704012.4295866028, 655524.5838108007]
Noised Result
[-4533.891642962369, -2147.095359624889, -4554.538200189898, -1905.9218953826266, -4400.865489182033, -2388.976299513754, -3196.2924908495534, -3223.898882368998, -3260.773718317093, -3541.978100551407, -3111.988466120176, -1456.4748073072733, -3447.32575928592, -1842.3298487583725, -5187.776834637738, -4310.530767589029, -3429.005227318864, -2658.658078892625, -2453.4484456568116, -3512.818591944394, -3715.130835414019, -3168.269424536391, -2631.859891242354, -2966.8191780417283, -3583.58481135265]
Time
9.50731372833252
The result for the 6th execution is
Query Result
[673644.8548081984, 730962.5451465007, 716860.3798908031, 722315.7025741057, 699872.1858326986, 679611.9454342005, 654788.2244400999, 690613.8706187026, 695402.8040500002, 689973.9018399022, 755865.8179195999, 710571.1556705008, 732951.3047048001, 675363.798997499, 715596.0604892966, 636246.961021397, 652590.4343335002, 718304.1935095992, 713230.7742953993, 677607.0008409974, 721601.1065041961, 695965.2016275012, 679608.9604111981, 704012.4295866028, 655524.5838108007]
Noised Result
[-3273.512215500061, -3225.273649687295, -2986.7501455930505, -3505.7661122603977, -3268.735180737989, 1087.4837846583105, -3339.443615203263, -3209.093366569864, -3846.832713636153, -3016.943280331441, -4238.890589437572, -2483.110868231889, -2556.3686775957403, -4885.7853357304475, -2693.656478330756, -3424.5923639863613, -2903.6189102197404, -3068.5690234265476, -3197.213105082443, -2554.7631484616477, -2043.1767052040045, -3329.225350473681, -3347.6432907880317, -3012.4791845521904, -3729.180197545179]
Time
9.515356540679932
The result for the 7th execution is
Query Result
[673644.8548081984, 730962.5451465007, 716860.3798908031, 722315.7025741057, 699872.1858326986, 679611.9454342005, 654788.2244400999, 690613.8706187026, 695402.8040500002, 689973.9018399022, 755865.8179195999, 710571.1556705008, 732951.3047048001, 675363.798997499, 715596.0604892966, 636246.961021397, 652590.4343335002, 718304.1935095992, 713230.7742953993, 677607.0008409974, 721601.1065041961, 695965.2016275012, 679608.9604111981, 704012.4295866028, 655524.5838108007]
Noised Result
[-3868.34222103879, -1013.369293203481, -3634.9485780198274, -3796.3812599863686, -3621.5340482068377, -3259.214150397903, -2978.025976771881, -3530.8755210381014, -1405.7117062759262, -3228.0209907758153, -2737.505852411491, -3724.014841632229, -2988.314810242762, -3296.312471557926, -3321.6351704794615, -2646.7165072298467, -3325.415782607407, -2749.8523194532727, -3411.732045997489, -3423.725948282452, -2667.112995521692, -4428.76377516356, -3592.8870051801123, -2929.8671156801292, -2849.590318627019]
Time
9.472926378250122
The result for the 8th execution is
Query Result
[673644.8548081984, 730962.5451465007, 716860.3798908031, 722315.7025741057, 699872.1858326986, 679611.9454342005, 654788.2244400999, 690613.8706187026, 695402.8040500002, 689973.9018399022, 755865.8179195999, 710571.1556705008, 732951.3047048001, 675363.798997499, 715596.0604892966, 636246.961021397, 652590.4343335002, 718304.1935095992, 713230.7742953993, 677607.0008409974, 721601.1065041961, 695965.2016275012, 679608.9604111981, 704012.4295866028, 655524.5838108007]
Noised Result
[-3340.9071031897283, -3792.0220967898113, -3252.391471997452, -3084.340926842744, -3435.0613384730395, -3625.7450448451546, -3648.571941061162, -3004.5656640741463, -4350.133143008722, -4357.649703012072, -2815.0084233000543, -5803.107494282459, -3466.3535607413223, -3363.320059509825, -3491.9758852941004, -3964.5506942598577, -4019.1447051766536, -3001.693800438251, -3250.6370942753692, -4272.8904000088305, -1474.6730515433273, -2968.7072627681664, -2877.11152340813, -3323.899018318304, -1798.5916474863616]
Time
9.548598766326904
The result for the 9th execution is
Query Result
[673644.8548081984, 730962.5451465007, 716860.3798908031, 722315.7025741057, 699872.1858326986, 679611.9454342005, 654788.2244400999, 690613.8706187026, 695402.8040500002, 689973.9018399022, 755865.8179195999, 710571.1556705008, 732951.3047048001, 675363.798997499, 715596.0604892966, 636246.961021397, 652590.4343335002, 718304.1935095992, 713230.7742953993, 677607.0008409974, 721601.1065041961, 695965.2016275012, 679608.9604111981, 704012.4295866028, 655524.5838108007]
Noised Result
[-4042.9193566798085, -3103.9075248998943, -3331.6585785316684, -3742.9507718747554, -3689.0285416705738, -2775.130913270701, -2795.970517639227, -2739.593884645551, -3203.2975884034868, -5331.604860836513, -4994.616510633148, -2951.7446921916226, -3443.2254601261475, -3000.4931077847223, -3373.0749428018735, -2796.6927588788585, -3146.155501895304, -3359.147268059267, -4138.574542551102, -2429.781011838739, -3723.3643185799947, -896.516420728838, -3333.170970678756, -3337.4702990712904, -2825.7584458970923]
Time
9.468307971954346
The result for the 10th execution is
Query Result
[673644.8548081984, 730962.5451465007, 716860.3798908031, 722315.7025741057, 699872.1858326986, 679611.9454342005, 654788.2244400999, 690613.8706187026, 695402.8040500002, 689973.9018399022, 755865.8179195999, 710571.1556705008, 732951.3047048001, 675363.798997499, 715596.0604892966, 636246.961021397, 652590.4343335002, 718304.1935095992, 713230.7742953993, 677607.0008409974, 721601.1065041961, 695965.2016275012, 679608.9604111981, 704012.4295866028, 655524.5838108007]
Noised Result
[-4283.495316035114, 26297.099353747588, -3129.87563477801, -2317.6628699574358, -2929.421754017464, -4006.5495393428973, -2969.6434416095653, -3279.767833223951, -2528.2044686896443, -2760.482770668734, -3398.5593190989575, -3261.4078222488415, -2182.4052842740457, -3216.1072546956557, -2727.204179693277, -3768.309111425062, -4029.560686094488, -3223.467090758093, -2978.42599688674, -3761.5472211512642, -4170.3266103903825, -3086.896776090939, -3222.2587759608587, -1251.234335990628, -3275.2344935107503]
Time
9.23365044593811
The result for the 11th execution is
Query Result
[673644.8548081984, 730962.5451465007, 716860.3798908031, 722315.7025741057, 699872.1858326986, 679611.9454342005, 654788.2244400999, 690613.8706187026, 695402.8040500002, 689973.9018399022, 755865.8179195999, 710571.1556705008, 732951.3047048001, 675363.798997499, 715596.0604892966, 636246.961021397, 652590.4343335002, 718304.1935095992, 713230.7742953993, 677607.0008409974, 721601.1065041961, 695965.2016275012, 679608.9604111981, 704012.4295866028, 655524.5838108007]
Noised Result
[-3100.6060448239105, -3868.797400984454, -4953.406986142943, -3254.40467277037, -3297.42768028665, -3491.2409464535076, -3042.7255892896756, -4064.8443697297835, -3640.3711899454684, -4714.377142726314, -4033.656986877004, -3310.0833471441847, -3564.4281034647374, -4961.763397951244, -3603.276472072397, -4154.188347826896, 369.3805096722881, -769.8550436908849, -2937.1870533658002, -3382.176881802102, -3310.4553335410574, -2560.4726356820856, -3012.5481209276104, -2025.4107708694123, -2949.4370190548807]
Time
9.306925535202026
The result for the 12th execution is
Query Result
[673644.8548081984, 730962.5451465007, 716860.3798908031, 722315.7025741057, 699872.1858326986, 679611.9454342005, 654788.2244400999, 690613.8706187026, 695402.8040500002, 689973.9018399022, 755865.8179195999, 710571.1556705008, 732951.3047048001, 675363.798997499, 715596.0604892966, 636246.961021397, 652590.4343335002, 718304.1935095992, 713230.7742953993, 677607.0008409974, 721601.1065041961, 695965.2016275012, 679608.9604111981, 704012.4295866028, 655524.5838108007]
Noised Result
[-3754.4868532087457, -3667.9347809528044, -3410.5128376894463, -3230.9906755265965, -3550.224151247934, -2720.7812371784057, -4225.505370358908, -3359.5533730868456, -3281.6529413958506, -3181.885994044088, -3742.9299551227896, -2352.506698776924, -3430.642503348805, -4105.081256069431, -3309.6886592758656, -3453.8814601697622, -981.9178298412025, -3619.90161964822, -3315.2766096325686, -4557.356928253668, -2838.103873990831, -2816.901037091877, -2476.7246682488203, -3566.105275894256, -1777.725793899714]
Time
9.649591445922852
The result for the 13th execution is
Query Result
[673644.8548081984, 730962.5451465007, 716860.3798908031, 722315.7025741057, 699872.1858326986, 679611.9454342005, 654788.2244400999, 690613.8706187026, 695402.8040500002, 689973.9018399022, 755865.8179195999, 710571.1556705008, 732951.3047048001, 675363.798997499, 715596.0604892966, 636246.961021397, 652590.4343335002, 718304.1935095992, 713230.7742953993, 677607.0008409974, 721601.1065041961, 695965.2016275012, 679608.9604111981, 704012.4295866028, 655524.5838108007]
Noised Result
[-2544.0050822223766, -3340.708986635471, -2839.5434336226735, -3270.682604279519, -3514.439453057831, -3128.642837235817, -3446.526009387413, -3443.2293892551825, -3437.662273771969, -2577.347475971769, -2415.900771810635, -3341.8448948418672, -1492.1102907044788, -2963.995382007054, -3242.045805327003, -3077.6260701862993, -2748.1838267752055, -2517.255540293866, -2952.848247457262, -3360.2676401199114, -3717.097805433229, -3220.381709855532, -1462.502534808525, -2592.8787080599795, -3370.895107127759]
Time
9.621779441833496
The result for the 14th execution is
Query Result
[673644.8548081984, 730962.5451465007, 716860.3798908031, 722315.7025741057, 699872.1858326986, 679611.9454342005, 654788.2244400999, 690613.8706187026, 695402.8040500002, 689973.9018399022, 755865.8179195999, 710571.1556705008, 732951.3047048001, 675363.798997499, 715596.0604892966, 636246.961021397, 652590.4343335002, 718304.1935095992, 713230.7742953993, 677607.0008409974, 721601.1065041961, 695965.2016275012, 679608.9604111981, 704012.4295866028, 655524.5838108007]
Noised Result
[-3711.9163099542457, -2827.902465927463, -3690.582276409559, -3515.8193957051526, -2841.7987898680203, -2936.144449356413, -3888.1604074098295, -3403.338165743553, -3180.0060698770385, -3161.956178016415, -3071.643387298547, -3383.4664231419356, -3613.603383603172, -1041.8350322872075, -3170.3287956734175, -1461.2887185696572, -3356.601004082914, -676.6982449561551, -3526.222072273693, -2631.2238976341496, 92513.68567468296, -3242.5036368608335, -3380.2666545551465, -5136.964804937017, -4028.278038822371]
Time
9.532678604125977
The result for the 15th execution is
Query Result
[673644.8548081984, 730962.5451465007, 716860.3798908031, 722315.7025741057, 699872.1858326986, 679611.9454342005, 654788.2244400999, 690613.8706187026, 695402.8040500002, 689973.9018399022, 755865.8179195999, 710571.1556705008, 732951.3047048001, 675363.798997499, 715596.0604892966, 636246.961021397, 652590.4343335002, 718304.1935095992, 713230.7742953993, 677607.0008409974, 721601.1065041961, 695965.2016275012, 679608.9604111981, 704012.4295866028, 655524.5838108007]
Noised Result
[-3593.5161573310997, -2992.546490823418, -571.791735714979, -3133.463064683723, -2749.251770906567, -3068.982552472433, -3510.5919956914404, -3205.367644707926, -2306.518196071911, -4227.079391222466, -2504.982864752199, -2426.7729016119006, -3689.3159045975, -3232.641611043862, -3126.306204285366, -3666.558091685136, -2180.399070193935, -3034.7548083122865, -1855.1012168244401, -2592.249971285939, -2303.1525333759546, -3578.225169452555, -3089.7078956255928, -3961.0161946357457, -3204.0466602195966]
Time
9.485949516296387
The result for the 16th execution is
Query Result
[673644.8548081984, 730962.5451465007, 716860.3798908031, 722315.7025741057, 699872.1858326986, 679611.9454342005, 654788.2244400999, 690613.8706187026, 695402.8040500002, 689973.9018399022, 755865.8179195999, 710571.1556705008, 732951.3047048001, 675363.798997499, 715596.0604892966, 636246.961021397, 652590.4343335002, 718304.1935095992, 713230.7742953993, 677607.0008409974, 721601.1065041961, 695965.2016275012, 679608.9604111981, 704012.4295866028, 655524.5838108007]
Noised Result
[-3074.063422052557, -2938.174072299639, -3517.6890865922114, -3845.7567151398753, -3426.6196081679855, -3316.193191037438, -3481.1995428978025, -2542.867044286911, -4644.331935500491, -3704.9247433387964, -2014.905808671403, -2246.737970365382, -4532.79431372994, -3420.1337144380595, -3198.873681669522, -3577.3546516547767, -6291.6769825631345, -3418.7456566171495, -2982.4591642814985, -3239.8244410336156, -2476.268641151698, -2178.188833146648, -2889.390073192464, -4362.551066472963, -3727.4367332346164]
Time
9.368210315704346
The result for the 17th execution is
Query Result
[673644.8548081984, 730962.5451465007, 716860.3798908031, 722315.7025741057, 699872.1858326986, 679611.9454342005, 654788.2244400999, 690613.8706187026, 695402.8040500002, 689973.9018399022, 755865.8179195999, 710571.1556705008, 732951.3047048001, 675363.798997499, 715596.0604892966, 636246.961021397, 652590.4343335002, 718304.1935095992, 713230.7742953993, 677607.0008409974, 721601.1065041961, 695965.2016275012, 679608.9604111981, 704012.4295866028, 655524.5838108007]
Noised Result
[-3000.5257975679942, -2165.985437974481, -4307.941805619436, -3254.369795901439, -2513.4070239728144, -2171.152237718941, -3623.090550288023, -2107.9899370191497, -4343.850986524587, -3328.5152777917583, -2774.3061828927193, -2609.5390597211754, -3204.1998263987516, -2573.6433672260337, -3254.841302269625, -2626.3339139452337, -2740.6715576275164, -2187.0836826196282, -4070.3361703570663, -3469.0440532094835, -3767.719591955446, -3722.000525819558, -4132.787734020681, -2827.8259532223974, -3883.2783917732568]
Time
9.489061117172241
The result for the 18th execution is
Query Result
[673644.8548081984, 730962.5451465007, 716860.3798908031, 722315.7025741057, 699872.1858326986, 679611.9454342005, 654788.2244400999, 690613.8706187026, 695402.8040500002, 689973.9018399022, 755865.8179195999, 710571.1556705008, 732951.3047048001, 675363.798997499, 715596.0604892966, 636246.961021397, 652590.4343335002, 718304.1935095992, 713230.7742953993, 677607.0008409974, 721601.1065041961, 695965.2016275012, 679608.9604111981, 704012.4295866028, 655524.5838108007]
Noised Result
[-2978.2637564497363, -796.4861008097146, -4676.6033161962005, -2684.9797576710353, -1690.4652477870513, -3219.8229337077883, -3485.09203063733, -2904.014670559027, -4153.791776722886, -3003.892844420574, -3471.6685121758037, -2831.1160279322467, -1695.8312299428385, -3361.8037711931165, -3001.299167771793, -3352.3971513527804, -3212.5964479789072, -3106.2667080481942, -3219.850276882694, -2947.4324146446816, -3551.462898712176, -3200.2218401191667, -3685.2166132514085, -3790.4814974168185, -3260.237110803503]
Time
9.51962661743164
The result for the 19th execution is
Query Result
[673644.8548081984, 730962.5451465007, 716860.3798908031, 722315.7025741057, 699872.1858326986, 679611.9454342005, 654788.2244400999, 690613.8706187026, 695402.8040500002, 689973.9018399022, 755865.8179195999, 710571.1556705008, 732951.3047048001, 675363.798997499, 715596.0604892966, 636246.961021397, 652590.4343335002, 718304.1935095992, 713230.7742953993, 677607.0008409974, 721601.1065041961, 695965.2016275012, 679608.9604111981, 704012.4295866028, 655524.5838108007]
Noised Result
[-3141.1000913816106, -3291.2162184344816, -3346.227825719682, -5882.429253484428, -4042.314270561924, -3424.4669390175095, -3754.573369874327, -3643.005997433199, -3130.8355010830373, -2737.6012968872174, -4067.195422408089, -3541.7989575450665, -1863.169722874477, -3049.2116249346936, -3981.9610711532714, -3535.680544566356, -3395.6358447474286, -1156.238500988307, -4622.423399398244, -2890.9974229535383, -3834.175314890638, -1567.701699584593, -3305.7205532117787, -4348.471283767978, -3072.3893622848127]
Time
9.479748964309692
