The result for the 0th execution is
Query Result
[178785.7374441998, 174557.9006419002, 181130.7630288004, 178007.17005079967, 178629.31758949996, 183981.52651319987, 179508.7996199997, 182054.26327950045, 178433.18352369996, 180642.11739460056, 178696.36429789953, 179316.70240189988, 181096.2497966003, 180508.6027004996, 182030.6539569999, 184468.80146289954, 180275.23035500004, 179953.9629626, 173598.87351550037, 182313.25241839906, 178368.3961764003, 178718.52346579998, 180338.00750239936, 176499.9877864996, 184757.59741450014]
Noised Result
[127002.87811779906, 121749.69168308316, 125294.39009482157, 129752.85838614595, 124238.8095327191, 137520.77958058045, 134815.80284412456, 127651.44813225258, 127294.08870922434, 118577.51801952306, 123661.35026307651, 121986.89590727305, 138939.52456948662, 122898.61817207138, 122622.65764929954, 130703.46740504062, 123478.7378369204, 127602.74469099543, 131678.81262469542, 120655.25637762378, 137149.11779671948, 128344.95255336903, 126527.4343207227, 124828.22935991196, 130918.44151202266]
Time
3.48205304145813
The result for the 1th execution is
Query Result
[178785.7374441998, 174557.9006419002, 181130.7630288004, 178007.17005079967, 178629.31758949996, 183981.52651319987, 179508.7996199997, 182054.26327950045, 178433.18352369996, 180642.11739460056, 178696.36429789953, 179316.70240189988, 181096.2497966003, 180508.6027004996, 182030.6539569999, 184468.80146289954, 180275.23035500004, 179953.9629626, 173598.87351550037, 182313.25241839906, 178368.3961764003, 178718.52346579998, 180338.00750239936, 176499.9877864996, 184757.59741450014]
Noised Result
[138348.52615603275, 144595.45839619634, 142890.67314051592, 127835.75446632548, 126495.03059281403, 126511.5004260348, 129155.22940161302, 131303.69737867845, 127872.78072856007, 123121.90657766911, 129809.75345233275, 125708.5280247478, 125018.75208554172, 129769.470165191, 138206.21120776606, 143322.0028142701, 132652.3201122119, 128705.58666542871, 121262.95152517769, 134492.25159128773, 125262.90823648704, 122691.01802300144, 133148.64050109097, 109339.20982448522, 150125.03472999734]
Time
3.496272087097168
The result for the 2th execution is
Query Result
[178785.7374441998, 174557.9006419002, 181130.7630288004, 178007.17005079967, 178629.31758949996, 183981.52651319987, 179508.7996199997, 182054.26327950045, 178433.18352369996, 180642.11739460056, 178696.36429789953, 179316.70240189988, 181096.2497966003, 180508.6027004996, 182030.6539569999, 184468.80146289954, 180275.23035500004, 179953.9629626, 173598.87351550037, 182313.25241839906, 178368.3961764003, 178718.52346579998, 180338.00750239936, 176499.9877864996, 184757.59741450014]
Noised Result
[140767.46054409305, 119257.24333058685, 137427.07209676143, 132507.61743889714, 129657.3288410859, 143694.90801852482, 125864.70974343369, 141961.37429177688, 121176.13533156711, 139388.92024649587, 127463.20456190742, 150256.4560371727, 140915.2513428717, 131660.2777698175, 133397.09667370998, 136451.83045413857, 131291.525865007, 124498.12390013749, 127529.52076609869, 130298.16884900656, 127393.45754934242, 127146.62777329131, 119356.3636630482, 124981.61061642916, 127058.24126328478]
Time
3.5812079906463623
The result for the 3th execution is
Query Result
[178785.7374441998, 174557.9006419002, 181130.7630288004, 178007.17005079967, 178629.31758949996, 183981.52651319987, 179508.7996199997, 182054.26327950045, 178433.18352369996, 180642.11739460056, 178696.36429789953, 179316.70240189988, 181096.2497966003, 180508.6027004996, 182030.6539569999, 184468.80146289954, 180275.23035500004, 179953.9629626, 173598.87351550037, 182313.25241839906, 178368.3961764003, 178718.52346579998, 180338.00750239936, 176499.9877864996, 184757.59741450014]
Noised Result
[110039.86701593063, 112478.27362395125, 128913.30417868216, 119014.50752288323, 125498.65168443308, 130431.08126994278, 141109.6332681239, 129035.28930443531, 127626.12698866322, 130629.50404215135, 141077.0291746815, 123253.07647367101, 129063.46912379647, 131865.0859945635, 134587.7868003946, 138503.61740627285, 132216.84745011482, 117075.63138764216, 108464.8273885095, 142353.98691234467, 123822.54703127843, 126743.2718621974, 123460.61232298068, 123631.95240503983, 117447.06227265048]
Time
3.4496636390686035
The result for the 4th execution is
Query Result
[178785.7374441998, 174557.9006419002, 181130.7630288004, 178007.17005079967, 178629.31758949996, 183981.52651319987, 179508.7996199997, 182054.26327950045, 178433.18352369996, 180642.11739460056, 178696.36429789953, 179316.70240189988, 181096.2497966003, 180508.6027004996, 182030.6539569999, 184468.80146289954, 180275.23035500004, 179953.9629626, 173598.87351550037, 182313.25241839906, 178368.3961764003, 178718.52346579998, 180338.00750239936, 176499.9877864996, 184757.59741450014]
Noised Result
[126390.3128714828, 127878.75000690119, 128839.64876257515, 122599.20665534878, 129611.62624873553, 131572.6273632797, 128770.82623398564, 132254.5205303888, 136916.1281138079, 130159.90683203364, 126021.58272161343, 125629.34815186163, 131636.0320734874, 132483.31603908376, 147134.01842697267, 141858.0606251249, 143712.4930210844, 133248.2382879696, 125584.59870510874, 151562.34267537046, 116072.50156668876, 158959.17413386639, 139865.78781459958, 118446.57847980366, 132297.34480222562]
Time
3.3700337409973145
The result for the 5th execution is
Query Result
[178785.7374441998, 174557.9006419002, 181130.7630288004, 178007.17005079967, 178629.31758949996, 183981.52651319987, 179508.7996199997, 182054.26327950045, 178433.18352369996, 180642.11739460056, 178696.36429789953, 179316.70240189988, 181096.2497966003, 180508.6027004996, 182030.6539569999, 184468.80146289954, 180275.23035500004, 179953.9629626, 173598.87351550037, 182313.25241839906, 178368.3961764003, 178718.52346579998, 180338.00750239936, 176499.9877864996, 184757.59741450014]
Noised Result
[128530.16427322142, 118204.38276472957, 120470.49517581725, 124311.60660621146, 130357.5991430812, 125471.69613379007, 119223.17543123546, 132355.52954253176, 139095.28654813627, 138214.70881864865, 122459.57437872826, 128466.03498557255, 121479.30544057324, 125838.82121180468, 148333.67403429042, 130650.0796434614, 130398.01081360629, 124575.57133105998, 123777.02832096744, 124111.9727160822, 127524.15478024137, 126355.4450262278, 128095.35385059868, 140545.09616804996, 124854.29222632742]
Time
3.461900234222412
The result for the 6th execution is
Query Result
[178785.7374441998, 174557.9006419002, 181130.7630288004, 178007.17005079967, 178629.31758949996, 183981.52651319987, 179508.7996199997, 182054.26327950045, 178433.18352369996, 180642.11739460056, 178696.36429789953, 179316.70240189988, 181096.2497966003, 180508.6027004996, 182030.6539569999, 184468.80146289954, 180275.23035500004, 179953.9629626, 173598.87351550037, 182313.25241839906, 178368.3961764003, 178718.52346579998, 180338.00750239936, 176499.9877864996, 184757.59741450014]
Noised Result
[125863.36016520439, 124132.67059622647, 129363.28721091949, 118938.40723877974, 127319.35438572205, 128030.69292225441, 123407.6742406037, 130974.60585353195, 116553.34017734404, 130261.40792588986, 125804.58325506364, 133793.5302405547, 115277.7300003577, 134699.05785311552, 131962.77090373513, 132471.05411315474, 122110.1945194455, 123196.55024727792, 117942.23980112569, 129469.97676921132, 139087.01051692717, 144432.01921290034, 116105.38411968316, 125484.55601460277, 131685.52918636723]
Time
3.396289825439453
The result for the 7th execution is
Query Result
[178785.7374441998, 174557.9006419002, 181130.7630288004, 178007.17005079967, 178629.31758949996, 183981.52651319987, 179508.7996199997, 182054.26327950045, 178433.18352369996, 180642.11739460056, 178696.36429789953, 179316.70240189988, 181096.2497966003, 180508.6027004996, 182030.6539569999, 184468.80146289954, 180275.23035500004, 179953.9629626, 173598.87351550037, 182313.25241839906, 178368.3961764003, 178718.52346579998, 180338.00750239936, 176499.9877864996, 184757.59741450014]
Noised Result
[127362.6445409561, 116617.26672379619, 125532.82020154846, 125735.26814397171, 127605.8119100293, 130564.29938927857, 146183.74885958267, 127369.94640749553, 120474.56865151416, 136157.04655396985, 134265.7029736265, 120338.05182004698, 132821.72107598552, 136622.57240938343, 127544.59055504127, 132524.513134015, 112508.08714334024, 139737.35536169002, 119828.6143540992, 133167.28698336746, 126475.34427005965, 124456.37529418897, 127092.1835364481, 105416.43020258461, 130900.81681824585]
Time
3.4535815715789795
The result for the 8th execution is
Query Result
[178785.7374441998, 174557.9006419002, 181130.7630288004, 178007.17005079967, 178629.31758949996, 183981.52651319987, 179508.7996199997, 182054.26327950045, 178433.18352369996, 180642.11739460056, 178696.36429789953, 179316.70240189988, 181096.2497966003, 180508.6027004996, 182030.6539569999, 184468.80146289954, 180275.23035500004, 179953.9629626, 173598.87351550037, 182313.25241839906, 178368.3961764003, 178718.52346579998, 180338.00750239936, 176499.9877864996, 184757.59741450014]
Noised Result
[138090.41333939286, 108747.15083002031, 134763.17579778697, 120927.50078279816, 116525.05943743928, 130134.4466508262, 138616.67779293918, 137270.31259477156, 122808.52715399831, 122233.88881969839, 132289.2269476167, 127719.27992143534, 120445.93171585887, 127812.69590474555, 130615.60797206656, 135410.40120860352, 129371.4099345089, 126779.20667855791, 130257.00974723035, 134308.34276450437, 141245.23820050264, 142673.00265426328, 131651.7040065066, 125113.007101182, 112540.71985087088]
Time
3.497931480407715
The result for the 9th execution is
Query Result
[178785.7374441998, 174557.9006419002, 181130.7630288004, 178007.17005079967, 178629.31758949996, 183981.52651319987, 179508.7996199997, 182054.26327950045, 178433.18352369996, 180642.11739460056, 178696.36429789953, 179316.70240189988, 181096.2497966003, 180508.6027004996, 182030.6539569999, 184468.80146289954, 180275.23035500004, 179953.9629626, 173598.87351550037, 182313.25241839906, 178368.3961764003, 178718.52346579998, 180338.00750239936, 176499.9877864996, 184757.59741450014]
Noised Result
[127772.45759054666, 125169.40950728528, 130094.82372899716, 123446.0787901727, 130778.42517004098, 132164.77603085985, 131346.59130193462, 128696.78374436378, 139373.05476862934, 121383.06459661634, 120405.2861535131, 109122.67920533575, 129614.94063609309, 131857.287873091, 128679.01267529013, 145228.30338423344, 140699.31243316233, 119120.45106411986, 117292.56825841311, 132869.38197023672, 123783.2352554457, 130293.84079331995, 132645.76603883976, 123958.9801073, 126880.99719176997]
Time
3.3915116786956787
The result for the 10th execution is
Query Result
[178785.7374441998, 174557.9006419002, 181130.7630288004, 178007.17005079967, 178629.31758949996, 183981.52651319987, 179508.7996199997, 182054.26327950045, 178433.18352369996, 180642.11739460056, 178696.36429789953, 179316.70240189988, 181096.2497966003, 180508.6027004996, 182030.6539569999, 184468.80146289954, 180275.23035500004, 179953.9629626, 173598.87351550037, 182313.25241839906, 178368.3961764003, 178718.52346579998, 180338.00750239936, 176499.9877864996, 184757.59741450014]
Noised Result
[120252.0912461401, 118171.78241625181, 126872.58611851114, 124544.6510442179, 122713.93925211308, 131442.24826267106, 143518.030575354, 129548.44381964052, 130903.19769499403, 124176.27189507667, 128211.81652772306, 126103.26578026984, 122223.48076218074, 130830.00691318451, 130012.57196894955, 143057.83029533495, 131615.7066106607, 131132.56533148082, 122984.36613355481, 134044.78957366932, 131206.96582792606, 127549.37622274293, 131598.71612483938, 119160.036601412, 131843.65980837715]
Time
3.452782392501831
The result for the 11th execution is
Query Result
[178785.7374441998, 174557.9006419002, 181130.7630288004, 178007.17005079967, 178629.31758949996, 183981.52651319987, 179508.7996199997, 182054.26327950045, 178433.18352369996, 180642.11739460056, 178696.36429789953, 179316.70240189988, 181096.2497966003, 180508.6027004996, 182030.6539569999, 184468.80146289954, 180275.23035500004, 179953.9629626, 173598.87351550037, 182313.25241839906, 178368.3961764003, 178718.52346579998, 180338.00750239936, 176499.9877864996, 184757.59741450014]
Noised Result
[127566.70175084707, 121390.14491754585, 121099.98259630403, 120791.35128834267, 131729.08887663658, 132746.8560838983, 138910.04289332143, 127310.60275665834, 116115.66338287557, 134556.7100650239, 123447.93931308505, 135385.30185082176, 127753.82997421754, 122227.49107635776, 128280.04931523014, 134685.77940847434, 128213.36969072733, 132150.7027028167, 120776.27305700211, 127059.34860628091, 131470.89279702952, 128507.7719868397, 123992.03533632154, 122927.78977948529, 136716.774802411]
Time
3.52958345413208
The result for the 12th execution is
Query Result
[178785.7374441998, 174557.9006419002, 181130.7630288004, 178007.17005079967, 178629.31758949996, 183981.52651319987, 179508.7996199997, 182054.26327950045, 178433.18352369996, 180642.11739460056, 178696.36429789953, 179316.70240189988, 181096.2497966003, 180508.6027004996, 182030.6539569999, 184468.80146289954, 180275.23035500004, 179953.9629626, 173598.87351550037, 182313.25241839906, 178368.3961764003, 178718.52346579998, 180338.00750239936, 176499.9877864996, 184757.59741450014]
Noised Result
[118075.8102086123, 115065.9693920504, 130314.06683672691, 133316.99896923802, 127475.84014792799, 133278.98982937442, 127798.65603585598, 126383.61684450001, 111616.14075517186, 125215.15236166274, 122338.66145303918, 128626.48844775688, 128704.24374083272, 138008.2624414162, 130663.98778568162, 132406.77996390115, 124562.842356685, 130898.01731943403, 130449.82340672245, 136211.0232262883, 129496.07985418953, 118522.63917714154, 125896.82337948658, 119892.66355823481, 133492.7400884167]
Time
3.5508885383605957
The result for the 13th execution is
Query Result
[178785.7374441998, 174557.9006419002, 181130.7630288004, 178007.17005079967, 178629.31758949996, 183981.52651319987, 179508.7996199997, 182054.26327950045, 178433.18352369996, 180642.11739460056, 178696.36429789953, 179316.70240189988, 181096.2497966003, 180508.6027004996, 182030.6539569999, 184468.80146289954, 180275.23035500004, 179953.9629626, 173598.87351550037, 182313.25241839906, 178368.3961764003, 178718.52346579998, 180338.00750239936, 176499.9877864996, 184757.59741450014]
Noised Result
[126682.81138481642, 124853.56164259423, 127633.8313926547, 130393.75266110149, 140324.3833834267, 115821.39857628224, 120671.89426763999, 126278.32644521486, 125072.59073931677, 128948.00324017022, 141328.1993468811, 125335.34322446705, 128802.56897897122, 120843.98353866523, 135985.6539701898, 143662.8243543442, 134933.88904722422, 126659.52159903846, 115052.80711172763, 133438.8773969647, 123155.77197611288, 132940.49495612853, 126049.602410807, 127263.66955620659, 110484.65498013429]
Time
3.3949339389801025
The result for the 14th execution is
Query Result
[178785.7374441998, 174557.9006419002, 181130.7630288004, 178007.17005079967, 178629.31758949996, 183981.52651319987, 179508.7996199997, 182054.26327950045, 178433.18352369996, 180642.11739460056, 178696.36429789953, 179316.70240189988, 181096.2497966003, 180508.6027004996, 182030.6539569999, 184468.80146289954, 180275.23035500004, 179953.9629626, 173598.87351550037, 182313.25241839906, 178368.3961764003, 178718.52346579998, 180338.00750239936, 176499.9877864996, 184757.59741450014]
Noised Result
[128451.97909563074, 125803.8531429309, 131853.68978708267, 124242.86328339449, 126493.23805377782, 133973.3160125735, 126200.18902592681, 130135.48603156308, 130821.69405835736, 129763.31868362261, 121744.02421476398, 129405.68385358434, 120728.15688790192, 115353.75756600028, 126831.3164359103, 134142.9493775728, 123085.31641995195, 127813.53041010824, 123563.55231133875, 122768.25038476207, 140407.73005218068, 127655.76868768499, 118491.89946270842, 124349.56117282502, 146927.34924419818]
Time
3.481698513031006
The result for the 15th execution is
Query Result
[178785.7374441998, 174557.9006419002, 181130.7630288004, 178007.17005079967, 178629.31758949996, 183981.52651319987, 179508.7996199997, 182054.26327950045, 178433.18352369996, 180642.11739460056, 178696.36429789953, 179316.70240189988, 181096.2497966003, 180508.6027004996, 182030.6539569999, 184468.80146289954, 180275.23035500004, 179953.9629626, 173598.87351550037, 182313.25241839906, 178368.3961764003, 178718.52346579998, 180338.00750239936, 176499.9877864996, 184757.59741450014]
Noised Result
[123555.77544337556, 108768.01342060656, 134870.21098357067, 139438.93578614655, 144971.24789298722, 131838.2741443771, 122638.67884741159, 124851.0172070163, 129644.74583357945, 128152.1081748051, 127721.11757603349, 128336.0011940111, 130073.80619847335, 122854.62660568001, 123367.4627515334, 144390.13740546093, 119967.02839997044, 137554.08251250655, 116354.21419099311, 134638.182271896, 146491.77317937967, 127261.91077745156, 128892.38604284433, 129512.02742224598, 105108.6569854432]
Time
3.5470056533813477
The result for the 16th execution is
Query Result
[178785.7374441998, 174557.9006419002, 181130.7630288004, 178007.17005079967, 178629.31758949996, 183981.52651319987, 179508.7996199997, 182054.26327950045, 178433.18352369996, 180642.11739460056, 178696.36429789953, 179316.70240189988, 181096.2497966003, 180508.6027004996, 182030.6539569999, 184468.80146289954, 180275.23035500004, 179953.9629626, 173598.87351550037, 182313.25241839906, 178368.3961764003, 178718.52346579998, 180338.00750239936, 176499.9877864996, 184757.59741450014]
Noised Result
[121408.9582951923, 129126.75262615648, 130696.4630819951, 122140.81472840981, 120939.95179273697, 133192.76211186667, 128916.38213372696, 129260.13200955879, 109791.34204233976, 133551.43277813506, 126291.61064257371, 127961.95957095554, 131872.3706520306, 136858.59598593743, 135466.79947809383, 124601.90314619277, 126625.11996850038, 136891.98879163584, 111600.48178615369, 134127.32273346686, 102796.2345828399, 132657.3861542305, 147473.88376955528, 119363.43048796983, 127386.37728048585]
Time
3.3892135620117188
The result for the 17th execution is
Query Result
[178785.7374441998, 174557.9006419002, 181130.7630288004, 178007.17005079967, 178629.31758949996, 183981.52651319987, 179508.7996199997, 182054.26327950045, 178433.18352369996, 180642.11739460056, 178696.36429789953, 179316.70240189988, 181096.2497966003, 180508.6027004996, 182030.6539569999, 184468.80146289954, 180275.23035500004, 179953.9629626, 173598.87351550037, 182313.25241839906, 178368.3961764003, 178718.52346579998, 180338.00750239936, 176499.9877864996, 184757.59741450014]
Noised Result
[120610.86302536697, 119922.86802476118, 137152.92711838792, 124565.76423397248, 120553.16545797994, 117952.62258019001, 141984.87060215118, 127642.42337360291, 138631.35076543727, 131263.86807478874, 131842.66450965774, 128041.170106759, 139671.41939638343, 126998.68892058407, 131284.41441017017, 134374.59859182197, 132091.32624359048, 127152.18573043396, 109678.83327026521, 132121.227398658, 121282.54959828238, 130437.37076570516, 125904.36495072333, 123620.46058203174, 128196.29401802763]
Time
3.449737787246704
The result for the 18th execution is
Query Result
[178785.7374441998, 174557.9006419002, 181130.7630288004, 178007.17005079967, 178629.31758949996, 183981.52651319987, 179508.7996199997, 182054.26327950045, 178433.18352369996, 180642.11739460056, 178696.36429789953, 179316.70240189988, 181096.2497966003, 180508.6027004996, 182030.6539569999, 184468.80146289954, 180275.23035500004, 179953.9629626, 173598.87351550037, 182313.25241839906, 178368.3961764003, 178718.52346579998, 180338.00750239936, 176499.9877864996, 184757.59741450014]
Noised Result
[131947.54686597665, 129180.41330497705, 123576.65662539001, 129810.70452670072, 127115.48774526303, 132086.53250505595, 134613.18157186508, 130159.27065965126, 121240.60080850858, 129185.53714351638, 136238.17627295933, 125992.74191549563, 130528.23794986992, 134645.73539672402, 128918.96814505648, 125813.3347991757, 122174.73656056795, 128818.20816439926, 125773.37584284764, 132600.12236723016, 124488.29135077834, 118685.32131853266, 118823.61998490154, 125253.07384808922, 126851.74207813514]
Time
3.527540922164917
The result for the 19th execution is
Query Result
[178785.7374441998, 174557.9006419002, 181130.7630288004, 178007.17005079967, 178629.31758949996, 183981.52651319987, 179508.7996199997, 182054.26327950045, 178433.18352369996, 180642.11739460056, 178696.36429789953, 179316.70240189988, 181096.2497966003, 180508.6027004996, 182030.6539569999, 184468.80146289954, 180275.23035500004, 179953.9629626, 173598.87351550037, 182313.25241839906, 178368.3961764003, 178718.52346579998, 180338.00750239936, 176499.9877864996, 184757.59741450014]
Noised Result
[123787.53249757757, 122348.54937577537, 134852.40662312933, 131501.50261336233, 134614.12323884817, 132397.1734141964, 139477.87792459188, 130539.32162613697, 126489.59749776532, 125669.0420760128, 140071.29645450652, 129838.34669616415, 127049.98315561688, 128501.85915471305, 130902.2007880956, 126815.59950494472, 126719.22440691877, 130394.85993961524, 118280.39568139134, 120054.75166896601, 132720.99988341262, 123480.9877121099, 132718.41761007655, 128257.06137706665, 131454.93555926866]
Time
3.4886343479156494
