The result for the 0th execution is
Query Result
[1602.0, 1517.0, 1557.0, 1626.0, 1444.0, 1538.0, 1593.0, 1525.0, 1692.0, 1621.0, 1475.0, 1501.0, 1548.0, 1545.0, 1582.0, 1646.0, 1501.0, 1527.0, 1535.0, 1535.0, 1549.0, 1628.0, 1479.0, 1526.0, 1493.0, 1545.0, 1552.0, 1578.0, 1478.0, 1443.0, 1578.0, 1573.0, 1518.0, 1389.0, 1601.0, 1587.0, 1582.0, 1498.0, 1605.0, 1616.0, 1599.0, 1468.0, 1578.0, 1455.0, 1541.0, 1557.0, 1623.0, 1626.0, 1426.0, 1545.0]
Noised Result
[-283.79224966033735, -904.2617487265516, -1128.0736049979073, -681.7002331894194, -1202.500661605643, -1159.1310704221223, -1868.7372231591803, -1019.5927925051797, -929.6157228895299, -912.6591643350976, -1071.0221867159116, -380.0721762801086, -574.0636115527268, -989.8915331330127, -1027.3730562927608, -880.3070439860358, -1222.7609421654442, -951.3888943656407, -1013.8523825349366, -1406.1789874341985, -855.2617478446043, -464.6987730954347, -1076.1656951086948, -656.5945501964266, -686.1776625915713, -966.4836348607778, -982.0468101228635, -1156.236875835632, -1387.0990579415275, -974.8354043291429, -1273.052617212133, -1202.0822003112416, -714.817081578238, -193.62208258130067, -834.3098576818493, -941.5673582856689, -918.1638157601255, -969.6559069743635, -1052.768262986518, -1562.4368887623368, -977.9700960916484, -1142.120703367128, -1538.7115712176287, -1057.994138681136, -1121.8112976358016, -797.6105544244726, -759.0461955741771, -1049.038031789999, -831.6211421251285, -922.652076703811]
Time
4.594970703125
The result for the 1th execution is
Query Result
[1602.0, 1517.0, 1557.0, 1626.0, 1444.0, 1538.0, 1593.0, 1525.0, 1692.0, 1621.0, 1475.0, 1501.0, 1548.0, 1545.0, 1582.0, 1646.0, 1501.0, 1527.0, 1535.0, 1535.0, 1549.0, 1628.0, 1479.0, 1526.0, 1493.0, 1545.0, 1552.0, 1578.0, 1478.0, 1443.0, 1578.0, 1573.0, 1518.0, 1389.0, 1601.0, 1587.0, 1582.0, 1498.0, 1605.0, 1616.0, 1599.0, 1468.0, 1578.0, 1455.0, 1541.0, 1557.0, 1623.0, 1626.0, 1426.0, 1545.0]
Noised Result
[-917.8306140356094, -1225.8275972614629, -1254.2065341435623, -684.4483243398965, -993.0922357639802, -1129.9521616041825, -719.273665048481, -793.2805373862534, -1257.6263105970193, 5.048848985225504, -1033.9888846726508, -714.3126166436978, -691.5509204845614, 12.994001234268808, -694.3863297215541, -797.5747983840829, -1106.1348481316218, -872.3456708223177, -928.4551087697669, -874.3045206065276, -908.1620928587486, -445.13937421575565, -964.0343467336988, -1416.200266778721, -711.4765215328891, -1200.0348418903814, -729.9744165794555, -806.0736878035677, -936.3375039972984, -706.6118826140741, -651.9961375048863, -1185.0707608111725, -781.4731966659713, -1224.627336661123, -964.7716823437704, -891.6773667252014, -1535.0499567383854, -887.1577538880442, -783.6933260723124, -914.3729135082472, -986.4238000128112, -778.4604308016685, -906.500905904034, -28.594578574724892, -283.58866922214224, -1100.596074732076, -141.0564213851676, -682.4286424889374, -1805.709624300238, -834.3706945738172]
Time
4.532701730728149
The result for the 2th execution is
Query Result
[1602.0, 1517.0, 1557.0, 1626.0, 1444.0, 1538.0, 1593.0, 1525.0, 1692.0, 1621.0, 1475.0, 1501.0, 1548.0, 1545.0, 1582.0, 1646.0, 1501.0, 1527.0, 1535.0, 1535.0, 1549.0, 1628.0, 1479.0, 1526.0, 1493.0, 1545.0, 1552.0, 1578.0, 1478.0, 1443.0, 1578.0, 1573.0, 1518.0, 1389.0, 1601.0, 1587.0, 1582.0, 1498.0, 1605.0, 1616.0, 1599.0, 1468.0, 1578.0, 1455.0, 1541.0, 1557.0, 1623.0, 1626.0, 1426.0, 1545.0]
Noised Result
[-864.4010493752508, -983.7884960894294, -995.1849268936567, -762.1690863619679, -1460.8993711754197, -317.1278197110046, -1249.8273599739628, -1307.3308310390894, -1033.1886093686203, -548.4568921423345, -1193.5479631671628, -1702.9179907461867, -1225.0446298324528, -840.1887561283149, -1023.6088275554443, -1263.5061040322412, -1316.709728957277, -1018.2700668754796, -1114.4189365402704, -1021.6967209981444, -914.1994490301413, -1380.4041280230335, -1097.6177012647, -1657.553343265175, -920.6786350023508, -1121.0026528381782, -768.2554425542278, -1165.6943630025771, -523.9883121997107, -685.9501548801716, -1301.4940170804102, -948.2640090018422, -113.66420822015107, -1173.109545180072, 299.61835171890925, -428.49652804846687, -1130.750897733065, -939.9336914310329, -1142.0931243716068, -882.6918813018101, -885.055975733108, -1199.3298280705071, -956.9948564275583, -1005.8597450370976, -940.911539574699, -928.0396279771485, -730.1572947772477, -787.31196757507, -712.3659624698114, -912.4279180195222]
Time
4.609024286270142
The result for the 3th execution is
Query Result
[1602.0, 1517.0, 1557.0, 1626.0, 1444.0, 1538.0, 1593.0, 1525.0, 1692.0, 1621.0, 1475.0, 1501.0, 1548.0, 1545.0, 1582.0, 1646.0, 1501.0, 1527.0, 1535.0, 1535.0, 1549.0, 1628.0, 1479.0, 1526.0, 1493.0, 1545.0, 1552.0, 1578.0, 1478.0, 1443.0, 1578.0, 1573.0, 1518.0, 1389.0, 1601.0, 1587.0, 1582.0, 1498.0, 1605.0, 1616.0, 1599.0, 1468.0, 1578.0, 1455.0, 1541.0, 1557.0, 1623.0, 1626.0, 1426.0, 1545.0]
Noised Result
[17.86006317716101, -10.250300144294897, -772.6934244918607, -1092.208029949214, -747.3062983721541, -904.7895501022763, -1102.3520853457403, -1159.1764915728509, -750.1572804955963, -783.6876239287503, -1229.8836651746597, -745.7474872420621, -908.1757672004774, -972.2906177390364, -1287.6599900353403, -647.7958957011735, -907.9367323640927, -746.7135116245395, -744.9193059605238, -859.9739630349686, -857.615991140814, -885.3915491395651, -1033.5108877995167, -1292.8185614953081, -275.80701222491825, -920.127660602328, -1233.917169461466, -1272.503976827817, -617.3252599658654, -812.09746551743, -1381.7314731786082, -1636.580529203064, -950.5629930510827, -1148.317356585906, -751.810335726813, -854.2612409475, -887.1839080544246, -897.365736252153, -513.3019329781964, -577.2175603680039, -1095.8183047598882, -641.5144080088139, -1010.1029925827638, -1449.3721824230697, -962.4979183353089, -905.0486089979468, -717.2672476439536, -1002.8495398377318, -1109.0633078288602, -1002.8366173314739]
Time
4.590153217315674
The result for the 4th execution is
Query Result
[1602.0, 1517.0, 1557.0, 1626.0, 1444.0, 1538.0, 1593.0, 1525.0, 1692.0, 1621.0, 1475.0, 1501.0, 1548.0, 1545.0, 1582.0, 1646.0, 1501.0, 1527.0, 1535.0, 1535.0, 1549.0, 1628.0, 1479.0, 1526.0, 1493.0, 1545.0, 1552.0, 1578.0, 1478.0, 1443.0, 1578.0, 1573.0, 1518.0, 1389.0, 1601.0, 1587.0, 1582.0, 1498.0, 1605.0, 1616.0, 1599.0, 1468.0, 1578.0, 1455.0, 1541.0, 1557.0, 1623.0, 1626.0, 1426.0, 1545.0]
Noised Result
[-862.4918463869735, -621.319605241591, -926.9109201547726, -879.5903737322365, -804.7273168859167, -1075.4835405647727, -320.36644052189195, -1439.4526416054327, -1383.9585885859192, -863.0129593371871, -1140.0607834079246, 250.26474352316131, -1438.9783357088536, -948.4643593552014, -1158.752764342556, -970.3260645538758, -816.680809907534, -800.6531387117916, -844.095132319449, -1130.6813775831306, -1030.5177851606568, -906.0909590894648, -856.385404821578, -960.9089442081349, -888.73963317979, -674.6439615730353, -868.4369186686661, -146.12041737495383, -1295.0232345968275, -608.4170847659329, -379.7813181876288, -635.3289395383649, 65.42070690472133, -1732.6747398575776, -743.9229431429835, -823.516150593985, -988.5618663946966, -1296.380681076124, -1179.5703377284603, -729.3119404510364, -1135.3243340231866, -1207.179558044645, -1254.37655980017, -803.5186454882946, -1101.7985500477262, -746.9671089395579, -1037.555486541798, -600.5267033530947, -739.80113043591, -892.8443140335016]
Time
4.563647270202637
The result for the 5th execution is
Query Result
[1602.0, 1517.0, 1557.0, 1626.0, 1444.0, 1538.0, 1593.0, 1525.0, 1692.0, 1621.0, 1475.0, 1501.0, 1548.0, 1545.0, 1582.0, 1646.0, 1501.0, 1527.0, 1535.0, 1535.0, 1549.0, 1628.0, 1479.0, 1526.0, 1493.0, 1545.0, 1552.0, 1578.0, 1478.0, 1443.0, 1578.0, 1573.0, 1518.0, 1389.0, 1601.0, 1587.0, 1582.0, 1498.0, 1605.0, 1616.0, 1599.0, 1468.0, 1578.0, 1455.0, 1541.0, 1557.0, 1623.0, 1626.0, 1426.0, 1545.0]
Noised Result
[-1450.378928318255, -737.7505632575655, -509.98847096761756, -774.9546777383823, -788.7560551689096, -771.9292257817758, -800.2401829250016, -1718.9560211085918, -749.3178666224053, -976.097424633233, -1121.8574918121185, -967.9032761060753, -820.7299243919922, -1273.044702074952, -1075.7464665362436, -869.3543895535936, -881.620564818111, -825.9835863514659, -1083.8837428236757, -1035.137955563821, -573.0629317049634, -907.6290756076264, -1229.1864635457437, -2313.308257852823, -1052.971100531654, -847.3946878418747, -1695.472717099191, -936.392969076101, -1023.7060214957651, -1003.2267484634453, -647.6155141010738, -790.4285223087145, -1128.981550412832, -1019.3457175732801, -937.4265276243555, -816.1037295507099, -977.3257081889524, -960.3664313935074, -1407.3178507406365, -986.7925040983314, -1030.0829563144894, -774.4075046280807, -1120.3525797545417, -453.09377636937006, -542.7480861363251, -652.4219653305227, -1017.3066604886949, -1057.7125746303213, -1581.7372399449423, -935.3903711274988]
Time
4.407005786895752
The result for the 6th execution is
Query Result
[1602.0, 1517.0, 1557.0, 1626.0, 1444.0, 1538.0, 1593.0, 1525.0, 1692.0, 1621.0, 1475.0, 1501.0, 1548.0, 1545.0, 1582.0, 1646.0, 1501.0, 1527.0, 1535.0, 1535.0, 1549.0, 1628.0, 1479.0, 1526.0, 1493.0, 1545.0, 1552.0, 1578.0, 1478.0, 1443.0, 1578.0, 1573.0, 1518.0, 1389.0, 1601.0, 1587.0, 1582.0, 1498.0, 1605.0, 1616.0, 1599.0, 1468.0, 1578.0, 1455.0, 1541.0, 1557.0, 1623.0, 1626.0, 1426.0, 1545.0]
Noised Result
[-1192.200902950573, -622.5511834084602, -844.7665918060111, -804.3418410247691, -911.2601465758135, -1101.4801259455608, -946.3145993211747, -871.4600547611931, -931.6914944663376, -1204.0085879449289, -130.24758010506775, -879.5104289740711, -711.7273239221795, -822.303264833904, 521.3853489760022, -1019.4102719990051, -1056.6137430699314, -920.2312708766972, -1076.6894645503266, -973.7178848493941, -1019.563484005826, -1013.1247148185439, -834.2416543436752, -878.0130884167068, -989.0543483138767, -1499.5500750127803, -1141.6619366976038, -1243.2305751436106, -685.0322824012287, -910.160696639819, -392.432252113922, -1562.3047712894813, -883.7614167805109, -683.5856229157432, -487.3650775996025, -747.612108753608, -475.40775076468094, -630.2369056977145, -1091.7511890059195, -499.7601283671736, -1346.8046115802513, -758.7868688192675, -1081.7582495606407, 18.57921843049735, -1293.8772417119344, -1023.1872108357543, -588.8848396230164, -946.699790531989, -877.2828706802211, -1031.5816557143344]
Time
4.52508020401001
The result for the 7th execution is
Query Result
[1602.0, 1517.0, 1557.0, 1626.0, 1444.0, 1538.0, 1593.0, 1525.0, 1692.0, 1621.0, 1475.0, 1501.0, 1548.0, 1545.0, 1582.0, 1646.0, 1501.0, 1527.0, 1535.0, 1535.0, 1549.0, 1628.0, 1479.0, 1526.0, 1493.0, 1545.0, 1552.0, 1578.0, 1478.0, 1443.0, 1578.0, 1573.0, 1518.0, 1389.0, 1601.0, 1587.0, 1582.0, 1498.0, 1605.0, 1616.0, 1599.0, 1468.0, 1578.0, 1455.0, 1541.0, 1557.0, 1623.0, 1626.0, 1426.0, 1545.0]
Noised Result
[-898.4351200542246, -815.3185749834772, -1087.7059734122804, -952.3481055236489, -960.3304711303495, -1669.8343400673948, -247.47348953665278, -974.7190915843889, -865.4202471028384, -851.8469120723189, -1083.1821273940145, -947.2231242740781, -1091.4931334201224, -1042.7403939790347, -870.1052240328227, -1007.2465448761391, -955.0149837825397, -994.2628433909167, -1158.3510192101526, -549.7718343608169, -818.0935586627713, -1286.9556585948812, -1236.9034452273108, -1104.6671546990233, -722.173332545296, -858.215194522194, -1628.4977240700264, -13.874881966630255, -1005.4190876940538, -1369.5225860792698, -840.7959484686216, -1461.2479365226009, -974.9943604839045, -1088.1351594637044, -854.8745193875366, -638.8749954802247, -877.0208113597237, -1670.3602458668179, -941.1323271170832, -909.6678694435404, -411.8043506152617, -835.0163193399255, -792.0221716855863, -929.499870927089, -143.72718391822718, -976.5073845884576, -1295.614723858696, -888.627217068562, -1103.744230490693, -1003.201386370119]
Time
4.4103851318359375
The result for the 8th execution is
Query Result
[1602.0, 1517.0, 1557.0, 1626.0, 1444.0, 1538.0, 1593.0, 1525.0, 1692.0, 1621.0, 1475.0, 1501.0, 1548.0, 1545.0, 1582.0, 1646.0, 1501.0, 1527.0, 1535.0, 1535.0, 1549.0, 1628.0, 1479.0, 1526.0, 1493.0, 1545.0, 1552.0, 1578.0, 1478.0, 1443.0, 1578.0, 1573.0, 1518.0, 1389.0, 1601.0, 1587.0, 1582.0, 1498.0, 1605.0, 1616.0, 1599.0, 1468.0, 1578.0, 1455.0, 1541.0, 1557.0, 1623.0, 1626.0, 1426.0, 1545.0]
Noised Result
[-636.8099446909887, -1582.4269024129098, -849.1573322492795, -1137.4125479207382, -1005.6461480498524, -1051.4459143890385, -1113.2370475005373, -1597.3844292381632, -754.024517738995, -1343.634797262303, -906.0613268806885, -810.7076993050935, -906.3219332768285, -862.8211943135816, -847.3817305571911, -1106.4586526062476, -632.6435396645245, -1324.5750637432957, -889.9401991228742, -1392.5746692476523, -869.3326316631546, -840.399491944866, -1227.9539651153427, -595.6130198861931, -931.6291562872898, -974.161474598418, -1268.1437691034143, -841.8532558687548, -1358.942868881743, -1055.8613564115058, -953.6363225504692, -1237.4376041893788, -945.6746790542688, -633.203160816349, -967.988188906942, -1022.9449607981901, -430.46161257987796, -897.6611575811044, -705.0655848039069, -924.0620542966876, -878.9612777236484, -900.4550362246382, -948.7512237359565, -1295.8577952630699, -1094.6148124766355, -880.15259348871, -917.3444136698035, -780.3933188153339, -886.02548803381, -406.5043887071922]
Time
4.470329284667969
The result for the 9th execution is
Query Result
[1602.0, 1517.0, 1557.0, 1626.0, 1444.0, 1538.0, 1593.0, 1525.0, 1692.0, 1621.0, 1475.0, 1501.0, 1548.0, 1545.0, 1582.0, 1646.0, 1501.0, 1527.0, 1535.0, 1535.0, 1549.0, 1628.0, 1479.0, 1526.0, 1493.0, 1545.0, 1552.0, 1578.0, 1478.0, 1443.0, 1578.0, 1573.0, 1518.0, 1389.0, 1601.0, 1587.0, 1582.0, 1498.0, 1605.0, 1616.0, 1599.0, 1468.0, 1578.0, 1455.0, 1541.0, 1557.0, 1623.0, 1626.0, 1426.0, 1545.0]
Noised Result
[-1167.8873166668945, -971.8663728305219, -1034.1365767019074, -378.2459353755846, -915.5317793438885, -603.8466777938502, -323.40930841337195, -179.22468861663856, -716.9760891628487, -910.9990923839905, -887.0020752382711, -1153.8198789978478, -946.0249772985098, -1130.0595819454993, -1020.6577770801559, -1769.0723941945826, -856.3040726351283, -830.3207618095671, -797.4315815139282, -906.2684087616294, -991.31068960847, -954.1244334849475, -185.13795760635844, -779.2011471278324, -846.7414370478698, -768.5900998279346, -1312.4049823957262, -795.8942613752031, -364.40485982326527, -1102.7636733478098, -546.2906993375991, -674.4923121964234, -806.3864431956401, -906.6651705238578, -485.35823724321403, -901.362883707297, -739.7505928431278, -1386.529790589363, -1042.763639755672, -203.8180708999098, -725.0593771463741, -571.8855312281307, -845.7739312694798, -976.5437033593803, -916.8694002705406, -795.2807157500274, -679.8202113724644, -541.2691877468083, -1018.9366659370166, -610.3407632659937]
Time
4.427572250366211
The result for the 10th execution is
Query Result
[1602.0, 1517.0, 1557.0, 1626.0, 1444.0, 1538.0, 1593.0, 1525.0, 1692.0, 1621.0, 1475.0, 1501.0, 1548.0, 1545.0, 1582.0, 1646.0, 1501.0, 1527.0, 1535.0, 1535.0, 1549.0, 1628.0, 1479.0, 1526.0, 1493.0, 1545.0, 1552.0, 1578.0, 1478.0, 1443.0, 1578.0, 1573.0, 1518.0, 1389.0, 1601.0, 1587.0, 1582.0, 1498.0, 1605.0, 1616.0, 1599.0, 1468.0, 1578.0, 1455.0, 1541.0, 1557.0, 1623.0, 1626.0, 1426.0, 1545.0]
Noised Result
[-913.8937289840842, -743.3726816972853, -1138.5680686267679, -877.6157671874143, -998.1749290666394, -1329.7334506869438, -948.0684880888125, 229.3772265198943, -1354.032598169615, -1033.6168729484561, -1055.0716485253092, -1116.0163421213688, -1125.296635819328, -979.8397322232554, -1051.4618060228113, -893.2565518735782, -1292.9627670560267, -832.8233457423116, -900.9027152364938, -1209.1689345098243, -961.2939979874027, -816.4625397308632, -1305.2412431128832, -838.7028664454042, -683.7584447119759, -1112.1651274972155, -1272.0054223025768, -1749.3508605708626, -891.2732623402476, -390.2616974567816, -896.9067869013197, -666.8914097539346, -903.9287857582308, -1051.7081623724457, -885.7197560776108, -258.3355942023434, -968.425772110365, 401.64657242393423, -897.8306018022295, -865.6074247926408, -1173.3199913104054, -806.5273526099613, -902.6819074362456, -1223.019184074763, -693.1473253518268, -1136.036458319671, -820.5770367333962, -702.9517092268502, -792.5376476417312, -1008.6805961942259]
Time
4.583178997039795
The result for the 11th execution is
Query Result
[1602.0, 1517.0, 1557.0, 1626.0, 1444.0, 1538.0, 1593.0, 1525.0, 1692.0, 1621.0, 1475.0, 1501.0, 1548.0, 1545.0, 1582.0, 1646.0, 1501.0, 1527.0, 1535.0, 1535.0, 1549.0, 1628.0, 1479.0, 1526.0, 1493.0, 1545.0, 1552.0, 1578.0, 1478.0, 1443.0, 1578.0, 1573.0, 1518.0, 1389.0, 1601.0, 1587.0, 1582.0, 1498.0, 1605.0, 1616.0, 1599.0, 1468.0, 1578.0, 1455.0, 1541.0, 1557.0, 1623.0, 1626.0, 1426.0, 1545.0]
Noised Result
[-809.7349142948956, -906.684866580008, -891.5419065334304, -526.9105494446987, -1097.2668561907726, -290.1403781090453, -1500.915794670546, -1019.2645732838732, -967.9437583103568, -734.3031626060565, -872.4800799043851, -950.7829627621518, -1908.140907809226, -973.4046838310173, -958.5982831241204, -1097.1477317962022, -844.4863831568275, -776.6238495741154, -823.9994219812766, -1150.4673193115436, -975.7534450667526, -962.1663982248483, -732.6607796479711, -881.8037091672395, -1336.330071419251, -807.54898987162, -1083.7526814744056, -1398.3717540253638, -682.8814776085892, -1623.4209424380902, -1910.3397473061718, -1425.2597975907129, -1016.0406123713228, -937.8820379946701, -1289.9473335390012, -787.3504828326372, -1291.648194568097, -828.9066495902364, -551.8163975234902, -163.37581474756007, -1127.6465144740087, -1297.3118461448194, -644.0020754148754, -899.086356889103, -541.5535435665679, -1032.5698559870461, -1078.9628338476332, -440.98209392549757, -942.5353596112254, -1120.2569206674175]
Time
4.407000303268433
The result for the 12th execution is
Query Result
[1602.0, 1517.0, 1557.0, 1626.0, 1444.0, 1538.0, 1593.0, 1525.0, 1692.0, 1621.0, 1475.0, 1501.0, 1548.0, 1545.0, 1582.0, 1646.0, 1501.0, 1527.0, 1535.0, 1535.0, 1549.0, 1628.0, 1479.0, 1526.0, 1493.0, 1545.0, 1552.0, 1578.0, 1478.0, 1443.0, 1578.0, 1573.0, 1518.0, 1389.0, 1601.0, 1587.0, 1582.0, 1498.0, 1605.0, 1616.0, 1599.0, 1468.0, 1578.0, 1455.0, 1541.0, 1557.0, 1623.0, 1626.0, 1426.0, 1545.0]
Noised Result
[-935.4782829115052, -1056.4941406078678, -853.5437549681055, -1067.9547142234646, -772.4789424001749, -828.3830571855635, -485.287245826466, -991.3145748302709, -428.18582907684254, -643.8737666792028, -946.3364479079482, -900.3947441948817, -1047.971202044685, -942.5947068754708, -954.6399134931876, -628.6483230378508, -959.1728299975589, -437.42373924989715, -582.2322551455152, -1450.5612351250807, -942.8220138433376, -898.6329198277813, -1313.31827518709, -790.263013237317, -1159.993045813559, -375.5806209488733, -742.8436460222022, -823.0190005437412, -953.8380200000302, -1087.1206113957842, -945.8245344653806, -1200.3331312227865, -894.6678976413286, -1014.8385009001186, -468.0126023581274, -957.1645354838251, -894.0517106905736, -1080.6470910689632, -94.84967537532589, -496.0187380371649, -916.7707751375242, 112.95183054366362, -410.7731539740971, -1355.0662255254488, -1136.807821550222, -1126.1643954694837, -1048.4385848305687, -1224.5655588770596, -1132.7230892416292, -1069.641579730464]
Time
4.398824214935303
The result for the 13th execution is
Query Result
[1602.0, 1517.0, 1557.0, 1626.0, 1444.0, 1538.0, 1593.0, 1525.0, 1692.0, 1621.0, 1475.0, 1501.0, 1548.0, 1545.0, 1582.0, 1646.0, 1501.0, 1527.0, 1535.0, 1535.0, 1549.0, 1628.0, 1479.0, 1526.0, 1493.0, 1545.0, 1552.0, 1578.0, 1478.0, 1443.0, 1578.0, 1573.0, 1518.0, 1389.0, 1601.0, 1587.0, 1582.0, 1498.0, 1605.0, 1616.0, 1599.0, 1468.0, 1578.0, 1455.0, 1541.0, 1557.0, 1623.0, 1626.0, 1426.0, 1545.0]
Noised Result
[-734.8243457761257, -1302.686997920956, -985.3933178328348, -450.2416526364493, -702.499090059463, -904.5255782298923, -1034.0863282105934, -765.1745851292931, -1014.2732595605353, -1030.6845478463429, -1013.4251907934695, -674.9429670969103, -1015.3161920235793, -413.51283030909417, -917.8392096399252, -989.2577657935849, -753.0932510623284, -656.614348476226, -1186.574881504117, -668.9834401752091, -830.76216654624, -714.247724565316, -705.9810375401223, -652.6612878531566, -844.7977559030385, -1506.7615665852795, -961.0100587225602, -1163.402743278465, -832.8136725053296, -913.0419396288587, -1062.294689435932, -533.4346776192788, -350.51458686365095, -433.15061741144655, -1002.0214339754402, -604.9327750257905, -862.4314413824313, -1020.02294743831, -879.0441554132335, -1309.9234427085835, -1029.101045503361, -725.7463868234975, -823.6366275065716, -1147.6819867340014, -967.6600380749146, -123.01334370413815, -838.8900635943173, -890.0203240054361, -1256.0100992237603, -933.4560772535096]
Time
4.225379705429077
The result for the 14th execution is
Query Result
[1602.0, 1517.0, 1557.0, 1626.0, 1444.0, 1538.0, 1593.0, 1525.0, 1692.0, 1621.0, 1475.0, 1501.0, 1548.0, 1545.0, 1582.0, 1646.0, 1501.0, 1527.0, 1535.0, 1535.0, 1549.0, 1628.0, 1479.0, 1526.0, 1493.0, 1545.0, 1552.0, 1578.0, 1478.0, 1443.0, 1578.0, 1573.0, 1518.0, 1389.0, 1601.0, 1587.0, 1582.0, 1498.0, 1605.0, 1616.0, 1599.0, 1468.0, 1578.0, 1455.0, 1541.0, 1557.0, 1623.0, 1626.0, 1426.0, 1545.0]
Noised Result
[-1319.0763740420457, -185.3578751934465, -1929.9341673136569, 41.13951236699495, -1057.6179150470803, -988.0886748975067, -834.4803224559514, -1190.2798560759893, -740.8713925203542, -1301.0880194305737, 499.3015291932925, -976.1926899465643, -425.5993515639311, -1544.0528134429892, -861.2575373387108, -639.3461365060871, -1492.557824704028, -791.307672250088, -689.1171110467665, -594.8824226439469, -817.102672887547, -1051.6583723374765, -1016.4486662962026, -793.2281863185876, -829.0172173029443, -883.3521458893001, -1093.9884355844242, -897.9492650943494, -1054.8341772933704, -929.9822251526498, -942.8793165784268, -1163.1048946424403, -1391.3530101948131, -1069.1802349583518, -786.6625682571662, -747.1037464246058, -927.3053212623959, -825.5877693875818, -1293.8740261934208, -684.3791736265703, -730.1125766042196, -1038.1108807898463, -839.2502013455821, -385.15516025061015, -774.5123980029734, -1237.623393416225, -884.8024921559877, -691.9039941892997, -946.9884737826519, -623.4060950870137]
Time
4.536943197250366
The result for the 15th execution is
Query Result
[1602.0, 1517.0, 1557.0, 1626.0, 1444.0, 1538.0, 1593.0, 1525.0, 1692.0, 1621.0, 1475.0, 1501.0, 1548.0, 1545.0, 1582.0, 1646.0, 1501.0, 1527.0, 1535.0, 1535.0, 1549.0, 1628.0, 1479.0, 1526.0, 1493.0, 1545.0, 1552.0, 1578.0, 1478.0, 1443.0, 1578.0, 1573.0, 1518.0, 1389.0, 1601.0, 1587.0, 1582.0, 1498.0, 1605.0, 1616.0, 1599.0, 1468.0, 1578.0, 1455.0, 1541.0, 1557.0, 1623.0, 1626.0, 1426.0, 1545.0]
Noised Result
[-930.0935046268942, -950.9450201745631, -1071.6113628547919, -1014.2194518833649, -1436.3999843671172, -915.1390288800694, -246.66135217935016, -787.7063682196783, -907.1788299295154, -720.3431065291527, -810.2887561058033, -991.0572053001024, -1249.942175189989, -438.93495587884877, -1180.893906323644, -770.0457441093399, -1038.4046770269788, -1050.8960303744161, -675.9922014898325, -1256.076951600919, -1265.6845872516183, -980.0448472098842, -1391.3707251192368, -877.2062088586079, -370.22616220732993, -983.9526113886745, -958.4090757208901, -953.0368622222868, -1078.3895059879787, -681.5421043355113, -1237.1403146160842, -801.360953377547, -863.2944052055166, -566.9603333734915, -1281.067279917515, -974.6383005425005, -909.0642587276129, -1064.5754053816422, -57.28112532646037, -1003.0085151144362, -893.5073582600926, -933.1658443851493, -616.5388747534785, -351.512097582714, -1148.2552292743671, -652.3030473634706, -1020.1486877652628, -916.1980699654673, -957.9206230461236, -632.908304049429]
Time
4.532786846160889
The result for the 16th execution is
Query Result
[1602.0, 1517.0, 1557.0, 1626.0, 1444.0, 1538.0, 1593.0, 1525.0, 1692.0, 1621.0, 1475.0, 1501.0, 1548.0, 1545.0, 1582.0, 1646.0, 1501.0, 1527.0, 1535.0, 1535.0, 1549.0, 1628.0, 1479.0, 1526.0, 1493.0, 1545.0, 1552.0, 1578.0, 1478.0, 1443.0, 1578.0, 1573.0, 1518.0, 1389.0, 1601.0, 1587.0, 1582.0, 1498.0, 1605.0, 1616.0, 1599.0, 1468.0, 1578.0, 1455.0, 1541.0, 1557.0, 1623.0, 1626.0, 1426.0, 1545.0]
Noised Result
[-655.5409216370497, -1150.2684320285216, -907.6029067369368, -1589.197442227403, -1172.1773537884137, -990.6120106983044, -1117.6521782146392, -948.5917218513259, -746.2298909513024, -1135.9795085501355, -957.4595868288015, -941.6141281702753, -775.8273628624522, -809.1048290625411, -1668.5716216698588, -807.6245551710067, -951.7287173894169, -1635.3342754219698, -1269.3869372920026, -989.8200177954077, -562.6023452920781, -723.3930735814733, -999.0308738070244, -769.1944972937438, -977.4093999366519, -1304.545372310106, -1064.2052436208733, -856.0014791006652, -639.031989589007, -1264.387615879189, -1126.71188111204, -1185.9952831622377, -1280.8814862639679, -1624.321807532021, -422.34889581642096, -1028.129429686267, -114.38055332067643, -990.698378669993, -1291.4171891809801, -1293.93789502768, -705.2369924710301, -946.0647513504391, -962.1261361886654, -1806.76910935859, -281.1951977284573, -1165.2651038338245, -1040.669666067863, -889.3626641794049, -1437.0782344314935, -1118.1412333615235]
Time
4.652554035186768
The result for the 17th execution is
Query Result
[1602.0, 1517.0, 1557.0, 1626.0, 1444.0, 1538.0, 1593.0, 1525.0, 1692.0, 1621.0, 1475.0, 1501.0, 1548.0, 1545.0, 1582.0, 1646.0, 1501.0, 1527.0, 1535.0, 1535.0, 1549.0, 1628.0, 1479.0, 1526.0, 1493.0, 1545.0, 1552.0, 1578.0, 1478.0, 1443.0, 1578.0, 1573.0, 1518.0, 1389.0, 1601.0, 1587.0, 1582.0, 1498.0, 1605.0, 1616.0, 1599.0, 1468.0, 1578.0, 1455.0, 1541.0, 1557.0, 1623.0, 1626.0, 1426.0, 1545.0]
Noised Result
[-566.8741323583877, -938.6748568548196, -144.62006318100066, -672.0074156445212, -945.0998048542547, -1229.7579651083843, -833.4614082074186, -608.5991315221897, -828.3744428504779, -952.8408405883974, -977.774690987505, -550.6430999569207, -895.6913625546681, -738.6166956843285, -974.5250802150076, -725.6156048207704, -921.141074589857, -965.5222696062037, -1084.0556564418166, -890.8321244094304, -702.5553356672569, -656.4832426061491, 100.21529779855814, -989.5040376026404, -1135.8792896593864, -895.5656371210916, -836.7498477928177, -836.7601485393939, -1010.3539746013826, -532.2883386171113, -1018.4865833608424, -1246.5831682979224, -1185.5060145852158, -1562.4175570036628, -923.5697963858538, -1161.0481562336363, -837.249881440553, -332.50997010578817, -912.0837509665275, -670.9203977705961, -629.8629436621436, -1122.3075099117923, -886.8217827209683, -1257.1388239813346, -607.9983535349647, -936.7898897921796, -759.2299014098908, -416.2576475901228, -1447.0981946747388, -841.8690828556896]
Time
4.54921555519104
The result for the 18th execution is
Query Result
[1602.0, 1517.0, 1557.0, 1626.0, 1444.0, 1538.0, 1593.0, 1525.0, 1692.0, 1621.0, 1475.0, 1501.0, 1548.0, 1545.0, 1582.0, 1646.0, 1501.0, 1527.0, 1535.0, 1535.0, 1549.0, 1628.0, 1479.0, 1526.0, 1493.0, 1545.0, 1552.0, 1578.0, 1478.0, 1443.0, 1578.0, 1573.0, 1518.0, 1389.0, 1601.0, 1587.0, 1582.0, 1498.0, 1605.0, 1616.0, 1599.0, 1468.0, 1578.0, 1455.0, 1541.0, 1557.0, 1623.0, 1626.0, 1426.0, 1545.0]
Noised Result
[-515.3752031231061, -1432.914355881383, -991.7444858316057, -1016.9806945468631, 268.688081852443, -767.2542330637048, -619.4633451937052, -332.1862547800349, -909.9903690646793, -825.7739860475115, -753.8309407121626, -917.3356651892291, -832.4652518913074, -913.8290695384972, -814.5773204937373, -254.36309086215033, -638.1643580783239, -953.7251802172595, -771.451006646897, -1000.3894326674772, -1895.872513986575, -287.9818605206797, -782.6675894054827, -732.0212248228991, -1103.597514749761, -1809.1688299521898, -736.195007166777, -996.8175707273922, -960.8990269812343, -884.8941534135663, -936.3695496516266, -1350.4679134150847, -811.8999485394177, -515.4154844941738, -496.7017479153483, -733.3997105619271, -1003.180434173365, -1169.9335951460575, -572.9160385759783, -841.9863812873173, -1018.7743607870602, 164.96939226813402, -733.2528769265948, -847.5992950742043, -882.7137035637329, -1219.6419244106337, -1612.6976395284573, -978.4609967907236, -383.78089563629237, -766.9545436418875]
Time
4.5436389446258545
The result for the 19th execution is
Query Result
[1602.0, 1517.0, 1557.0, 1626.0, 1444.0, 1538.0, 1593.0, 1525.0, 1692.0, 1621.0, 1475.0, 1501.0, 1548.0, 1545.0, 1582.0, 1646.0, 1501.0, 1527.0, 1535.0, 1535.0, 1549.0, 1628.0, 1479.0, 1526.0, 1493.0, 1545.0, 1552.0, 1578.0, 1478.0, 1443.0, 1578.0, 1573.0, 1518.0, 1389.0, 1601.0, 1587.0, 1582.0, 1498.0, 1605.0, 1616.0, 1599.0, 1468.0, 1578.0, 1455.0, 1541.0, 1557.0, 1623.0, 1626.0, 1426.0, 1545.0]
Noised Result
[-1047.1092045662226, -1081.1366891299858, -1958.285012043299, -1156.5380160311593, -879.9805052785034, -624.1078699168006, -1095.8470383940903, -1209.1533745410593, -1697.106441062453, -828.3979785288789, -1876.7987322241283, -791.6324752716307, -543.2436550745219, -1197.694953750703, -773.8216827769852, -1011.8880462210404, -827.8586519939056, -1202.4757678836686, -1107.1833240230185, -609.3980550581173, -930.2719836061365, -1079.2040361078416, -797.1150604770987, -1065.8237488223804, -1154.1752818669938, -473.6299755821092, -680.4372396349213, -1029.036087452645, -1196.4450879230244, -1013.5014472829039, -899.6002992419326, -499.881567313656, -1003.4424891334088, -1126.3180766352375, -898.2751269612272, -688.1359666178682, -986.6717964593968, -533.223608489636, -1007.7721645795846, -1015.0653040280181, -984.169778297045, -1431.0913003684245, -1408.2467100181175, -947.5570096832557, -314.25880001398104, -794.1236790866717, -396.62629742182366, -941.1149682586956, -1326.3646275959563, -1368.209603471585]
Time
4.591851472854614
