The result for the 0th execution is
Query Result
[331.0, 355.0, 407.0, 396.0, 395.0, 393.0, 369.0, 382.0, 393.0, 424.0, 370.0, 391.0, 443.0, 377.0, 412.0, 361.0, 351.0, 375.0, 378.0, 362.0, 373.0, 357.0, 428.0, 426.0, 370.0, 431.0, 401.0, 376.0, 407.0, 388.0, 406.0, 390.0, 432.0, 439.0, 356.0, 396.0, 340.0, 368.0, 379.0, 418.0, 390.0, 360.0, 345.0, 404.0, 371.0, 392.0, 378.0, 337.0, 430.0, 382.0]
Noised Result
[-1969.4669583988466, -2024.4077928673864, -1650.4682279919325, -1887.7266960872835, -2361.6257317451455, -1115.5622622015724, -2318.5662501464694, -1653.3721540108988, -2015.061836751422, -1773.243306250662, -1492.9528151690029, -1795.7757627269511, -2059.5685881235886, -1755.2198283321377, -2206.348387810861, -1828.3797750783997, -1795.4275425281726, -1235.3731853778954, -2063.8899884857115, -1867.0190100605046, -1568.975445278919, -1848.916248629197, -1853.6642041049536, -1871.2112114099837, -2217.688442202257, -1942.497996376685, -1550.3405799932013, -1520.622848849829, -2028.8826456358524, -1828.11300867098, -1417.2655339232213, -1615.7979440004792, -936.8261794437587, -1785.0603912642755, -1786.2257445707874, -2081.059073373758, -1808.887797977331, -2355.4101046371843, -1599.231364333943, -1707.1496134487356, -1432.3708126631507, -1737.864306850151, -1359.895711196084, -2709.0752457057906, -1291.3369360480954, -1660.5314901223817, -1602.3070080200675, -2338.313378614861, -1355.537786399622, -1828.1926163727135]
Time
3.9417884349823
The result for the 1th execution is
Query Result
[331.0, 355.0, 407.0, 396.0, 395.0, 393.0, 369.0, 382.0, 393.0, 424.0, 370.0, 391.0, 443.0, 377.0, 412.0, 361.0, 351.0, 375.0, 378.0, 362.0, 373.0, 357.0, 428.0, 426.0, 370.0, 431.0, 401.0, 376.0, 407.0, 388.0, 406.0, 390.0, 432.0, 439.0, 356.0, 396.0, 340.0, 368.0, 379.0, 418.0, 390.0, 360.0, 345.0, 404.0, 371.0, 392.0, 378.0, 337.0, 430.0, 382.0]
Noised Result
[-1747.6249775808924, -1755.895509075217, -1915.6739683402652, -1711.7855657304317, -1700.5339494418529, -1889.4896295284052, -1850.2041357809408, -1603.3326188662465, -1621.8992728505177, -1493.1175763889585, -1858.6037807203506, -1422.4257895074593, -164.62184455669149, -1356.8377033706379, -1998.289791920145, -986.4630904893259, -1795.127322976109, -1503.1332615142505, -1898.336827608944, -1694.1289575191613, -744.0390262528108, -2289.2726869267826, -1446.827273982632, -2385.9279706059133, -1709.2580459137002, -1159.1827565075569, -1850.7112291828275, -1704.9416858160994, -1391.1894077532136, -1757.9729840641203, -1833.1408722354095, -1822.6227093362922, -1699.1970035570132, -1802.0894351089369, -1887.0506183582665, -1320.5090427531823, -2072.7240277564306, -1571.0736289807296, -1959.0929148691393, -1731.473966902498, -2182.9115450048243, -1734.1929589902295, -1887.7914113115075, -1648.0122712824973, -2685.7443543197173, -1620.339790140214, -1775.185811506727, -2267.0677318353746, -1750.668000418124, -1498.080342651434]
Time
3.6593282222747803
The result for the 2th execution is
Query Result
[331.0, 355.0, 407.0, 396.0, 395.0, 393.0, 369.0, 382.0, 393.0, 424.0, 370.0, 391.0, 443.0, 377.0, 412.0, 361.0, 351.0, 375.0, 378.0, 362.0, 373.0, 357.0, 428.0, 426.0, 370.0, 431.0, 401.0, 376.0, 407.0, 388.0, 406.0, 390.0, 432.0, 439.0, 356.0, 396.0, 340.0, 368.0, 379.0, 418.0, 390.0, 360.0, 345.0, 404.0, 371.0, 392.0, 378.0, 337.0, 430.0, 382.0]
Noised Result
[-1190.6208308884359, -1742.3394300513964, -1187.4167411776016, -1987.7836035502828, -1780.9385334125454, -1996.702883163333, -2108.8976176175406, -1579.9857313156958, -1818.3898936876217, -1670.100653162109, -1785.5776626946972, -987.5733071717559, -1499.8849839847983, -2031.359103490256, -2034.895293191686, -1592.8985044443662, -1709.5941194150344, -2095.8749012372673, -1922.134910164712, -1647.496042420173, -2272.680947268772, -977.9148217646043, -2167.7667020218705, -2032.324885711991, -1959.550936204671, -1635.7574606396536, -2385.825240918011, -1829.9963683009114, -1855.9112084421636, -1776.9181035828192, -1659.5000732752283, -1579.6436353153447, -1436.8354731428062, -2211.5268740056918, -1933.303286421235, -1765.3424223582151, -1276.2730421672054, -1776.9122736761883, -1848.2879638817822, -2093.123003244334, -1910.9345382550632, -1983.6370185476153, -1826.7960376471224, -1789.7327508798244, -1445.243818673135, -2039.7491703198039, -2138.951184231118, -1477.2493832491955, -1738.7626214940137, -1603.0336872806843]
Time
3.797905206680298
The result for the 3th execution is
Query Result
[331.0, 355.0, 407.0, 396.0, 395.0, 393.0, 369.0, 382.0, 393.0, 424.0, 370.0, 391.0, 443.0, 377.0, 412.0, 361.0, 351.0, 375.0, 378.0, 362.0, 373.0, 357.0, 428.0, 426.0, 370.0, 431.0, 401.0, 376.0, 407.0, 388.0, 406.0, 390.0, 432.0, 439.0, 356.0, 396.0, 340.0, 368.0, 379.0, 418.0, 390.0, 360.0, 345.0, 404.0, 371.0, 392.0, 378.0, 337.0, 430.0, 382.0]
Noised Result
[-2025.6443877985926, -1050.8456399125587, -954.0101323778022, -2088.076675118257, -1966.767656183556, -1358.4026388251057, -1707.0500372865138, -1705.2682096409308, -1772.1991693401224, -1944.842689627595, -1830.7078594819827, -1846.1423641308575, -2235.1099509878686, -1788.962385739023, -1737.1165124022482, -2219.6819110440947, -1665.0560969259889, -2200.417037112519, -1798.7868751456544, -3074.260480725474, -1957.2319704136944, -2294.6928257554387, -1964.3391277118826, -1911.2118653653692, -1306.0453745197792, -1515.5675247693473, -2204.1748628189857, -1764.9318477109805, -1923.6609491459863, -1904.7498143571543, -1974.0695291640795, -1984.2270458842763, -1842.2972986969376, -1881.4557757609555, -1511.1218748736997, -968.5127114709262, -1896.9865634783418, -1611.3274119341593, -1032.8563655013145, -1107.2088182176872, -1831.9698995796057, -1938.6747802356772, -2062.339963807409, -2071.302200283086, -1752.473608466955, -1864.6351068920749, -1725.5419805610932, -1026.1510731881767, -1743.6717880835477, -982.0529736065737]
Time
3.846203565597534
The result for the 4th execution is
Query Result
[331.0, 355.0, 407.0, 396.0, 395.0, 393.0, 369.0, 382.0, 393.0, 424.0, 370.0, 391.0, 443.0, 377.0, 412.0, 361.0, 351.0, 375.0, 378.0, 362.0, 373.0, 357.0, 428.0, 426.0, 370.0, 431.0, 401.0, 376.0, 407.0, 388.0, 406.0, 390.0, 432.0, 439.0, 356.0, 396.0, 340.0, 368.0, 379.0, 418.0, 390.0, 360.0, 345.0, 404.0, 371.0, 392.0, 378.0, 337.0, 430.0, 382.0]
Noised Result
[-1795.2595765091655, -1345.3764538724606, -2094.534767846112, -2101.273959007622, -1832.089281117027, -1862.9480736767814, -1857.171656715017, -2305.4017708060933, -2583.9594810296453, -1822.7492982377612, -1839.377188836655, -1892.2487263080816, -1988.3848000441462, -1969.0191734709665, -1775.2972936283104, -2050.29777635151, -1970.6249434641954, -1316.0183100825543, -1983.6417793315268, -1806.2749810881473, -2297.8083211078915, -1277.8803552270233, -2321.786906443579, -1496.0305308373552, -2291.123363796944, -2047.7465740677699, -1854.6598279892146, -1831.6767572027102, -1664.102169274642, -1690.5797985426127, -1692.5520840841357, -1727.9590715441793, -2276.923214430096, -1634.4633199089114, -1843.3739042710295, -1875.3928580906413, -2033.6087918531452, -2921.912799596922, -1633.9684293667506, -1899.6377272261811, -1670.1920012990986, -1717.5624186704608, -2133.068046244729, -2433.182561931436, -1705.2770840286, -1764.6705445830598, -1753.3283702624506, -1825.909913260159, -2110.567439929063, -1895.0035302013803]
Time
4.018253326416016
The result for the 5th execution is
Query Result
[331.0, 355.0, 407.0, 396.0, 395.0, 393.0, 369.0, 382.0, 393.0, 424.0, 370.0, 391.0, 443.0, 377.0, 412.0, 361.0, 351.0, 375.0, 378.0, 362.0, 373.0, 357.0, 428.0, 426.0, 370.0, 431.0, 401.0, 376.0, 407.0, 388.0, 406.0, 390.0, 432.0, 439.0, 356.0, 396.0, 340.0, 368.0, 379.0, 418.0, 390.0, 360.0, 345.0, 404.0, 371.0, 392.0, 378.0, 337.0, 430.0, 382.0]
Noised Result
[-2099.774898283492, -2144.809704281809, -1999.8307892253752, -2012.9983762189017, -1976.3661682392208, -2000.0702030888428, -1514.2246944970561, -1722.9401836408638, -1753.7904814446456, -2473.1734349214335, -2213.439381069471, -1773.9047578518648, -2384.4314964718283, -1664.445495825881, -1887.5944910666103, -1706.5025195506582, -2090.528386602872, -1751.399827007325, -1520.0835233987007, -1919.444366171951, -1704.6053023128313, -1688.8555076543328, -2039.8963525712875, -2097.039393881853, -2034.4329020782734, -1504.3174851269291, -1847.3907653524834, -2085.932088488201, -1539.1525591373866, -1721.8680618995743, -1789.7619563140152, -2042.0765053413497, -1871.5589304020987, -1659.8181248293565, -1530.2314375182982, -1522.2882765934432, -1456.3342773102415, -1830.7938201092547, -1509.1082986814733, -2053.099604069867, -1127.235930480657, -1768.3765818166698, -2173.91364163249, -1844.05232325103, -1718.9433477417301, -2162.6212254813076, -2322.5421462234576, -1971.0170514264018, -1956.5831297152513, -1295.2201032791968]
Time
3.91576886177063
The result for the 6th execution is
Query Result
[331.0, 355.0, 407.0, 396.0, 395.0, 393.0, 369.0, 382.0, 393.0, 424.0, 370.0, 391.0, 443.0, 377.0, 412.0, 361.0, 351.0, 375.0, 378.0, 362.0, 373.0, 357.0, 428.0, 426.0, 370.0, 431.0, 401.0, 376.0, 407.0, 388.0, 406.0, 390.0, 432.0, 439.0, 356.0, 396.0, 340.0, 368.0, 379.0, 418.0, 390.0, 360.0, 345.0, 404.0, 371.0, 392.0, 378.0, 337.0, 430.0, 382.0]
Noised Result
[-2360.101448733808, -1831.1516475163926, -1932.5975250558245, -1864.3094224488573, -1737.2305290383902, -1696.1358550667, -1468.9763636913651, -1819.0674275944011, -1663.0014940835854, -1929.087809525664, -2043.2724780102621, -1829.142621202146, -1857.1226215787187, -1492.2311978466203, -1688.5704538171863, -1794.7860944943577, -1960.4781605369753, -1491.5502260381404, -1733.0502330052047, -1691.4403752590854, -2191.0206643216275, -1889.6261660244772, -1718.9390141186757, -1938.4808159051777, -1702.5781436200812, -1825.786391822318, -1784.3180100453956, -1552.2581219723997, -1945.0283566418293, -2117.770011334748, -2051.6529561056873, -2320.6051799360685, -779.3229360816131, -1662.0272029603914, -2016.6432638968317, -1745.0082011706777, -1986.600960737459, -2245.2323822940066, -1748.567645439814, -1337.5091623526082, -1787.3799327262595, -1786.9912739862261, -1848.280719556417, -1781.7489037828232, -1564.072518708671, -2122.757101010182, -1941.8510984115323, -1689.1170953432172, -1793.0691561000972, -1895.6488256843481]
Time
3.8339035511016846
The result for the 7th execution is
Query Result
[331.0, 355.0, 407.0, 396.0, 395.0, 393.0, 369.0, 382.0, 393.0, 424.0, 370.0, 391.0, 443.0, 377.0, 412.0, 361.0, 351.0, 375.0, 378.0, 362.0, 373.0, 357.0, 428.0, 426.0, 370.0, 431.0, 401.0, 376.0, 407.0, 388.0, 406.0, 390.0, 432.0, 439.0, 356.0, 396.0, 340.0, 368.0, 379.0, 418.0, 390.0, 360.0, 345.0, 404.0, 371.0, 392.0, 378.0, 337.0, 430.0, 382.0]
Noised Result
[-1633.8751097231502, -1662.8276251443983, -1282.0366996553566, -1261.289770900054, -2094.5418633735753, -1082.33170546058, -2855.9350067845767, -1532.8100845342656, -2202.493226364215, -1780.7962063826726, -1384.9911935451714, -1755.6106538214026, -1824.012198917545, -1474.6353505464901, -1959.192027308351, -2305.092989853386, -1767.8029772394802, -1956.914469120688, -2152.0364810641227, -1553.7151672938796, -1944.616376729, -1853.5960822962884, -1824.0667809300703, -1733.7413975155355, -1737.3017455775928, -1801.6380747511125, -2421.1295827412364, -1766.46079257656, -2066.4834324175727, -1900.1387466438882, -1899.4127645568096, -1278.9423810542953, -1904.0707529852493, -1636.665300419131, -1870.5396600226054, -1860.0602892942939, -1382.3644463217076, -2554.9194628467403, -1653.6102452318612, -1633.4807361186906, -1626.62269494257, -1844.9235660436216, -3066.097633828418, -2050.2589856257123, -1928.184965062314, -1724.8989277383816, -1693.556951301878, -1884.5388724485665, -1914.2814456984574, -1856.3430943829417]
Time
3.990739345550537
The result for the 8th execution is
Query Result
[331.0, 355.0, 407.0, 396.0, 395.0, 393.0, 369.0, 382.0, 393.0, 424.0, 370.0, 391.0, 443.0, 377.0, 412.0, 361.0, 351.0, 375.0, 378.0, 362.0, 373.0, 357.0, 428.0, 426.0, 370.0, 431.0, 401.0, 376.0, 407.0, 388.0, 406.0, 390.0, 432.0, 439.0, 356.0, 396.0, 340.0, 368.0, 379.0, 418.0, 390.0, 360.0, 345.0, 404.0, 371.0, 392.0, 378.0, 337.0, 430.0, 382.0]
Noised Result
[-1360.3247543881303, -1940.924227808906, -1841.4262778736947, -2367.8331481559503, -1535.0798350088937, -1449.6210017289654, -1826.5332563137608, -2931.65839367245, -1847.842699184676, -1847.7009936245222, -1711.9571363456319, -1379.6369912719997, -1822.0311382134137, -1425.9847316815274, -2049.3690669003527, -1936.1759693251888, -1786.5277011152484, -1677.1154724932408, -2199.2943021662477, -1156.073881325819, -1663.973177487124, -1439.9976179546863, -2105.2446573879283, -1998.4112138525875, -2259.817325852009, -1691.5352503592817, -1651.656524989909, -1864.5392517689252, -1842.9295260877448, -1729.894193254647, -2596.8101320304872, -1671.432640561342, -1860.6404043531002, -2410.3026242689775, -1533.1645989538663, -1842.7038695603137, -1781.8480393574278, -2236.654751722348, -1828.8425743601856, -1767.8085097596777, -1572.8241042154839, -2132.053719421523, -1589.41080509473, -1885.4342249462225, -1742.3049692985894, -1379.3669365640635, -918.3409075970844, -1858.8106251362492, -1549.1075956034795, -1926.7046723779185]
Time
3.804027795791626
The result for the 9th execution is
Query Result
[331.0, 355.0, 407.0, 396.0, 395.0, 393.0, 369.0, 382.0, 393.0, 424.0, 370.0, 391.0, 443.0, 377.0, 412.0, 361.0, 351.0, 375.0, 378.0, 362.0, 373.0, 357.0, 428.0, 426.0, 370.0, 431.0, 401.0, 376.0, 407.0, 388.0, 406.0, 390.0, 432.0, 439.0, 356.0, 396.0, 340.0, 368.0, 379.0, 418.0, 390.0, 360.0, 345.0, 404.0, 371.0, 392.0, 378.0, 337.0, 430.0, 382.0]
Noised Result
[-1985.7008572530417, -1754.7051552234425, -1995.627208505175, -620.0727837195975, -1847.037720590527, -1687.576109062651, -1965.4521690883798, -1761.1919967710369, -1790.8382004180767, -1937.0559403809552, -2004.0435946120137, -1826.2029018505714, -1625.7836848337413, -2171.488038116323, -1910.3468499268356, -1074.5460817034107, -2431.349653237635, -1933.1619653052308, -1669.0980905860965, -2222.463688949859, -1525.987147064067, -981.2134340852626, -1467.5900121363889, -1898.8532870325944, -2538.283997364457, -1696.686457602151, -1357.2729360297035, -1670.7510988254417, -2641.2877310026324, -1300.4088920653028, -1875.3980074838555, -1698.4836550580214, -1100.98740279794, -1763.5517406135104, -1964.0510574705595, -1513.623559835355, -1250.476173034584, -1653.6858043309308, -1333.554478748832, -1564.2410740579328, -1799.875945919081, -1765.2948874697986, -2003.4415182297034, -1396.3288248100666, -1981.2280677972103, -734.0009018124726, -1567.3001140351712, -1329.6162592016399, -1815.2011615945362, -2335.895222296449]
Time
3.94179105758667
The result for the 10th execution is
Query Result
[331.0, 355.0, 407.0, 396.0, 395.0, 393.0, 369.0, 382.0, 393.0, 424.0, 370.0, 391.0, 443.0, 377.0, 412.0, 361.0, 351.0, 375.0, 378.0, 362.0, 373.0, 357.0, 428.0, 426.0, 370.0, 431.0, 401.0, 376.0, 407.0, 388.0, 406.0, 390.0, 432.0, 439.0, 356.0, 396.0, 340.0, 368.0, 379.0, 418.0, 390.0, 360.0, 345.0, 404.0, 371.0, 392.0, 378.0, 337.0, 430.0, 382.0]
Noised Result
[-1630.188083069129, -1876.5084415364831, -1612.4007799669628, -2709.478626171371, -1665.4289238551069, -1723.1620265251254, -1647.7472968230643, -1747.3143846578723, -2666.506915983586, -1749.1219477737345, -1597.3542155392427, -1863.7597133379636, -2072.9768754549077, -1683.2136793137988, -1824.9848373410464, -1879.2583554958678, -1871.9810627591492, -1429.954837793166, -1723.859522358266, -1693.4536416011413, -2078.7015809077225, -2170.079017824867, -1756.6071458217948, -1479.3711567887817, -2227.1795518886224, -1231.5659761608906, -2114.215649427875, -1815.2304429400083, -1271.8917543376301, -1796.1097916728913, -1271.348770486307, -2159.0166786047434, -2155.863711601756, -1795.475998759538, -1785.050680207778, -1922.6982340483914, -1854.8629531100578, -1787.178138503191, -2929.5271673260486, -2119.4281580231527, -2578.3531948967284, -1857.7436763715973, -2396.504211637438, -1597.5872904188275, -1790.09093960668, -1718.2524286658706, -2161.9258778734097, -1668.355744987693, -1878.9936238872024, -1171.8433114611385]
Time
3.8435206413269043
The result for the 11th execution is
Query Result
[331.0, 355.0, 407.0, 396.0, 395.0, 393.0, 369.0, 382.0, 393.0, 424.0, 370.0, 391.0, 443.0, 377.0, 412.0, 361.0, 351.0, 375.0, 378.0, 362.0, 373.0, 357.0, 428.0, 426.0, 370.0, 431.0, 401.0, 376.0, 407.0, 388.0, 406.0, 390.0, 432.0, 439.0, 356.0, 396.0, 340.0, 368.0, 379.0, 418.0, 390.0, 360.0, 345.0, 404.0, 371.0, 392.0, 378.0, 337.0, 430.0, 382.0]
Noised Result
[-1932.6705284431227, -1910.4958446628339, -1198.4502115241658, -1955.5178254101247, -1076.6532143015716, -1797.3966271432091, -1952.8398656354007, -1787.8909477019138, -1831.1421276101423, -1755.2918084298408, -1558.304416643615, -1675.1960742524097, -1484.3864600574036, -1677.3305542388653, -1715.6813193632058, -1692.8969675978797, -1680.5058215324682, -2236.0602515601904, -1942.2791075408695, -2247.6838608585304, -1859.3291950650778, -1965.8096520020044, -1390.4190473400183, -1455.7418498403388, -1760.4884663486332, -1868.197820747564, -2088.8723795868145, -1759.4274892222359, -1819.441014546092, -1938.7727051726933, -1629.2293442415005, -1837.902374302635, -2676.771988829836, -1724.596150966967, -1958.371054644374, -1598.8812315569398, -2052.923966862304, -2122.176762340438, -1944.0284051877625, -746.1801249433915, -1951.1312528798503, -2269.069842081135, -1904.18599758229, -1427.7035926736135, -1578.5388615769602, -1691.3556837693905, -1935.457250832881, -1481.7266412035347, -1406.7143092196068, -1241.056130663049]
Time
3.946697235107422
The result for the 12th execution is
Query Result
[331.0, 355.0, 407.0, 396.0, 395.0, 393.0, 369.0, 382.0, 393.0, 424.0, 370.0, 391.0, 443.0, 377.0, 412.0, 361.0, 351.0, 375.0, 378.0, 362.0, 373.0, 357.0, 428.0, 426.0, 370.0, 431.0, 401.0, 376.0, 407.0, 388.0, 406.0, 390.0, 432.0, 439.0, 356.0, 396.0, 340.0, 368.0, 379.0, 418.0, 390.0, 360.0, 345.0, 404.0, 371.0, 392.0, 378.0, 337.0, 430.0, 382.0]
Noised Result
[-1717.5225427027494, -1877.547183226192, -2173.08589856925, -1731.6438149519242, -1676.9266797025527, -1324.97016174341, -1395.0312696057274, -2137.3845109237363, -1795.6197483818037, -1770.053298099423, -1823.8110496080985, -1915.4836234897598, -1618.7422714031559, -977.9293772405294, -1672.8311360474763, -2557.3623522641674, -1543.5917565044979, -1418.7192304164657, -1884.3139223204867, -728.2909191290253, -1646.7000908998775, -1824.7555240096199, -1974.0112574715213, -1729.403045115926, -2113.575942762896, -1731.4421116627036, -2009.4235104266559, -1434.1008907423225, -1773.4680302410902, -1361.5116191821896, -1559.45366142354, -1432.1694848314955, -1509.2956506655846, -1867.5466220896565, -2041.5044230050835, -1443.3155181784746, -1245.6553873788594, -1583.0437761440767, -2200.2839534332425, -2684.318651475118, -1317.57034454336, -1880.213892762135, -1595.3513752980164, -1931.7806328947863, -1941.3424733371107, -2451.0859441651205, -1608.397528913602, -1728.991047635519, -1770.106585714639, -2080.682625805664]
Time
3.8860318660736084
The result for the 13th execution is
Query Result
[331.0, 355.0, 407.0, 396.0, 395.0, 393.0, 369.0, 382.0, 393.0, 424.0, 370.0, 391.0, 443.0, 377.0, 412.0, 361.0, 351.0, 375.0, 378.0, 362.0, 373.0, 357.0, 428.0, 426.0, 370.0, 431.0, 401.0, 376.0, 407.0, 388.0, 406.0, 390.0, 432.0, 439.0, 356.0, 396.0, 340.0, 368.0, 379.0, 418.0, 390.0, 360.0, 345.0, 404.0, 371.0, 392.0, 378.0, 337.0, 430.0, 382.0]
Noised Result
[-1838.0335989066812, -2404.290927385976, -1960.0589248385909, -1868.6085825896785, -2305.6210350784368, -1719.3296615463425, -1151.236900090636, -2744.4406872891236, -924.5171425552289, -1635.5900371674668, -1850.9127044410052, -1813.5833770664717, -1805.4779480190186, -1954.8113805655412, -2243.2516098851106, -2059.2290682662488, -1381.1953393049416, -1741.4364391514644, -1791.524328844695, -1957.665917715131, -1829.1684673409877, -1769.4982002449105, -1624.9703278132154, -1872.3980831893837, -1744.9351943714678, -1872.8804859188099, -1415.5262287213359, -1947.9977283404132, -1401.7831719085896, -1643.9991107001035, -2277.100694637023, -2100.232097153645, -1676.5464902433453, -1901.7844203871537, -1785.154027784788, -823.9380472649837, -1819.9017291867658, -1887.7122901407242, -1462.6544183084259, -1748.499193922266, -1643.5865764965222, -1457.235696217444, -1334.75366426169, -1786.6647271910697, -1837.0673418349065, -1952.2632072237952, -2162.9553974604005, -2064.1603654054757, -1430.0299262640183, -1914.4960003185133]
Time
3.8428802490234375
The result for the 14th execution is
Query Result
[331.0, 355.0, 407.0, 396.0, 395.0, 393.0, 369.0, 382.0, 393.0, 424.0, 370.0, 391.0, 443.0, 377.0, 412.0, 361.0, 351.0, 375.0, 378.0, 362.0, 373.0, 357.0, 428.0, 426.0, 370.0, 431.0, 401.0, 376.0, 407.0, 388.0, 406.0, 390.0, 432.0, 439.0, 356.0, 396.0, 340.0, 368.0, 379.0, 418.0, 390.0, 360.0, 345.0, 404.0, 371.0, 392.0, 378.0, 337.0, 430.0, 382.0]
Noised Result
[-1814.5394386695111, -1246.0392093808132, -1849.3048932841089, -1725.0827504291055, -1464.1805762656438, -1752.405263342674, -1773.3348629986876, -1817.3292990739292, -1639.0452912326812, -2775.5154490232912, -1789.7983290128836, -1614.4254153028105, -1848.2900231552971, -1671.7599019748966, -1852.3234017798363, -1741.4862068400505, -1925.9790697833396, -1966.8884273718286, -1751.9788044856123, -1848.6375950077136, -1588.862585438353, -2343.743995311458, 61.89732740862473, -1919.64077056626, -1869.1407539929837, -1785.150438892511, -1834.4546091623984, -1698.0659984693962, -1777.1563196524571, -2334.6324607663587, -2310.074959939121, -1708.4496627733595, -1426.467673236687, -1683.214458946185, -1394.260843242718, -1481.8374260909568, -1765.3026154652891, -1683.7361685865626, -2040.6968073639077, -1769.5973441468227, -1976.4228995682574, -1560.9300016324983, -1723.79112921361, -1843.3212594384786, -1756.1750784489477, -1871.1040270000472, -1590.7600472809218, -1878.7183025306003, -792.4154604542698, -1885.521941284575]
Time
3.922429084777832
The result for the 15th execution is
Query Result
[331.0, 355.0, 407.0, 396.0, 395.0, 393.0, 369.0, 382.0, 393.0, 424.0, 370.0, 391.0, 443.0, 377.0, 412.0, 361.0, 351.0, 375.0, 378.0, 362.0, 373.0, 357.0, 428.0, 426.0, 370.0, 431.0, 401.0, 376.0, 407.0, 388.0, 406.0, 390.0, 432.0, 439.0, 356.0, 396.0, 340.0, 368.0, 379.0, 418.0, 390.0, 360.0, 345.0, 404.0, 371.0, 392.0, 378.0, 337.0, 430.0, 382.0]
Noised Result
[-1767.9793847482238, -1146.2757921027237, -1495.491927114234, -2251.1609651431695, -2226.55187341, -1663.5363613872653, -1332.952198131024, -1726.2951120841317, -1775.8532865033526, -1880.1539314396082, -2402.6606808120914, -2436.356159217295, -1976.7398231668863, -1650.3669440314177, -2086.9786505645175, -2462.499793766886, -1643.0724807134154, -1882.4756119285043, -1890.7685670563765, -1787.3478315686698, -2055.471367875652, -2061.812008901131, -1510.9290432459193, -1797.8480432828396, -1587.861563620702, -1739.601055630926, -1553.334060686206, -2084.371039390968, -1847.0084682032675, -2040.7717201352307, -2018.2162371452296, -1901.8398321574027, -2122.052704760825, -2260.285534175894, -1697.1767061043238, -2279.67223723295, -1956.2481110310068, -1240.8899585051074, -1820.8952453470774, -1580.1978590273825, -1823.0434363321947, -1641.7369478485884, -1890.5260723542592, -1937.0411573774932, -1694.2193471049568, -1542.4638160185968, -2171.2620822553918, -1814.0396521088483, -1786.1062000484517, -1702.3673692548723]
Time
3.84210205078125
The result for the 16th execution is
Query Result
[331.0, 355.0, 407.0, 396.0, 395.0, 393.0, 369.0, 382.0, 393.0, 424.0, 370.0, 391.0, 443.0, 377.0, 412.0, 361.0, 351.0, 375.0, 378.0, 362.0, 373.0, 357.0, 428.0, 426.0, 370.0, 431.0, 401.0, 376.0, 407.0, 388.0, 406.0, 390.0, 432.0, 439.0, 356.0, 396.0, 340.0, 368.0, 379.0, 418.0, 390.0, 360.0, 345.0, 404.0, 371.0, 392.0, 378.0, 337.0, 430.0, 382.0]
Noised Result
[-1922.01565261098, -2042.756799170921, -1881.6143866314746, -1835.19196881395, -2033.8688301255497, -1805.878967451656, -1467.942456735398, -1796.6421521897146, -2067.9468855118694, -2093.363374446556, -2033.4156509748573, -1343.8552772484036, -1918.9414874402182, -1128.8088145647707, -1948.8449553544451, -1786.8704748891018, -1111.0673567704994, -1902.063119760247, -1952.4136862252644, -1862.805596542481, -1976.3744929285504, -1599.7159173168695, -2017.9882067416734, -1934.4424125924807, -1780.9932457635005, -2082.216577438077, -1836.0567706101028, -1927.0009095335404, -2165.0516919837764, -2245.211780367839, -1320.2103343562153, -1304.485648647413, -1617.4078173371997, -1734.7832305512097, -1921.2745165324463, -1699.9833587165422, -1976.69121246226, -1921.5700648680995, -1821.112595243791, -1902.623692328506, -1682.3220926118297, -1819.4922414021253, -2105.1559732917067, -1756.9470013394052, -1290.8214008981831, -1847.140551728669, -1375.0575000005915, -1805.2166867187552, -1796.6174834710255, -1980.5508180322577]
Time
3.686284303665161
The result for the 17th execution is
Query Result
[331.0, 355.0, 407.0, 396.0, 395.0, 393.0, 369.0, 382.0, 393.0, 424.0, 370.0, 391.0, 443.0, 377.0, 412.0, 361.0, 351.0, 375.0, 378.0, 362.0, 373.0, 357.0, 428.0, 426.0, 370.0, 431.0, 401.0, 376.0, 407.0, 388.0, 406.0, 390.0, 432.0, 439.0, 356.0, 396.0, 340.0, 368.0, 379.0, 418.0, 390.0, 360.0, 345.0, 404.0, 371.0, 392.0, 378.0, 337.0, 430.0, 382.0]
Noised Result
[-1876.1528197925, -1779.3495398530285, -1813.7410186844113, -2003.4472611587785, -1517.410555319796, -2190.2637671100006, -2180.8787331922686, -2337.891016035881, -2163.953663961577, -2436.6894750155443, -1849.3160955491162, -1905.6954304234328, -1963.5383053536343, -1815.3938393499593, -875.5100227309345, -2212.512559224658, -1944.3250702749947, -2150.2786217444336, -1863.9998483029917, -1994.7239764981446, -1579.9860170019813, -1830.0533527430116, -1270.3056680327713, -1758.3157729687946, -2171.823111759162, -1925.8519335028104, -1357.9327731584544, -1762.1057024140036, -1871.9980786340598, -2693.797248614814, -1706.5371807461952, -1534.5017059766337, -1896.6572831860217, -1559.4333365673924, -1540.2357374838832, -1754.707970251785, -1740.5476496372553, -1858.6566016525426, -1521.4878015569138, -1741.5168345458433, -1351.5168035664851, -1801.162866358065, -1660.501324855466, -1680.2400936761262, -1822.0180893368833, -1971.9000873069158, -1787.500378447438, -1521.7501509432873, -1928.5422138331437, -1523.7886278472304]
Time
3.9527673721313477
The result for the 18th execution is
Query Result
[331.0, 355.0, 407.0, 396.0, 395.0, 393.0, 369.0, 382.0, 393.0, 424.0, 370.0, 391.0, 443.0, 377.0, 412.0, 361.0, 351.0, 375.0, 378.0, 362.0, 373.0, 357.0, 428.0, 426.0, 370.0, 431.0, 401.0, 376.0, 407.0, 388.0, 406.0, 390.0, 432.0, 439.0, 356.0, 396.0, 340.0, 368.0, 379.0, 418.0, 390.0, 360.0, 345.0, 404.0, 371.0, 392.0, 378.0, 337.0, 430.0, 382.0]
Noised Result
[-1731.8866191378377, -1724.5058598812634, -1761.977907636328, -1921.328200382275, -2302.6321098261005, -1652.0635531409525, -1346.2173343168297, -1754.9577101290538, -1812.7987191752632, -1769.1264029253011, -1893.3409677161776, -1842.220264707542, -2016.9068918938383, -1008.6778268643598, -1537.9812603870027, -1856.4936455943166, -2322.8767704839765, -1974.36538780531, -1853.7615929438066, -1845.9390601244613, -941.7328959203537, -1714.351820768004, -1925.2619564027295, -1759.2852281069195, -1815.9655407521977, -1435.149734724426, -1744.0311890976323, -2276.188967859995, -1863.031460458757, -1832.7118990934155, -2052.4511038363057, -1716.5534072172645, -2073.83309534199, -2300.198421181637, -1767.6829703066715, -1809.429968596627, -1809.5020037290337, -1734.2527702730129, -1789.130800024156, -2221.530014436442, -1479.6916782142114, -1991.9562419649778, -1828.3822872040455, -1693.9797954149801, -1456.7368298671063, -1682.9123402924995, -1723.9421517831036, -1374.1985760046186, -1807.4762507826003, -1360.76818838169]
Time
3.7600038051605225
The result for the 19th execution is
Query Result
[331.0, 355.0, 407.0, 396.0, 395.0, 393.0, 369.0, 382.0, 393.0, 424.0, 370.0, 391.0, 443.0, 377.0, 412.0, 361.0, 351.0, 375.0, 378.0, 362.0, 373.0, 357.0, 428.0, 426.0, 370.0, 431.0, 401.0, 376.0, 407.0, 388.0, 406.0, 390.0, 432.0, 439.0, 356.0, 396.0, 340.0, 368.0, 379.0, 418.0, 390.0, 360.0, 345.0, 404.0, 371.0, 392.0, 378.0, 337.0, 430.0, 382.0]
Noised Result
[-1802.7853588526618, -1703.8088908229727, -1402.390624356155, -1703.800922228109, -1026.526225013265, -1182.010862179111, -2491.805023306474, -1886.9825893334942, -1816.217297829584, -1490.8751402621658, -1735.3981289269864, -1667.9089355488168, -1648.6485086173216, -1298.976699423553, -1702.3060294066988, -2054.003864750999, -1693.7864262771018, -1907.8862941704906, -2049.9223760946993, -1565.0432753306, -1952.7331758783462, -1874.6303940515277, -1446.8428767243286, -1582.9417398483922, -2256.5416792987444, -1897.5993063977844, -1802.0052406989616, -1939.5536196904523, -1385.111271054469, -1843.7839796399576, -1912.2168691413508, -1626.770730149513, -1581.1071047745752, -1831.4977498580015, -1650.5747793328642, -2080.5700743387347, -2294.4246628311157, -1911.564191228409, -2032.9157658252666, -1423.2627280893387, -1706.6343852984985, -1436.2068303477076, -1397.4278874148379, -1888.620745346816, -1742.4543548617594, -1342.8929803485378, -1892.9049491689093, -1804.1019212058354, -1182.59287132987, -1526.9978403190248]
Time
3.8397085666656494
