The result for the 0th execution is
Query Result
[1358439.084718401, 1407556.9956701063, 1383169.9489462902, 1409753.8339369057, 1370998.5062495982, 1407166.1414945156, 1377230.8921930033, 1416075.4834133065, 1403969.3356785085, 1429646.3416977944, 1448378.2563402941, 1366916.5869667006, 1460640.2277245112, 1391769.7357131937, 1360592.4208795847, 1343881.5992106015, 1388212.5081979004, 1387556.1243629032, 1385024.0045281847, 1380678.6354330936, 1420412.8906204992, 1410634.5404020143, 1413103.5836758967, 1401726.705590404, 1357956.8538855931]
Noised Result
[648403.3203624851, 598646.7859034564, 581996.4683093503, 605942.2418546565, 582006.6739729805, 833557.3468256814, 795083.4312651728, 582695.4406812543, 498459.34395696514, 686187.7209201059, 945385.148600711, 554576.8728451191, 734119.0718589488, 591467.8127019366, 671298.229715813, 724407.6326701951, 428963.83259848476, 577609.8974319699, 582421.5673818793, 559966.3968974544, 814611.9145832702, 487770.9026375578, 537549.8724443178, 608353.5191520647, 672765.054282992]
Time
13.287968397140503
The result for the 1th execution is
Query Result
[1358439.084718401, 1407556.9956701063, 1383169.9489462902, 1409753.8339369057, 1370998.5062495982, 1407166.1414945156, 1377230.8921930033, 1416075.4834133065, 1403969.3356785085, 1429646.3416977944, 1448378.2563402941, 1366916.5869667006, 1460640.2277245112, 1391769.7357131937, 1360592.4208795847, 1343881.5992106015, 1388212.5081979004, 1387556.1243629032, 1385024.0045281847, 1380678.6354330936, 1420412.8906204992, 1410634.5404020143, 1413103.5836758967, 1401726.705590404, 1357956.8538855931]
Noised Result
[584417.5917550712, 613268.7746175728, 694126.8065284223, 610813.9361781607, 607811.0603854867, 577593.7015266402, 640002.0590196733, 537524.2583536454, 622044.8305542275, 764270.9351790365, 630850.514605634, 572740.6791190625, 668377.1344418705, 640096.643243243, 466618.5851028777, 887461.2142889763, 740201.7475643313, 721206.3892674856, 690295.6690538516, 600717.634387503, 637451.215214084, 800041.2500052549, 446117.76128774346, 649146.064861186, 513885.9446574991]
Time
13.289291381835938
The result for the 2th execution is
Query Result
[1358439.084718401, 1407556.9956701063, 1383169.9489462902, 1409753.8339369057, 1370998.5062495982, 1407166.1414945156, 1377230.8921930033, 1416075.4834133065, 1403969.3356785085, 1429646.3416977944, 1448378.2563402941, 1366916.5869667006, 1460640.2277245112, 1391769.7357131937, 1360592.4208795847, 1343881.5992106015, 1388212.5081979004, 1387556.1243629032, 1385024.0045281847, 1380678.6354330936, 1420412.8906204992, 1410634.5404020143, 1413103.5836758967, 1401726.705590404, 1357956.8538855931]
Noised Result
[619498.5028406312, 580167.2145626843, 623755.9641148862, 667633.8341164294, 638289.9052742098, 587944.9266583718, 453840.31447559706, 648541.78248265, 857077.7111486518, 643647.5654323964, 736052.5772077774, 595076.4390320085, 765573.9445083347, 533571.9413578602, 585472.757884311, 560607.787700834, 550789.3155609473, 640677.3714108256, 772897.3631627412, 589244.7486395538, 618332.9276941903, 739130.4573727099, 594923.6175130063, 611306.6905331966, 682649.0117413837]
Time
13.583266496658325
The result for the 3th execution is
Query Result
[1358439.084718401, 1407556.9956701063, 1383169.9489462902, 1409753.8339369057, 1370998.5062495982, 1407166.1414945156, 1377230.8921930033, 1416075.4834133065, 1403969.3356785085, 1429646.3416977944, 1448378.2563402941, 1366916.5869667006, 1460640.2277245112, 1391769.7357131937, 1360592.4208795847, 1343881.5992106015, 1388212.5081979004, 1387556.1243629032, 1385024.0045281847, 1380678.6354330936, 1420412.8906204992, 1410634.5404020143, 1413103.5836758967, 1401726.705590404, 1357956.8538855931]
Noised Result
[574141.8192327024, 627506.7862211511, 527904.2059145822, 821917.7544073125, 598237.2150479023, 866781.2734978665, 526156.7617169787, 704668.1423906034, 610516.0519676403, 489805.6684230153, 698078.3759251225, 529467.069751812, 663664.8935844351, 602216.979844355, 430013.5096039289, 516298.4880962869, 677951.4204978315, 565194.6239707795, 524041.6784873931, 605847.0255747612, 668611.1294453087, 620310.8946950936, 540743.9976888644, 684169.2359291617, 441787.80491246696]
Time
13.374253988265991
The result for the 4th execution is
Query Result
[1358439.084718401, 1407556.9956701063, 1383169.9489462902, 1409753.8339369057, 1370998.5062495982, 1407166.1414945156, 1377230.8921930033, 1416075.4834133065, 1403969.3356785085, 1429646.3416977944, 1448378.2563402941, 1366916.5869667006, 1460640.2277245112, 1391769.7357131937, 1360592.4208795847, 1343881.5992106015, 1388212.5081979004, 1387556.1243629032, 1385024.0045281847, 1380678.6354330936, 1420412.8906204992, 1410634.5404020143, 1413103.5836758967, 1401726.705590404, 1357956.8538855931]
Noised Result
[528275.6240473932, 842954.8028840092, 396115.44255743094, 412828.45888890605, 639317.2971376484, 606991.657677823, 630395.9668721945, 725313.7834066751, 647968.5120170311, 659949.4578923503, 738193.8125217946, 862520.4201936165, 737949.5825656707, 758181.619753098, 665921.0520276949, 704252.7675958159, 695154.0172237563, 602684.9787535724, 626079.4302410437, 589400.8324253883, 793747.3285433489, 661466.644969429, 614133.512792362, 889743.3466207577, 780445.0106305381]
Time
13.3349130153656
The result for the 5th execution is
Query Result
[1358439.084718401, 1407556.9956701063, 1383169.9489462902, 1409753.8339369057, 1370998.5062495982, 1407166.1414945156, 1377230.8921930033, 1416075.4834133065, 1403969.3356785085, 1429646.3416977944, 1448378.2563402941, 1366916.5869667006, 1460640.2277245112, 1391769.7357131937, 1360592.4208795847, 1343881.5992106015, 1388212.5081979004, 1387556.1243629032, 1385024.0045281847, 1380678.6354330936, 1420412.8906204992, 1410634.5404020143, 1413103.5836758967, 1401726.705590404, 1357956.8538855931]
Noised Result
[587782.7620007357, 603230.0995571886, 492548.7061164955, 654831.7980899974, 552943.0239864739, 814698.8443347707, 557640.2166405028, 525368.6751923171, 626341.9796317854, 517949.159420455, 515585.3472398447, 590017.1104010266, 654888.6372902252, 540503.1798910159, 546917.1392097321, 543817.1179446953, 635043.2575750976, 602757.145916099, 605152.2824796828, 790636.0406666617, 901605.5407195727, 622452.4170868549, 796289.6985208179, 609700.397879608, 572704.1886881905]
Time
13.287215948104858
The result for the 6th execution is
Query Result
[1358439.084718401, 1407556.9956701063, 1383169.9489462902, 1409753.8339369057, 1370998.5062495982, 1407166.1414945156, 1377230.8921930033, 1416075.4834133065, 1403969.3356785085, 1429646.3416977944, 1448378.2563402941, 1366916.5869667006, 1460640.2277245112, 1391769.7357131937, 1360592.4208795847, 1343881.5992106015, 1388212.5081979004, 1387556.1243629032, 1385024.0045281847, 1380678.6354330936, 1420412.8906204992, 1410634.5404020143, 1413103.5836758967, 1401726.705590404, 1357956.8538855931]
Noised Result
[755287.2474856363, 670751.5219247736, 578354.9102198597, 631600.158864101, 549778.5317944001, 503219.621029549, 598339.8108222609, 408275.50136956945, 415285.50146457343, 722492.1726881029, 450023.90825222794, 605424.8264954838, 544080.3968361318, 622632.6836956064, 528509.647485263, 552856.0502226271, 783404.8169284501, 452589.9502738632, 525138.9185124306, 778383.9492043017, 553735.4691086675, 631381.9316673576, 721397.2046585492, 744517.4611275708, 512177.4056768089]
Time
13.308225631713867
The result for the 7th execution is
Query Result
[1358439.084718401, 1407556.9956701063, 1383169.9489462902, 1409753.8339369057, 1370998.5062495982, 1407166.1414945156, 1377230.8921930033, 1416075.4834133065, 1403969.3356785085, 1429646.3416977944, 1448378.2563402941, 1366916.5869667006, 1460640.2277245112, 1391769.7357131937, 1360592.4208795847, 1343881.5992106015, 1388212.5081979004, 1387556.1243629032, 1385024.0045281847, 1380678.6354330936, 1420412.8906204992, 1410634.5404020143, 1413103.5836758967, 1401726.705590404, 1357956.8538855931]
Noised Result
[558894.9124635516, 494026.7210048671, 551907.4203879836, 599270.1250753596, 773207.6361549203, 663495.6739759396, 571413.4012773144, 684398.4773663796, 599756.7893423814, 849984.425822262, 526220.8679630604, 429246.98270636523, 875539.1639101118, 581628.2039677608, 450337.4894322412, 504520.9293384047, 641990.4720635967, 698255.3918539837, 505447.03311919793, 536174.1452984945, 602675.0926629001, 680164.7058545502, 592497.467514885, 708915.0245315536, 489474.7053770651]
Time
13.229689121246338
The result for the 8th execution is
Query Result
[1358439.084718401, 1407556.9956701063, 1383169.9489462902, 1409753.8339369057, 1370998.5062495982, 1407166.1414945156, 1377230.8921930033, 1416075.4834133065, 1403969.3356785085, 1429646.3416977944, 1448378.2563402941, 1366916.5869667006, 1460640.2277245112, 1391769.7357131937, 1360592.4208795847, 1343881.5992106015, 1388212.5081979004, 1387556.1243629032, 1385024.0045281847, 1380678.6354330936, 1420412.8906204992, 1410634.5404020143, 1413103.5836758967, 1401726.705590404, 1357956.8538855931]
Noised Result
[511779.39057535876, 671633.0945934115, 566394.6027696704, 791661.1140512665, 508294.2290146437, 626819.1455870667, 569198.8062002144, 651184.7967884716, 485304.2109097159, 647219.1121513707, 659565.0827058267, 555250.2861411606, 703856.3448556645, 563048.2685954617, 419081.62683606846, 566274.3778847904, 738314.6579491054, 711808.1304937041, 648095.9007993706, 587413.9256467001, 607312.8237693915, 774408.2258741172, 903457.4540284988, 546455.195868528, 632794.8300747687]
Time
13.307856321334839
The result for the 9th execution is
Query Result
[1358439.084718401, 1407556.9956701063, 1383169.9489462902, 1409753.8339369057, 1370998.5062495982, 1407166.1414945156, 1377230.8921930033, 1416075.4834133065, 1403969.3356785085, 1429646.3416977944, 1448378.2563402941, 1366916.5869667006, 1460640.2277245112, 1391769.7357131937, 1360592.4208795847, 1343881.5992106015, 1388212.5081979004, 1387556.1243629032, 1385024.0045281847, 1380678.6354330936, 1420412.8906204992, 1410634.5404020143, 1413103.5836758967, 1401726.705590404, 1357956.8538855931]
Noised Result
[520554.5526989155, 697317.1528962852, 607099.1994569777, 592569.2914158565, 631605.8209245896, 511353.84069886175, 454118.2465068144, 478586.49642470106, 611037.492956144, 733926.472554358, 763548.326343444, 686075.4135962847, 582512.2282265312, 607793.8134057592, 710399.9370630046, 616988.3182886831, 651327.776496832, 619080.6534497412, 431028.570568535, 474225.1188711359, 646388.1306867924, 640300.4899898338, 836478.6707881723, 573599.1130410627, 508847.8911558781]
Time
13.161393404006958
The result for the 10th execution is
Query Result
[1358439.084718401, 1407556.9956701063, 1383169.9489462902, 1409753.8339369057, 1370998.5062495982, 1407166.1414945156, 1377230.8921930033, 1416075.4834133065, 1403969.3356785085, 1429646.3416977944, 1448378.2563402941, 1366916.5869667006, 1460640.2277245112, 1391769.7357131937, 1360592.4208795847, 1343881.5992106015, 1388212.5081979004, 1387556.1243629032, 1385024.0045281847, 1380678.6354330936, 1420412.8906204992, 1410634.5404020143, 1413103.5836758967, 1401726.705590404, 1357956.8538855931]
Noised Result
[555807.2475287446, 683119.2477103011, 602140.406279062, 597236.055451225, 565616.7618939872, 634512.6114207433, 596320.185522712, 916320.834199226, 539870.9199819338, 670648.6569273163, 671845.1600076027, 469130.09919489315, 763606.730522327, 602806.757943511, 576415.9115257037, 620949.6995077879, 596446.8872259526, 709159.5615547377, 587953.0221541133, 526212.9846880729, 621549.747739759, 649128.0111726334, 616045.1079145763, 621854.2583144376, 472762.18347451475]
Time
13.20079779624939
The result for the 11th execution is
Query Result
[1358439.084718401, 1407556.9956701063, 1383169.9489462902, 1409753.8339369057, 1370998.5062495982, 1407166.1414945156, 1377230.8921930033, 1416075.4834133065, 1403969.3356785085, 1429646.3416977944, 1448378.2563402941, 1366916.5869667006, 1460640.2277245112, 1391769.7357131937, 1360592.4208795847, 1343881.5992106015, 1388212.5081979004, 1387556.1243629032, 1385024.0045281847, 1380678.6354330936, 1420412.8906204992, 1410634.5404020143, 1413103.5836758967, 1401726.705590404, 1357956.8538855931]
Noised Result
[562002.1441923256, 597108.9166635685, 712247.2540616719, 682899.1357091002, 729382.9509162008, 624739.2787094829, 479760.1362486733, 714226.3763217556, 565420.7698050551, 550693.7687565936, 678940.5224352136, 574941.4922016871, 904246.4099850361, 591274.7736260351, 561776.9650471526, 554993.4753450707, 528527.0833297409, 508949.73911898787, 685918.1455174374, 465531.9957885329, 590998.6087172247, 772086.0637413745, 376318.4092914674, 491345.24084654986, 610827.6537069763]
Time
13.357384443283081
The result for the 12th execution is
Query Result
[1358439.084718401, 1407556.9956701063, 1383169.9489462902, 1409753.8339369057, 1370998.5062495982, 1407166.1414945156, 1377230.8921930033, 1416075.4834133065, 1403969.3356785085, 1429646.3416977944, 1448378.2563402941, 1366916.5869667006, 1460640.2277245112, 1391769.7357131937, 1360592.4208795847, 1343881.5992106015, 1388212.5081979004, 1387556.1243629032, 1385024.0045281847, 1380678.6354330936, 1420412.8906204992, 1410634.5404020143, 1413103.5836758967, 1401726.705590404, 1357956.8538855931]
Noised Result
[501084.27842609026, 604202.8962080594, 533608.0446795613, 671820.4884372111, 518257.09506508533, 801214.5905199868, 550900.2702233788, 501591.9458931503, 547865.7708437635, 583591.6213833271, 646943.6667099446, 698084.9437577043, 583119.6179230621, 605573.1159625526, 636149.7234732059, 436533.9271853238, 577268.122908171, 748910.25957894, 608048.0880002171, 586135.2131234625, 739676.5987719496, 666280.4582956907, 664785.7190863278, 469998.25835664885, 581222.7210668762]
Time
13.470529317855835
The result for the 13th execution is
Query Result
[1358439.084718401, 1407556.9956701063, 1383169.9489462902, 1409753.8339369057, 1370998.5062495982, 1407166.1414945156, 1377230.8921930033, 1416075.4834133065, 1403969.3356785085, 1429646.3416977944, 1448378.2563402941, 1366916.5869667006, 1460640.2277245112, 1391769.7357131937, 1360592.4208795847, 1343881.5992106015, 1388212.5081979004, 1387556.1243629032, 1385024.0045281847, 1380678.6354330936, 1420412.8906204992, 1410634.5404020143, 1413103.5836758967, 1401726.705590404, 1357956.8538855931]
Noised Result
[504790.0748777753, 462289.42614092096, 591507.7135186291, 593204.0699266513, 546221.5993960976, 575774.723406634, 598386.8311855686, 722615.6457571754, 652882.9629227056, 615952.379788681, 591492.2128765963, 425923.2473158534, 888073.7474841963, 504306.79266468936, 623381.4803472888, 1251051.6872551145, 688058.0039417202, 633586.9806121362, 627208.421006897, 756960.7151361469, 554389.780405008, 552145.0863705152, 566576.4456282929, 590562.9982569851, 568524.0949840609]
Time
13.233577251434326
The result for the 14th execution is
Query Result
[1358439.084718401, 1407556.9956701063, 1383169.9489462902, 1409753.8339369057, 1370998.5062495982, 1407166.1414945156, 1377230.8921930033, 1416075.4834133065, 1403969.3356785085, 1429646.3416977944, 1448378.2563402941, 1366916.5869667006, 1460640.2277245112, 1391769.7357131937, 1360592.4208795847, 1343881.5992106015, 1388212.5081979004, 1387556.1243629032, 1385024.0045281847, 1380678.6354330936, 1420412.8906204992, 1410634.5404020143, 1413103.5836758967, 1401726.705590404, 1357956.8538855931]
Noised Result
[584811.1043485946, 784456.5124222508, 390313.7700262014, 536928.8751623534, 533456.8129504523, 645096.8586657164, 422827.5238617505, 549860.459036127, 716132.268190255, 854479.234452039, 829623.6302095475, 493632.70930965093, 794873.3485822696, 753483.4448855234, 744477.883917934, 588625.8546488357, 652858.6965188013, 646661.6712331359, 713614.2487001852, 502561.24569905736, 592168.7912064693, 571658.5554870492, 664303.6199787884, 597620.2579040576, 668934.3779253215]
Time
13.344415426254272
The result for the 15th execution is
Query Result
[1358439.084718401, 1407556.9956701063, 1383169.9489462902, 1409753.8339369057, 1370998.5062495982, 1407166.1414945156, 1377230.8921930033, 1416075.4834133065, 1403969.3356785085, 1429646.3416977944, 1448378.2563402941, 1366916.5869667006, 1460640.2277245112, 1391769.7357131937, 1360592.4208795847, 1343881.5992106015, 1388212.5081979004, 1387556.1243629032, 1385024.0045281847, 1380678.6354330936, 1420412.8906204992, 1410634.5404020143, 1413103.5836758967, 1401726.705590404, 1357956.8538855931]
Noised Result
[466063.7909417897, 551935.0642189041, 600587.2761787955, 586173.7440779482, 496996.15781460004, 446821.26281699527, 594195.6151099636, 634405.1868042414, 616264.8987892292, 481535.6372225513, 614033.0052891447, 418154.66556276986, 730928.0967844715, 668289.2279410751, 511787.5448676801, 704653.1380473634, 694054.9435353198, 602207.3161556197, 413830.26396737463, 637957.6444880691, 455738.4145525289, 656328.7657100469, 648874.1038232008, 611915.5609040491, 571684.400999038]
Time
13.361274242401123
The result for the 16th execution is
Query Result
[1358439.084718401, 1407556.9956701063, 1383169.9489462902, 1409753.8339369057, 1370998.5062495982, 1407166.1414945156, 1377230.8921930033, 1416075.4834133065, 1403969.3356785085, 1429646.3416977944, 1448378.2563402941, 1366916.5869667006, 1460640.2277245112, 1391769.7357131937, 1360592.4208795847, 1343881.5992106015, 1388212.5081979004, 1387556.1243629032, 1385024.0045281847, 1380678.6354330936, 1420412.8906204992, 1410634.5404020143, 1413103.5836758967, 1401726.705590404, 1357956.8538855931]
Noised Result
[666481.8243552259, 661101.2461209927, 492839.6551722698, 794882.3335446261, 669349.77883385, 618629.1504606708, 555860.3770886366, 639112.2009457026, 442729.35759909614, 667578.87324777, 683284.5605908976, 774761.3222117925, 660027.6911424744, 492942.0521753775, 426431.78168403124, 531285.921940653, 640862.9942691185, 569728.5669554784, 659774.0357755397, 563519.6691097099, 807285.5325883067, 519156.38626527815, 545047.3174634493, 442146.6345839682, 572578.2913137479]
Time
13.468873023986816
The result for the 17th execution is
Query Result
[1358439.084718401, 1407556.9956701063, 1383169.9489462902, 1409753.8339369057, 1370998.5062495982, 1407166.1414945156, 1377230.8921930033, 1416075.4834133065, 1403969.3356785085, 1429646.3416977944, 1448378.2563402941, 1366916.5869667006, 1460640.2277245112, 1391769.7357131937, 1360592.4208795847, 1343881.5992106015, 1388212.5081979004, 1387556.1243629032, 1385024.0045281847, 1380678.6354330936, 1420412.8906204992, 1410634.5404020143, 1413103.5836758967, 1401726.705590404, 1357956.8538855931]
Noised Result
[500257.44320493867, 704961.9559998405, 420102.9229787169, 575998.4708110553, 746348.3295001113, 703815.3342726972, 583301.2277700384, 708421.5381013302, 752791.9357982934, 642176.5001521845, 631670.5305220333, 612801.4944427082, 507490.1606039202, 578148.5009976991, 555643.5807356975, 817266.7340078154, 668442.1249049199, 640528.5316408663, 680907.0575940764, 602989.3531997972, 642082.9642916032, 692559.4802783829, 681713.1065429655, 1007845.2918855576, 991069.278598442]
Time
13.366179943084717
The result for the 18th execution is
Query Result
[1358439.084718401, 1407556.9956701063, 1383169.9489462902, 1409753.8339369057, 1370998.5062495982, 1407166.1414945156, 1377230.8921930033, 1416075.4834133065, 1403969.3356785085, 1429646.3416977944, 1448378.2563402941, 1366916.5869667006, 1460640.2277245112, 1391769.7357131937, 1360592.4208795847, 1343881.5992106015, 1388212.5081979004, 1387556.1243629032, 1385024.0045281847, 1380678.6354330936, 1420412.8906204992, 1410634.5404020143, 1413103.5836758967, 1401726.705590404, 1357956.8538855931]
Noised Result
[756822.7129883708, 595344.9916854686, 713664.2579012425, 351809.30020871863, 574343.0422101512, 526302.2465217095, 397843.655533818, 574522.8967853505, 538930.3733646235, 662271.5808132241, 615476.3956359541, 842118.6963769826, 662451.3938109257, 620148.0758003964, 474151.8375826655, 578327.1928829576, 626831.2367964984, 526827.9685713018, 652020.1588803281, 557012.7425386029, 635077.3841877127, 667074.7618366412, 943243.8427168864, 590593.842288479, 510067.5151607699]
Time
13.358281373977661
The result for the 19th execution is
Query Result
[1358439.084718401, 1407556.9956701063, 1383169.9489462902, 1409753.8339369057, 1370998.5062495982, 1407166.1414945156, 1377230.8921930033, 1416075.4834133065, 1403969.3356785085, 1429646.3416977944, 1448378.2563402941, 1366916.5869667006, 1460640.2277245112, 1391769.7357131937, 1360592.4208795847, 1343881.5992106015, 1388212.5081979004, 1387556.1243629032, 1385024.0045281847, 1380678.6354330936, 1420412.8906204992, 1410634.5404020143, 1413103.5836758967, 1401726.705590404, 1357956.8538855931]
Noised Result
[539384.2736325447, 617955.2090751565, 598315.3995324617, 548703.1635608465, 763271.9109683034, 486039.51443663123, 792026.8168939631, 612513.866179057, 593843.2641587618, 669570.3875309868, 771371.4895923357, 483676.97338458546, 584455.2295330113, 599570.5378821037, 619167.1600008697, 500903.8257697434, 708775.8891087166, 650568.4444237441, 577735.8592105841, 534429.8114558149, 616983.8677745669, 762580.1427119763, 524173.6206539566, 562955.8538031749, 577760.300500683]
Time
13.324718236923218
