The result for the 0th execution is
Query Result
[1358439.084718401, 1407556.9956701063, 1383169.9489462902, 1409753.8339369057, 1370998.5062495982, 1407166.1414945156, 1377230.8921930033, 1416075.4834133065, 1403969.3356785085, 1429646.3416977944, 1448378.2563402941, 1366916.5869667006, 1460640.2277245112, 1391769.7357131937, 1360592.4208795847, 1343881.5992106015, 1388212.5081979004, 1387556.1243629032, 1385024.0045281847, 1380678.6354330936, 1420412.8906204992, 1410634.5404020143, 1413103.5836758967, 1401726.705590404, 1357956.8538855931]
Noised Result
[369.4534565415206, -1279.142156892588, -2310.8688045318977, -1338.9676527962174, -1682.8251049293258, -1054.2697191512307, -5114.004645012015, -2497.6755390502103, 769.2039193298042, -2503.333579268814, 444.97329284969965, -1310.5773647988017, 13238.800005768251, -1649.1733716583985, -945.301725937205, -1942.5978331669903, 1366.723807682809, 2130.9265495849104, -797.2453460075053, -1956.354344198684, -2127.698247102673, -730.2501326865804, -298.9944337890138, -1726.0319733769584, -352.296161790121]
Time
17.52307438850403
The result for the 1th execution is
Query Result
[1358439.084718401, 1407556.9956701063, 1383169.9489462902, 1409753.8339369057, 1370998.5062495982, 1407166.1414945156, 1377230.8921930033, 1416075.4834133065, 1403969.3356785085, 1429646.3416977944, 1448378.2563402941, 1366916.5869667006, 1460640.2277245112, 1391769.7357131937, 1360592.4208795847, 1343881.5992106015, 1388212.5081979004, 1387556.1243629032, 1385024.0045281847, 1380678.6354330936, 1420412.8906204992, 1410634.5404020143, 1413103.5836758967, 1401726.705590404, 1357956.8538855931]
Noised Result
[-1828.2039518352522, 44221.84826442617, 40971.205089763855, -2168.1668596051722, -2839.094860291212, -1223.1153989998184, -2829.6226354124356, -975.4592792334333, -1625.116234397521, 1809.6508398097603, 1931.6800247742212, -6323.768866333196, -1547.0517365558335, -1846.9143251665455, -1866.2323928495352, 3130.256232844138, 1841.9689743677636, -4998.924263283239, -1271.8172731799414, 21920.914500818064, 6792.144092445204, -1510.6285729961237, -910.3545555488572, -2727.5319413170073, -1678.4300306054065]
Time
17.461192846298218
The result for the 2th execution is
Query Result
[1358439.084718401, 1407556.9956701063, 1383169.9489462902, 1409753.8339369057, 1370998.5062495982, 1407166.1414945156, 1377230.8921930033, 1416075.4834133065, 1403969.3356785085, 1429646.3416977944, 1448378.2563402941, 1366916.5869667006, 1460640.2277245112, 1391769.7357131937, 1360592.4208795847, 1343881.5992106015, 1388212.5081979004, 1387556.1243629032, 1385024.0045281847, 1380678.6354330936, 1420412.8906204992, 1410634.5404020143, 1413103.5836758967, 1401726.705590404, 1357956.8538855931]
Noised Result
[-1590.274661364565, -1439.6510211146315, -1140.3060864667386, -1147.7732860618844, -25.844187140617578, -1377.9893736248005, -2576.9881829707783, 3758.1041539299767, -1774.97254155864, -1384.6524896768642, 47594.6506524703, -1195.5838908719252, -2043.4675224567573, -2133.5891665243425, -2330.6886489512044, -2111.629468324487, -1313.423208686002, -1902.8462470127297, -3188.13562124445, -1025.5897259289432, -2182.2267311405594, 24069.722212100227, -1520.6495563312965, -837.6434592046485, 50726.283084312774]
Time
16.948593854904175
The result for the 3th execution is
Query Result
[1358439.084718401, 1407556.9956701063, 1383169.9489462902, 1409753.8339369057, 1370998.5062495982, 1407166.1414945156, 1377230.8921930033, 1416075.4834133065, 1403969.3356785085, 1429646.3416977944, 1448378.2563402941, 1366916.5869667006, 1460640.2277245112, 1391769.7357131937, 1360592.4208795847, 1343881.5992106015, 1388212.5081979004, 1387556.1243629032, 1385024.0045281847, 1380678.6354330936, 1420412.8906204992, 1410634.5404020143, 1413103.5836758967, 1401726.705590404, 1357956.8538855931]
Noised Result
[-2561.7604143271774, -1658.1651926782506, -909.4262029117299, -1469.446065844053, -1662.6685819033119, -1671.1009624970457, -2540.582243013385, -1309.9378439657294, -1734.3146563413184, -1436.5066099303767, -1546.5843134019105, -1643.7521512414196, -1760.982624500436, -1532.8366762131018, -1669.0357268769985, -2273.1368476861253, 240747.7776812449, -3668.6946341515013, -2263.267281151847, 936.2386100332478, -2157.7221105064946, -1388.472234237357, -1341.5589994113843, -1354.1393233151466, -1726.7350816454618]
Time
17.290719747543335
The result for the 4th execution is
Query Result
[1358439.084718401, 1407556.9956701063, 1383169.9489462902, 1409753.8339369057, 1370998.5062495982, 1407166.1414945156, 1377230.8921930033, 1416075.4834133065, 1403969.3356785085, 1429646.3416977944, 1448378.2563402941, 1366916.5869667006, 1460640.2277245112, 1391769.7357131937, 1360592.4208795847, 1343881.5992106015, 1388212.5081979004, 1387556.1243629032, 1385024.0045281847, 1380678.6354330936, 1420412.8906204992, 1410634.5404020143, 1413103.5836758967, 1401726.705590404, 1357956.8538855931]
Noised Result
[-3998.5458442648105, -1896.6885253085911, 6078.533312959131, -2455.2559553555, -1777.738887244508, 198.7025336822253, -1290.4410902028412, -2930.597623579052, -1926.4016342900231, -1026.6111180519893, -1700.3329585550573, -3008.4054744513105, 1541.9747455004554, -1527.2268375813292, -2815.6488819500146, -1186.8069575179015, -1712.8880152224529, -1647.8626414400942, -2491.1550852331648, -93.75173366067929, -1171.9046566048892, -457.40956347538713, 93311.13051545282, -1681.1793825946643, -1506.9710943741784]
Time
16.819531202316284
The result for the 5th execution is
Query Result
[1358439.084718401, 1407556.9956701063, 1383169.9489462902, 1409753.8339369057, 1370998.5062495982, 1407166.1414945156, 1377230.8921930033, 1416075.4834133065, 1403969.3356785085, 1429646.3416977944, 1448378.2563402941, 1366916.5869667006, 1460640.2277245112, 1391769.7357131937, 1360592.4208795847, 1343881.5992106015, 1388212.5081979004, 1387556.1243629032, 1385024.0045281847, 1380678.6354330936, 1420412.8906204992, 1410634.5404020143, 1413103.5836758967, 1401726.705590404, 1357956.8538855931]
Noised Result
[-2875.406857894559, -1913.509008812477, -1312.3697973665658, -1350.7772285980272, -1613.742434066382, -1974.725103088428, -1278.3986101020482, -1242.7282147843061, -1993.8246590493527, -1621.3061951019636, -1523.9756295411153, -1069.8836211181915, -609.1744992666627, 3820.7470494279587, -1822.0224294429781, -1531.268421403911, -1344.1438670716698, 338.37172226300663, -2486.9116088882774, -2004.6018152132865, -387.8881652106197, -1057.1178802036793, 28918.229362722777, -2060.9738158130067, -1230.9556518147192]
Time
17.06035089492798
The result for the 6th execution is
Query Result
[1358439.084718401, 1407556.9956701063, 1383169.9489462902, 1409753.8339369057, 1370998.5062495982, 1407166.1414945156, 1377230.8921930033, 1416075.4834133065, 1403969.3356785085, 1429646.3416977944, 1448378.2563402941, 1366916.5869667006, 1460640.2277245112, 1391769.7357131937, 1360592.4208795847, 1343881.5992106015, 1388212.5081979004, 1387556.1243629032, 1385024.0045281847, 1380678.6354330936, 1420412.8906204992, 1410634.5404020143, 1413103.5836758967, 1401726.705590404, 1357956.8538855931]
Noised Result
[-1515.6354405599786, -2356.3863645415413, -2586.361185850028, -2180.045716595777, -1437.972968850002, -1880.8594813227874, -2855.0374422754103, -1703.6841683532266, 8801.314721212548, 1056.4106932059585, -2681.429107087938, -5033.507242491471, -2047.3745486059024, 116227.83579206048, -1432.7037150186334, -1791.7927783535424, 44733.2336555692, 1955.0695742221433, -2935.9035363112635, -2189.4677145751357, -1770.2815702290045, -2986.4264169875787, -1649.0873183884287, -1629.9467306728393, -2314.575433162896]
Time
17.029114246368408
The result for the 7th execution is
Query Result
[1358439.084718401, 1407556.9956701063, 1383169.9489462902, 1409753.8339369057, 1370998.5062495982, 1407166.1414945156, 1377230.8921930033, 1416075.4834133065, 1403969.3356785085, 1429646.3416977944, 1448378.2563402941, 1366916.5869667006, 1460640.2277245112, 1391769.7357131937, 1360592.4208795847, 1343881.5992106015, 1388212.5081979004, 1387556.1243629032, 1385024.0045281847, 1380678.6354330936, 1420412.8906204992, 1410634.5404020143, 1413103.5836758967, 1401726.705590404, 1357956.8538855931]
Noised Result
[-1390.034326695647, -2273.5689908135555, 512091.6225804109, -6906.37759712515, -1783.7372930033753, 74.26431483463602, -1234.699087675248, -1953.8103073609382, -1142.5628359649982, -1432.6636710042521, 34823.974186215084, 416.0849628029455, -1954.9834420613915, -2406.930016000335, 7018.818190655089, 1562.553659065321, 7445.428860333057, -1293.7373071707889, 66753.86884078884, -1735.7689341886316, -1239.0224532699995, -1737.157671336935, 45565.264318473986, -1915.509508574707, -1951.1273700390047]
Time
17.008745670318604
The result for the 8th execution is
Query Result
[1358439.084718401, 1407556.9956701063, 1383169.9489462902, 1409753.8339369057, 1370998.5062495982, 1407166.1414945156, 1377230.8921930033, 1416075.4834133065, 1403969.3356785085, 1429646.3416977944, 1448378.2563402941, 1366916.5869667006, 1460640.2277245112, 1391769.7357131937, 1360592.4208795847, 1343881.5992106015, 1388212.5081979004, 1387556.1243629032, 1385024.0045281847, 1380678.6354330936, 1420412.8906204992, 1410634.5404020143, 1413103.5836758967, 1401726.705590404, 1357956.8538855931]
Noised Result
[-1692.5362144898545, -1342.229356903701, -2025.7103025692913, 508.18710830105647, 45.507615038980475, -6082.401007650342, -1691.3442024943988, -1435.1113283779423, 8935.236680500951, -127.96386938640399, -1589.3633710933927, -1127.6705980580336, -2158.8113364653063, -1485.4480937264516, -4456.932651133517, -1821.3974815339488, -1509.0532079004406, -1684.5261513332944, -2343.4170141691484, -3061.8445107847347, 0.30743157516553765, -1159.539961891055, -1941.9984764100855, -5781.212967768617, -2090.519856654837]
Time
17.347453832626343
The result for the 9th execution is
Query Result
[1358439.084718401, 1407556.9956701063, 1383169.9489462902, 1409753.8339369057, 1370998.5062495982, 1407166.1414945156, 1377230.8921930033, 1416075.4834133065, 1403969.3356785085, 1429646.3416977944, 1448378.2563402941, 1366916.5869667006, 1460640.2277245112, 1391769.7357131937, 1360592.4208795847, 1343881.5992106015, 1388212.5081979004, 1387556.1243629032, 1385024.0045281847, 1380678.6354330936, 1420412.8906204992, 1410634.5404020143, 1413103.5836758967, 1401726.705590404, 1357956.8538855931]
Noised Result
[-540.4162245232756, 6736.982915079578, -1159.5930676242251, -1167.5418442825976, 3573.428530316054, 11153.257045860548, -609.6883675662398, 646953.33226772, -2118.8977988923652, -1582.7998362774242, 7051.10710503396, -381.9390598326172, -1262.6024176895116, -1009.8484980445064, 190397.20111027366, -570.9944135055416, -122.63657838207882, 498738.3280443107, -1057.9481798676588, -1310.5870684934662, -1923.0747619357053, -1435.4827544762065, 37644.155034066935, 24476.38679007045, -569.695141695971]
Time
16.976038217544556
The result for the 10th execution is
Query Result
[1358439.084718401, 1407556.9956701063, 1383169.9489462902, 1409753.8339369057, 1370998.5062495982, 1407166.1414945156, 1377230.8921930033, 1416075.4834133065, 1403969.3356785085, 1429646.3416977944, 1448378.2563402941, 1366916.5869667006, 1460640.2277245112, 1391769.7357131937, 1360592.4208795847, 1343881.5992106015, 1388212.5081979004, 1387556.1243629032, 1385024.0045281847, 1380678.6354330936, 1420412.8906204992, 1410634.5404020143, 1413103.5836758967, 1401726.705590404, 1357956.8538855931]
Noised Result
[-1766.5234052814212, -1705.8424325720907, -1869.7296830395653, 911.5718415014344, -1763.0208522370176, -1706.7645221734, -1807.1347210740114, -1779.4395523547028, 3434.631350408319, -2152.508492128386, -4597.569504651577, -2294.5856931208446, -1878.6892226623859, -1095.958306567717, -1860.6670647382552, 193495.9625908286, -1846.0173992448017, -4781.611200848084, -1651.4752112207625, -1583.3062161861963, -1161.9350428544567, -1875.4474890091115, 2222.7546952734037, 865.6876096626966, -1634.7747226016927]
Time
16.72930121421814
The result for the 11th execution is
Query Result
[1358439.084718401, 1407556.9956701063, 1383169.9489462902, 1409753.8339369057, 1370998.5062495982, 1407166.1414945156, 1377230.8921930033, 1416075.4834133065, 1403969.3356785085, 1429646.3416977944, 1448378.2563402941, 1366916.5869667006, 1460640.2277245112, 1391769.7357131937, 1360592.4208795847, 1343881.5992106015, 1388212.5081979004, 1387556.1243629032, 1385024.0045281847, 1380678.6354330936, 1420412.8906204992, 1410634.5404020143, 1413103.5836758967, 1401726.705590404, 1357956.8538855931]
Noised Result
[-1336.8397028355876, -752.1978254210035, -1365.2203825913557, 5535.049419160801, -1621.0838288236819, 9934.020856677067, -895.4978624733767, 28262.82301751044, -1258.782945635825, -2241.9904290310824, -1681.3950098934774, -792.4506896402677, -1814.2893979777118, -2527.0823365785463, -2820.1179369377687, -1695.3365638138775, -1406.3339532369346, -1330.9483999633485, 4678.6678896976755, -1434.1676954254772, -1523.8827226082449, -4991.511656746497, -2802.8637825427204, -310.1178386920824, -1674.09242803064]
Time
17.28234839439392
The result for the 12th execution is
Query Result
[1358439.084718401, 1407556.9956701063, 1383169.9489462902, 1409753.8339369057, 1370998.5062495982, 1407166.1414945156, 1377230.8921930033, 1416075.4834133065, 1403969.3356785085, 1429646.3416977944, 1448378.2563402941, 1366916.5869667006, 1460640.2277245112, 1391769.7357131937, 1360592.4208795847, 1343881.5992106015, 1388212.5081979004, 1387556.1243629032, 1385024.0045281847, 1380678.6354330936, 1420412.8906204992, 1410634.5404020143, 1413103.5836758967, 1401726.705590404, 1357956.8538855931]
Noised Result
[-4812.590146008685, 2927.8742140401882, -1255.4081084878017, 46556.9743962115, -1612.812822781133, 48.10316811995199, 740520.4902154913, 220.984439687978, -2195.948915740618, 1402.2122417161463, -1663.339553808225, -1507.2818369707293, -765.7090119609093, -1408.1199586262683, -2093.7678699724465, 115722.75933635284, -2135.853465407765, -1610.377025813801, -2402.826383349976, -1618.6141122676227, -1687.3407682374846, 13193.139801697136, 33044.24561207084, -1662.5044510281014, -7475.089121358959]
Time
17.591574907302856
The result for the 13th execution is
Query Result
[1358439.084718401, 1407556.9956701063, 1383169.9489462902, 1409753.8339369057, 1370998.5062495982, 1407166.1414945156, 1377230.8921930033, 1416075.4834133065, 1403969.3356785085, 1429646.3416977944, 1448378.2563402941, 1366916.5869667006, 1460640.2277245112, 1391769.7357131937, 1360592.4208795847, 1343881.5992106015, 1388212.5081979004, 1387556.1243629032, 1385024.0045281847, 1380678.6354330936, 1420412.8906204992, 1410634.5404020143, 1413103.5836758967, 1401726.705590404, 1357956.8538855931]
Noised Result
[-1276.2079527768074, 284.88582794883223, -1679.6454783729923, -6692.470859747269, -1441.0111145605633, 4844.538127995185, -1664.3752481372103, -2087.753368643419, -1649.4319496448788, 446.2165206364589, -2117.73321227609, 10392.895657524467, -1693.5164767385704, -1549.853124636048, 34234.51521288417, 40851.27150500007, -3192.089627659294, -581.8940867645701, -1718.2438603788078, 40942.3730927649, -1271.4860925381208, -2031.98030049535, 126.5379259435631, -1500.8559856406782, 2886.1744083262074]
Time
17.192382097244263
The result for the 14th execution is
Query Result
[1358439.084718401, 1407556.9956701063, 1383169.9489462902, 1409753.8339369057, 1370998.5062495982, 1407166.1414945156, 1377230.8921930033, 1416075.4834133065, 1403969.3356785085, 1429646.3416977944, 1448378.2563402941, 1366916.5869667006, 1460640.2277245112, 1391769.7357131937, 1360592.4208795847, 1343881.5992106015, 1388212.5081979004, 1387556.1243629032, 1385024.0045281847, 1380678.6354330936, 1420412.8906204992, 1410634.5404020143, 1413103.5836758967, 1401726.705590404, 1357956.8538855931]
Noised Result
[-876.0268929381705, -1912.32102158184, 997.1375223382929, -7178.213212392817, -1064.3942441784047, -1298.5602082779142, -2244.0858526399525, -1503.4018649870422, -2856.1700486461323, -1382.6544548196453, -1929.5876266068617, -2786.7984367657064, -1795.6358863818841, -673.3236334450662, -1747.0034709185602, -1367.4639128577392, 61757.25938434544, -2382.514139320926, -2441.8475351721427, -1523.9965880542231, -1720.798114097991, -701.2792430067389, 72426.51578536257, -2746.950549300407, -5597.958759104668]
Time
17.198506593704224
The result for the 15th execution is
Query Result
[1358439.084718401, 1407556.9956701063, 1383169.9489462902, 1409753.8339369057, 1370998.5062495982, 1407166.1414945156, 1377230.8921930033, 1416075.4834133065, 1403969.3356785085, 1429646.3416977944, 1448378.2563402941, 1366916.5869667006, 1460640.2277245112, 1391769.7357131937, 1360592.4208795847, 1343881.5992106015, 1388212.5081979004, 1387556.1243629032, 1385024.0045281847, 1380678.6354330936, 1420412.8906204992, 1410634.5404020143, 1413103.5836758967, 1401726.705590404, 1357956.8538855931]
Noised Result
[-1575.5662793839383, 1617.3589813452245, -1904.4218354013656, 7585.461944640047, 495.572963749466, -1341.1216356646755, -1886.4596911683057, -1780.3094346032176, 149723.4917993003, -1974.9186859672582, -2169.554041497652, -6120.062941120508, -1409.7418312917316, -1329.5808250802947, -1639.8152803370785, -1545.5436960975994, -1384.9351216875757, -1957.1786336417617, 373.5956183785038, -2807.026987646199, -547.9950010088396, 10161.846816063513, -1588.3941724785473, 985.2228196332521, 2196.0810118323425]
Time
17.33794927597046
The result for the 16th execution is
Query Result
[1358439.084718401, 1407556.9956701063, 1383169.9489462902, 1409753.8339369057, 1370998.5062495982, 1407166.1414945156, 1377230.8921930033, 1416075.4834133065, 1403969.3356785085, 1429646.3416977944, 1448378.2563402941, 1366916.5869667006, 1460640.2277245112, 1391769.7357131937, 1360592.4208795847, 1343881.5992106015, 1388212.5081979004, 1387556.1243629032, 1385024.0045281847, 1380678.6354330936, 1420412.8906204992, 1410634.5404020143, 1413103.5836758967, 1401726.705590404, 1357956.8538855931]
Noised Result
[-692.2586796092623, 8904.3063813814, -2178.4722540461216, -1812.2546511084538, 111244.55839889986, -1693.3528128815606, -1748.822546804704, -1411.9885506017717, -2315.050742621771, -2169.720280878146, -89.2780192711798, -598.0208344239991, -1483.2596018403865, -1304.8257677838374, -1700.4226549850146, -4879.273095164674, -1334.8836075029858, -2294.0277668503995, -2307.148227303147, -1949.1797990276555, -1853.0660483169695, -1539.0628143449476, -3044.306528916488, -1588.880639169187, -1550.9641217185417]
Time
16.94596552848816
The result for the 17th execution is
Query Result
[1358439.084718401, 1407556.9956701063, 1383169.9489462902, 1409753.8339369057, 1370998.5062495982, 1407166.1414945156, 1377230.8921930033, 1416075.4834133065, 1403969.3356785085, 1429646.3416977944, 1448378.2563402941, 1366916.5869667006, 1460640.2277245112, 1391769.7357131937, 1360592.4208795847, 1343881.5992106015, 1388212.5081979004, 1387556.1243629032, 1385024.0045281847, 1380678.6354330936, 1420412.8906204992, 1410634.5404020143, 1413103.5836758967, 1401726.705590404, 1357956.8538855931]
Noised Result
[-2069.9111647120444, -1331.6659958970795, -644.7220741746169, -1987.7250474378761, 1856.4832087159957, -1696.4723718654222, -2766.727374911574, 62614.98863049224, 4779.159487039156, 1135.897902309001, 41690.98144052271, -2306.3977683849143, -1628.4907396432864, -1524.888102308585, -1764.8610186264468, 4316.165614099333, 1393.5454020042162, -2389.4371215106794, -552.2356093042545, -5422.273225503559, -5422.959052248134, -1173.7974216949551, -347.17744351691726, -2986.7827094216327, -1701.9748308567032]
Time
17.122661113739014
The result for the 18th execution is
Query Result
[1358439.084718401, 1407556.9956701063, 1383169.9489462902, 1409753.8339369057, 1370998.5062495982, 1407166.1414945156, 1377230.8921930033, 1416075.4834133065, 1403969.3356785085, 1429646.3416977944, 1448378.2563402941, 1366916.5869667006, 1460640.2277245112, 1391769.7357131937, 1360592.4208795847, 1343881.5992106015, 1388212.5081979004, 1387556.1243629032, 1385024.0045281847, 1380678.6354330936, 1420412.8906204992, 1410634.5404020143, 1413103.5836758967, 1401726.705590404, 1357956.8538855931]
Noised Result
[-1019.1086293597682, -514.4321394115923, -258.1802935839564, -4740.571806765954, 3493.775916559607, -1406.98192891306, -3821.3435994869815, -2387.3434009097955, -739.7344112362334, -1607.3952482498917, -1744.3197998528995, -1657.5255081092773, -1238.7667153299544, -1444.7891020195075, 292.2362456103765, -2452.9347213639967, -2006.4982113766955, -1847.8386261003789, -1379.0772854056859, 1774.0068802262704, -1269.146134565688, 12334.571311945423, -498.38406234337026, 233.29601283410193, -1339.8028652644616]
Time
17.213792324066162
The result for the 19th execution is
Query Result
[1358439.084718401, 1407556.9956701063, 1383169.9489462902, 1409753.8339369057, 1370998.5062495982, 1407166.1414945156, 1377230.8921930033, 1416075.4834133065, 1403969.3356785085, 1429646.3416977944, 1448378.2563402941, 1366916.5869667006, 1460640.2277245112, 1391769.7357131937, 1360592.4208795847, 1343881.5992106015, 1388212.5081979004, 1387556.1243629032, 1385024.0045281847, 1380678.6354330936, 1420412.8906204992, 1410634.5404020143, 1413103.5836758967, 1401726.705590404, 1357956.8538855931]
Noised Result
[-2069.1590048763437, -1380.761170186911, -2227.5695906134943, -1318.7292977197576, -1848.0989883702778, -6725.333794401616, -952.2460484323929, 42128.135554233566, -2275.331125345261, -569.6630670535806, -1079.7215251487787, -1328.8387879933953, -1666.711471191551, 15845.54077153292, -1347.9884887866765, -1080.1861781806356, -623.6679358777346, -1476.0891728969173, -2369.65688281829, -909.1544350209142, -2575.56596684905, -309.97812948261526, 917.507568377936, -297.62547243653626, -2713.9699474155695]
Time
17.08475971221924
