The result for the 0th execution is
Query Result
[331.0, 355.0, 407.0, 396.0, 395.0, 393.0, 369.0, 382.0, 393.0, 424.0, 370.0, 391.0, 443.0, 377.0, 412.0, 361.0, 351.0, 375.0, 378.0, 362.0, 373.0, 357.0, 428.0, 426.0, 370.0, 431.0, 401.0, 376.0, 407.0, 388.0, 406.0, 390.0, 432.0, 439.0, 356.0, 396.0, 340.0, 368.0, 379.0, 418.0, 390.0, 360.0, 345.0, 404.0, 371.0, 392.0, 378.0, 337.0, 430.0, 382.0]
Noised Result
[-4245.937077099246, -2911.556778102073, -2876.5419531584525, -3557.2197112832537, -3387.1025131714296, -3774.828263068113, -3504.965815372532, -2448.212179388212, -3327.9579090980433, -3924.6591281342944, -3923.8991877585286, -3935.705873895149, -3371.0232681871594, -3088.0250001555232, -3528.554615118732, -3627.004162816164, -3072.229135153531, -2470.7692484959207, -2923.078977699879, -4264.108014017549, -4228.449518821193, -3219.799028599392, -3701.24498329702, -5050.954311348014, -4218.041096307927, -3656.4032587658007, -4607.908095808328, -3725.037045578983, -4385.762804639926, -3506.9516481721216, -3585.075319222681, -3969.8112120925425, -3689.7463073946205, -2807.599770191634, -3955.767070413952, -3658.3477809481005, -3319.717594264121, -3702.7030507546942, -3720.0707828300337, -3386.3803879107227, -3679.3895528012367, -3159.972334423249, -3593.1069791233463, -3678.079381783784, -3620.1050098621686, -3419.3857852629226, -3849.0702896252606, -3700.3098137608104, -3210.3217125022543, -3390.435304376717]
Time
3.909343957901001
The result for the 1th execution is
Query Result
[331.0, 355.0, 407.0, 396.0, 395.0, 393.0, 369.0, 382.0, 393.0, 424.0, 370.0, 391.0, 443.0, 377.0, 412.0, 361.0, 351.0, 375.0, 378.0, 362.0, 373.0, 357.0, 428.0, 426.0, 370.0, 431.0, 401.0, 376.0, 407.0, 388.0, 406.0, 390.0, 432.0, 439.0, 356.0, 396.0, 340.0, 368.0, 379.0, 418.0, 390.0, 360.0, 345.0, 404.0, 371.0, 392.0, 378.0, 337.0, 430.0, 382.0]
Noised Result
[-3366.4792368688763, -3925.402066165657, -5522.998657860206, -4151.313156631417, -2870.2230593438308, -3440.148242408402, -3404.683479258824, -3093.2671762484656, -3952.345072620733, -3482.4665682679447, -3637.4096928861277, -3382.67486591308, -3948.0626925160286, -3566.3371563971155, -3577.178601328646, -3257.3559628938697, -3408.209587082237, -4372.010497842651, -3775.903503310763, -3948.2413856287294, -3632.5178077234946, -3013.668894748056, -2862.935056370362, -4263.1135240742, -2905.316078466493, -4213.526195907913, -3059.3154175949608, -3983.166620651169, -4324.718245425552, -2287.9115873881133, -3010.6112293311694, -3597.4445370854064, -2947.7523684342254, -3623.179587080189, -3385.500846573094, -3743.57387041711, -3577.0611594160137, -3870.424622481468, -3992.574638855079, -3704.2864721509677, -3971.2774854461613, -3433.289479045913, -3455.448053740893, -3813.159146883927, -3844.609725242255, -3454.841707513882, -3578.0290535095764, -3990.0578058918018, -3736.6508759388716, -2758.3789237177093]
Time
3.9054195880889893
The result for the 2th execution is
Query Result
[331.0, 355.0, 407.0, 396.0, 395.0, 393.0, 369.0, 382.0, 393.0, 424.0, 370.0, 391.0, 443.0, 377.0, 412.0, 361.0, 351.0, 375.0, 378.0, 362.0, 373.0, 357.0, 428.0, 426.0, 370.0, 431.0, 401.0, 376.0, 407.0, 388.0, 406.0, 390.0, 432.0, 439.0, 356.0, 396.0, 340.0, 368.0, 379.0, 418.0, 390.0, 360.0, 345.0, 404.0, 371.0, 392.0, 378.0, 337.0, 430.0, 382.0]
Noised Result
[-2990.443236147041, -3115.6977281908203, -3293.0057748019635, -3696.78602181048, -3336.2631087765976, -3371.1125575267133, -3608.401097643663, -3438.873787110245, -4388.107491801602, -3644.3886243347956, -3092.9501483853833, -3187.2908618818565, -3783.1224577859275, -4097.072352103411, -3606.693118639285, -3720.645821453894, -4902.387797265905, -4408.304526225668, -3554.329427155561, -4574.129388311842, -3213.6343094589674, -3753.18074396047, -4174.512927772346, -3192.203589052292, -4067.123991316177, -4099.522601557467, -3927.4246375539733, -3447.069400900559, -3586.3552398140773, -3482.9432968198494, -3991.8512438934395, -3812.6657881441906, -3626.7290568894664, -3450.601916329792, -3479.045739758782, -3060.318816127598, -3951.6392974337386, -3511.3765288752, -4101.167704838806, -2494.228922132822, -2813.1246057688563, -4045.812834116932, -3877.295029327478, -3410.6911779522366, -3563.3955904174136, -2036.0771491413943, -3859.6258154245115, -3316.7959712535485, -3196.4929971705783, -3541.1719346708046]
Time
3.9587855339050293
The result for the 3th execution is
Query Result
[331.0, 355.0, 407.0, 396.0, 395.0, 393.0, 369.0, 382.0, 393.0, 424.0, 370.0, 391.0, 443.0, 377.0, 412.0, 361.0, 351.0, 375.0, 378.0, 362.0, 373.0, 357.0, 428.0, 426.0, 370.0, 431.0, 401.0, 376.0, 407.0, 388.0, 406.0, 390.0, 432.0, 439.0, 356.0, 396.0, 340.0, 368.0, 379.0, 418.0, 390.0, 360.0, 345.0, 404.0, 371.0, 392.0, 378.0, 337.0, 430.0, 382.0]
Noised Result
[-2728.974429694039, -4045.796410950301, -2942.508847887389, -3768.2014421423673, -4148.7527006488735, -4080.685113281872, -3688.0863317312414, -3594.270388782021, -4645.555197768175, -3491.0917351250855, -4859.98652629861, -2502.015644509969, -3358.187229739312, -4316.905648286386, -3786.4215793534413, -3877.9821152553686, -3729.1848877971497, -3666.9715216723303, -3543.70748217664, -4803.251368566802, -4432.755942973294, -3934.6001108827195, -3318.09666552047, -3616.922588628626, -3567.0903977831613, -4256.806948607669, -4819.281554359267, -3615.7883895534824, -3611.2319312703457, -3399.020601269639, -4193.643986668018, -2977.9923826636473, -4404.990428973814, -3419.82796736833, -4987.3070551947185, -3790.090151582004, -3090.588960839086, -3752.520795780332, -4380.786042042011, -3819.061898049481, -3676.3217881391647, -3864.070902423193, -3289.333407654287, -3492.4413566854837, -3225.3054946146394, -3829.446806832212, -3294.437028220108, -4019.522554110399, -3358.205855075957, -3787.733722389319]
Time
3.927520513534546
The result for the 4th execution is
Query Result
[331.0, 355.0, 407.0, 396.0, 395.0, 393.0, 369.0, 382.0, 393.0, 424.0, 370.0, 391.0, 443.0, 377.0, 412.0, 361.0, 351.0, 375.0, 378.0, 362.0, 373.0, 357.0, 428.0, 426.0, 370.0, 431.0, 401.0, 376.0, 407.0, 388.0, 406.0, 390.0, 432.0, 439.0, 356.0, 396.0, 340.0, 368.0, 379.0, 418.0, 390.0, 360.0, 345.0, 404.0, 371.0, 392.0, 378.0, 337.0, 430.0, 382.0]
Noised Result
[-3620.5588086486578, -4097.8408883762995, -3422.5252377136385, -3647.3110270417624, -3561.97710672328, -3220.5331958245433, -4044.9043709868356, -3085.5606414532126, -3805.5959525125845, -3902.2732026066233, -3774.3705933127553, -3352.001636873188, -5321.174455435117, -3232.0823160722216, -2290.800666248043, -3187.6647814984535, -4959.471839007437, -3402.1129875519932, -3233.3840333753083, -3517.65300401979, -3530.090174451814, -3601.459214454597, -3560.575274892437, -4056.058339896006, -4658.139123834587, -2571.7528950638816, -3318.184535772321, -3570.8236517923206, -3343.3629544290325, -3738.8252818648944, -4050.510220594414, -5842.517293646075, -4003.7439864854223, -3399.6086664939094, -3501.6790351768095, -2786.4211370784406, -2771.1499901610114, -4106.383694503029, -4084.732551548457, -4770.382686893464, -3141.383837736742, -4163.943822946627, -3711.3862543484447, -3143.048845444943, -3662.000513199905, -4134.345958274981, -3240.592759941006, -3180.3108672882804, -3188.495549260604, -3809.6713469423185]
Time
3.7969930171966553
The result for the 5th execution is
Query Result
[331.0, 355.0, 407.0, 396.0, 395.0, 393.0, 369.0, 382.0, 393.0, 424.0, 370.0, 391.0, 443.0, 377.0, 412.0, 361.0, 351.0, 375.0, 378.0, 362.0, 373.0, 357.0, 428.0, 426.0, 370.0, 431.0, 401.0, 376.0, 407.0, 388.0, 406.0, 390.0, 432.0, 439.0, 356.0, 396.0, 340.0, 368.0, 379.0, 418.0, 390.0, 360.0, 345.0, 404.0, 371.0, 392.0, 378.0, 337.0, 430.0, 382.0]
Noised Result
[-5247.586798747289, -3964.85381253176, -5301.723970022252, -2869.4273418915136, -3638.530682918943, -3600.6469220445038, -3674.2204443021883, -1708.9169482454156, -3700.56585652409, -4215.024288150496, -4192.74586438742, -3177.0562781019007, -3398.613166081878, -1831.9666155720433, -3055.2445819302156, -3572.611617104551, -3493.982548974485, -3769.200197866832, -3791.6811668885216, -3711.856731300845, -3495.0606010674724, -3747.8438895264185, -3161.5142273483725, -4384.985355385066, -4404.301663353704, -2883.0003927977186, -3264.13105854462, -7171.412720340506, -3335.2391114276184, -3803.834159892832, -3050.824017614653, -4844.56033845863, -3562.2167078192188, -4087.2626905965017, -3707.470742135808, -3428.897559705521, -3390.3463257078024, -3693.747578490383, -2554.7106098532895, -3425.1468757066496, -4585.078437577357, -3306.614222037142, -3779.479100117081, -1610.237005656309, -4866.692714052925, -3336.5891714050686, -4387.188292465934, -3493.202545103616, -3445.6170996943665, -3432.047653442099]
Time
3.839585304260254
The result for the 6th execution is
Query Result
[331.0, 355.0, 407.0, 396.0, 395.0, 393.0, 369.0, 382.0, 393.0, 424.0, 370.0, 391.0, 443.0, 377.0, 412.0, 361.0, 351.0, 375.0, 378.0, 362.0, 373.0, 357.0, 428.0, 426.0, 370.0, 431.0, 401.0, 376.0, 407.0, 388.0, 406.0, 390.0, 432.0, 439.0, 356.0, 396.0, 340.0, 368.0, 379.0, 418.0, 390.0, 360.0, 345.0, 404.0, 371.0, 392.0, 378.0, 337.0, 430.0, 382.0]
Noised Result
[-3534.139686301178, -3512.1634820514596, -3491.160327692674, -3558.5154665338778, -3528.3289690831557, -3289.176941665929, -3141.2542444685673, -3073.00548402554, -4013.73239997183, -3806.922178881916, -4777.487400354155, -3787.4777722070426, -3449.7626888899035, -4057.7448883903025, -3283.5319986150334, -3519.547544995478, -3635.2632392537284, -3686.6347562393803, -4463.9213649638405, -3779.380770102039, -3453.1763607177086, -4490.497034329582, -3280.9837783464877, -3500.442685113047, -3764.8291171898295, -3195.7338844455107, -3228.809155818023, -3812.4363411261193, -4039.3603197365865, -3855.997459377234, -2793.5812112662134, -3506.195752183789, -3944.658837504956, -3277.7433707639093, -3807.8731437168844, -3357.7018204744145, -3769.2205137021724, -3868.2895591125116, -3521.5926207511493, -2626.844918967076, -3735.1672364717033, -3346.0164603506946, -1159.9427087959866, -3434.120547040949, -2598.615326481495, -3383.317313830568, -4414.314185058101, -3683.417794513393, -4849.367711862982, -3239.629590355402]
Time
3.863738536834717
The result for the 7th execution is
Query Result
[331.0, 355.0, 407.0, 396.0, 395.0, 393.0, 369.0, 382.0, 393.0, 424.0, 370.0, 391.0, 443.0, 377.0, 412.0, 361.0, 351.0, 375.0, 378.0, 362.0, 373.0, 357.0, 428.0, 426.0, 370.0, 431.0, 401.0, 376.0, 407.0, 388.0, 406.0, 390.0, 432.0, 439.0, 356.0, 396.0, 340.0, 368.0, 379.0, 418.0, 390.0, 360.0, 345.0, 404.0, 371.0, 392.0, 378.0, 337.0, 430.0, 382.0]
Noised Result
[-3604.8061193487706, -3478.756139715397, -3132.9816873795326, -3116.8341936571487, -2944.479820333134, -4224.246418407564, -3472.17031263639, -3482.7725794246417, -3226.5647980097756, -3976.8010144240907, -4136.980159087098, -3459.700876925229, -3211.524624178502, -3324.9002875446067, -3437.3559959007457, -5219.664658815676, -3330.6487354864616, -3349.162974482935, -3963.373825057447, -2595.5310727314604, -3549.8269165468682, -4266.4003106837445, -2529.5128646484504, -3599.228922379441, -3236.126712816849, -3611.2355110737763, -2560.8111679624044, -3377.988378195257, -2964.7032792071113, -3459.334007285492, -2634.474964475652, -4459.625863129596, -4835.4478470885115, -4186.244630067133, -3634.9451334711293, -3322.590365200195, -3335.553906703156, -3545.86312138207, -4118.923083358036, -5153.187971830757, -3574.2903174792505, -3601.3409621819173, -3901.905191913289, -3461.3630295994535, -3175.352343345874, -3458.0925410520567, -3646.70501594596, -2724.0123237099033, -3431.5962600384264, -3991.218902370003]
Time
4.01331353187561
The result for the 8th execution is
Query Result
[331.0, 355.0, 407.0, 396.0, 395.0, 393.0, 369.0, 382.0, 393.0, 424.0, 370.0, 391.0, 443.0, 377.0, 412.0, 361.0, 351.0, 375.0, 378.0, 362.0, 373.0, 357.0, 428.0, 426.0, 370.0, 431.0, 401.0, 376.0, 407.0, 388.0, 406.0, 390.0, 432.0, 439.0, 356.0, 396.0, 340.0, 368.0, 379.0, 418.0, 390.0, 360.0, 345.0, 404.0, 371.0, 392.0, 378.0, 337.0, 430.0, 382.0]
Noised Result
[-3887.5857713590267, -4740.6607884795385, -3495.467781320352, -3066.7945392437214, -5006.629869892045, -5639.116921563658, -3194.2437556184223, -4023.5918077153956, -3777.896628297776, -2924.8112561059415, -3768.0091951856707, -3848.9902096958212, -3394.3692116457783, -2872.844732697089, -4309.239741297736, -3781.2683146003683, -3226.1269716367005, -3292.4892682351337, -3261.042990248985, -3401.636737173784, -3780.556930094923, -3915.378499628, -3653.66946884497, -2489.5557467725603, -4673.050386882352, -3102.5658680279703, -5916.93379641299, -3940.1048471866916, -3009.7845421632705, -3824.689735591748, -2883.105457809535, -3694.3406829400815, -3163.96134843758, -3407.2675585084717, -3788.223282538999, -3678.5417023112004, -3548.691700562472, -3799.9183905119844, -3867.102081531596, -4095.0410294024023, -3804.4055440008915, -3481.5647720526194, -4058.6346489595753, -3524.8714029299854, -1756.380978091245, -3919.5182715748733, -2754.9835793573666, -3812.810992849031, -3375.629894241604, -2590.6525966828103]
Time
3.9045462608337402
The result for the 9th execution is
Query Result
[331.0, 355.0, 407.0, 396.0, 395.0, 393.0, 369.0, 382.0, 393.0, 424.0, 370.0, 391.0, 443.0, 377.0, 412.0, 361.0, 351.0, 375.0, 378.0, 362.0, 373.0, 357.0, 428.0, 426.0, 370.0, 431.0, 401.0, 376.0, 407.0, 388.0, 406.0, 390.0, 432.0, 439.0, 356.0, 396.0, 340.0, 368.0, 379.0, 418.0, 390.0, 360.0, 345.0, 404.0, 371.0, 392.0, 378.0, 337.0, 430.0, 382.0]
Noised Result
[-5616.916562425933, -3396.4132126235622, -3208.3185983542517, -4197.738026181423, -3353.240828426412, -4121.9864634959, -3563.202737962705, -3644.9768726780053, -2399.479264240202, -3825.57434915703, -3875.043625931309, -2629.4962532097434, -3994.4936463983713, -3488.956662325494, -3688.1118771680985, -3498.7286272453716, -3493.2381196587944, -3574.191098318499, -4304.718530602744, -4993.797806414179, -3669.891631290076, -2607.268692463532, -3583.3542982926438, -3193.841099516441, -3494.223369872562, -3586.2922331884315, -4803.205444003583, -3421.3334331231567, -2164.412114904399, -3456.3471804642145, -4002.3084479306, -3428.9021488573326, -4038.0811801894133, -3536.695377862932, -3388.1650765950053, -3081.0407813141796, -2894.914678859952, -2990.9260357920975, -3690.2023831792803, -3994.805239002754, -3713.6144328146947, -3333.7314759207165, -3487.3752774499367, -3768.0724484079756, -3862.90510112052, -4107.673701417969, -3615.3002210221875, -3818.0621316657644, -5145.064667559182, -4112.803526884134]
Time
3.7894210815429688
The result for the 10th execution is
Query Result
[331.0, 355.0, 407.0, 396.0, 395.0, 393.0, 369.0, 382.0, 393.0, 424.0, 370.0, 391.0, 443.0, 377.0, 412.0, 361.0, 351.0, 375.0, 378.0, 362.0, 373.0, 357.0, 428.0, 426.0, 370.0, 431.0, 401.0, 376.0, 407.0, 388.0, 406.0, 390.0, 432.0, 439.0, 356.0, 396.0, 340.0, 368.0, 379.0, 418.0, 390.0, 360.0, 345.0, 404.0, 371.0, 392.0, 378.0, 337.0, 430.0, 382.0]
Noised Result
[-4545.734704394198, -4746.495876413883, -3800.0700603043942, -2944.352536443246, -3659.9755477436042, -3501.0028355209265, -3834.3513505128467, -3952.4523844914565, -3784.315994527975, -3548.100710287958, -3300.9906994488615, -2856.598530793353, -3456.0764388228913, -2898.194452707577, -3214.3860101397304, -3495.559429432766, -3725.541887194111, -3871.2328629858603, -3519.569902726246, -2630.1674959622965, -3708.1568996435126, -3212.201448307572, -4100.314235610534, -3777.6065721918594, -4429.367163030236, -2564.0670410919147, -4210.389691096773, -2427.356245308839, -3105.888325748663, -3406.3011682889874, -3540.1178810083147, -2734.7527087326152, -3649.6308173980337, -3800.204012221793, -3686.5860730701374, -3281.416338207194, -5539.71780906355, -3961.9496141398786, -2730.754253855753, -3778.2567852525603, -3222.0337108933936, -4233.992790331799, -3478.230041418439, -4120.505328075806, -2865.5874752678797, -3775.5822283662574, -3229.954360256534, -3240.444080695272, -1330.540390812232, -3235.315143245086]
Time
3.8522820472717285
The result for the 11th execution is
Query Result
[331.0, 355.0, 407.0, 396.0, 395.0, 393.0, 369.0, 382.0, 393.0, 424.0, 370.0, 391.0, 443.0, 377.0, 412.0, 361.0, 351.0, 375.0, 378.0, 362.0, 373.0, 357.0, 428.0, 426.0, 370.0, 431.0, 401.0, 376.0, 407.0, 388.0, 406.0, 390.0, 432.0, 439.0, 356.0, 396.0, 340.0, 368.0, 379.0, 418.0, 390.0, 360.0, 345.0, 404.0, 371.0, 392.0, 378.0, 337.0, 430.0, 382.0]
Noised Result
[-3391.5163394786287, -3697.0328400569742, -3779.8707827920266, -3083.6443833223666, -3847.720777810402, -3264.3381329343765, -3269.510505708922, -3337.801705229725, -3326.2020508401756, -3537.49044164761, -2422.2105666270527, -4069.3931558561017, -3814.943389614612, -3767.3500695867556, -3512.1912920980403, -3597.4270591292047, -4522.7885868575, -3790.3788705698407, -3652.3735848224364, -4360.9094587523, -3629.34845362191, -2335.0241739291255, -3857.0404249012363, -4262.336439619324, -3840.484461781698, -3424.003311337717, -3678.300849307026, -3975.8535035745454, -3793.9964658524946, -3439.6482709754796, -3471.5845685864997, -3617.9396396605857, -3987.1342381824106, -3697.961281054274, -4042.243158197114, -3585.668852003799, -3812.8318375149174, -3280.3947326820235, -3334.1004582182927, -3739.005183244501, -3761.6965575785384, -3623.0061287130766, -4028.138777524402, -3634.021874761821, -2666.4149417878302, -3036.3869502012067, -2995.215106412241, -3825.4026889130655, -2811.3093118583874, -3853.9032022116708]
Time
3.7436370849609375
The result for the 12th execution is
Query Result
[331.0, 355.0, 407.0, 396.0, 395.0, 393.0, 369.0, 382.0, 393.0, 424.0, 370.0, 391.0, 443.0, 377.0, 412.0, 361.0, 351.0, 375.0, 378.0, 362.0, 373.0, 357.0, 428.0, 426.0, 370.0, 431.0, 401.0, 376.0, 407.0, 388.0, 406.0, 390.0, 432.0, 439.0, 356.0, 396.0, 340.0, 368.0, 379.0, 418.0, 390.0, 360.0, 345.0, 404.0, 371.0, 392.0, 378.0, 337.0, 430.0, 382.0]
Noised Result
[-2349.535690834885, -3988.8382611412826, -4292.616604051237, -3368.5555401416937, -4133.777875988564, -2596.097602713863, -4322.865946935921, -3524.3837667638522, -3807.07404355743, -3526.4984433019627, -3540.3603011458977, -3510.291484547788, -3888.335909283366, -3645.8757183192047, -4243.849294906014, -3151.5953198706707, -3567.541780049913, -3633.7598406256307, -4268.686863088759, -3707.5571892143857, -3607.275023543133, -3164.608329284109, -3232.6282637522263, -2909.4805268011564, -3525.000309553701, -3453.581852147607, -3878.9068698595074, -3364.246175242834, -4090.764314857498, -3378.450978508844, -3143.9631931041968, -2329.2108338179073, -3587.7587095358413, -3425.7471988752677, -3505.8043882889588, -3759.2762087522347, -3380.543340332226, -2469.728977569937, -2945.0373728867667, -3634.8294267558977, -3336.945981247124, -3589.1359027401036, -3979.933106195569, -3944.4606852272755, -3751.89607541347, -3941.9927084627125, -3622.674525754545, -3263.458248399839, -3573.0617678335857, -3405.8152245984097]
Time
3.891486883163452
The result for the 13th execution is
Query Result
[331.0, 355.0, 407.0, 396.0, 395.0, 393.0, 369.0, 382.0, 393.0, 424.0, 370.0, 391.0, 443.0, 377.0, 412.0, 361.0, 351.0, 375.0, 378.0, 362.0, 373.0, 357.0, 428.0, 426.0, 370.0, 431.0, 401.0, 376.0, 407.0, 388.0, 406.0, 390.0, 432.0, 439.0, 356.0, 396.0, 340.0, 368.0, 379.0, 418.0, 390.0, 360.0, 345.0, 404.0, 371.0, 392.0, 378.0, 337.0, 430.0, 382.0]
Noised Result
[-3030.887103116812, -3832.216041496932, -4133.683257794364, -3363.523522938131, -3412.0534854649327, -4074.702700600069, -2685.7611244708187, -3618.21439209358, -3945.5025985027487, -3287.3415081630264, -3632.649345080277, -3445.4942969742547, -4431.73080962403, -3853.413202323193, -4020.230315666635, -3301.434987712604, -4287.4016442721, -2633.8347089216995, -3241.6288254816495, -3736.0913273769206, -3364.6565163183805, -3351.8573696651733, -3636.574973318, -2981.0636056035346, -1999.7248693294332, -4173.345748227062, -3474.135275259107, -3438.8317045998274, -3911.6023448730493, -3743.7462327522962, -2391.0695457006964, -4404.287184790741, -3648.3083938944237, -3388.35138451721, -3937.2452782343134, -3510.3166057401104, -4230.782574281808, -2880.0531039096795, -4434.679098400276, -4051.5178831204676, -3559.7732131722587, -3532.5757576040946, -2626.3156375161193, -3692.139631233228, -3215.5766397103807, -3162.296078167701, -4019.789735161181, -4045.6254050614434, -3824.317257075387, -3317.887083347256]
Time
3.768174648284912
The result for the 14th execution is
Query Result
[331.0, 355.0, 407.0, 396.0, 395.0, 393.0, 369.0, 382.0, 393.0, 424.0, 370.0, 391.0, 443.0, 377.0, 412.0, 361.0, 351.0, 375.0, 378.0, 362.0, 373.0, 357.0, 428.0, 426.0, 370.0, 431.0, 401.0, 376.0, 407.0, 388.0, 406.0, 390.0, 432.0, 439.0, 356.0, 396.0, 340.0, 368.0, 379.0, 418.0, 390.0, 360.0, 345.0, 404.0, 371.0, 392.0, 378.0, 337.0, 430.0, 382.0]
Noised Result
[-3190.6269032472173, -3943.908851033959, -3866.788420853776, -3856.2628260061783, -2192.486944149352, -3404.014932112761, -4320.815364954918, -3533.2351282996765, -1537.0233680469432, -3507.232120105048, -3565.7518300615907, -2912.994731198496, -3221.071803853391, -3763.632032233574, -3452.669451982959, -4182.152713845657, -3337.6328736615615, -3669.111582933007, -3751.1299647028673, -3533.0961429977583, -3732.102868501531, -3461.1962315097376, -2290.1951098102213, -3413.9435692897646, -2891.488179212304, -3441.278710369517, -3181.63762954491, -4321.454428545212, -4526.789051957231, -3324.106122923584, -3673.9578908077656, -3424.47090201449, -4320.86077642125, -2907.6828796805826, -4256.696265795955, -4130.7419659914285, -3890.517809554174, -4089.9949979777557, -3533.5929223588128, -3327.0344966530715, -4435.274425202359, -3662.61026070986, -3188.9107106053198, -3851.4499962471245, -2331.7931821064312, -3168.275821349813, -4516.913998925761, -3557.8281180637896, -3637.2905558724, -3222.3231391744507]
Time
3.8702242374420166
The result for the 15th execution is
Query Result
[331.0, 355.0, 407.0, 396.0, 395.0, 393.0, 369.0, 382.0, 393.0, 424.0, 370.0, 391.0, 443.0, 377.0, 412.0, 361.0, 351.0, 375.0, 378.0, 362.0, 373.0, 357.0, 428.0, 426.0, 370.0, 431.0, 401.0, 376.0, 407.0, 388.0, 406.0, 390.0, 432.0, 439.0, 356.0, 396.0, 340.0, 368.0, 379.0, 418.0, 390.0, 360.0, 345.0, 404.0, 371.0, 392.0, 378.0, 337.0, 430.0, 382.0]
Noised Result
[-3707.966762006478, -3609.273086455052, -4541.738853633503, -3501.2626722252403, -3622.1421349265265, -4422.304297169034, -2729.4961624261173, -3692.958083536966, -2960.859192555892, -3429.5690669836954, -4374.539370236386, -4583.30030209417, -4594.805132764415, -3758.370515676654, -3130.9135727193143, -3863.71666010678, -3740.3285474030836, -3416.7786289812416, -3847.461641254992, -4017.7434854047806, -3861.403180707606, -2989.108685674009, -3060.104568378851, -3733.009425374202, -3763.2181156174775, -3820.1171414996043, -3602.1604930122894, -2847.5639834148787, -3493.349897220809, -3286.736677002687, -3437.5738155679965, -3946.4499953159075, -3843.6554522624483, -3653.9145130451343, -3718.873681821919, -4570.753760305161, -3832.7953815484525, -3495.232733532907, -3798.6928543738622, -3667.7383773302054, -3245.1355378089447, -3986.261853853317, -3257.973284461731, -3661.8845827069927, -1972.680348421317, -3520.8006592089446, -3351.9070990142413, -3708.2605840101774, -3806.055550982508, -4422.303399044117]
Time
3.900385618209839
The result for the 16th execution is
Query Result
[331.0, 355.0, 407.0, 396.0, 395.0, 393.0, 369.0, 382.0, 393.0, 424.0, 370.0, 391.0, 443.0, 377.0, 412.0, 361.0, 351.0, 375.0, 378.0, 362.0, 373.0, 357.0, 428.0, 426.0, 370.0, 431.0, 401.0, 376.0, 407.0, 388.0, 406.0, 390.0, 432.0, 439.0, 356.0, 396.0, 340.0, 368.0, 379.0, 418.0, 390.0, 360.0, 345.0, 404.0, 371.0, 392.0, 378.0, 337.0, 430.0, 382.0]
Noised Result
[-2285.877369926422, -3154.717684276122, -4458.075614776772, -2673.944844944055, -3929.645143422851, -3678.4029938038993, -3619.54775295833, -3767.0235711734713, -3199.962009371749, -4110.583190236737, -3969.3761898884986, -3980.1778099069006, -4061.2888793141283, -3281.5997026842483, -3501.2654860394136, -4433.173530523656, -3767.3425675583403, -3870.3794406781653, -3016.878194799043, -3777.482588735462, -3736.099860556468, -3501.8926005364165, -4125.399180217448, -3164.7503452069477, -4001.5991767921796, -3210.819672142741, -2840.3454974801366, -3865.5104162606403, -4102.78343516261, -3500.005808273989, -3598.136147654393, -3629.480932784259, -4603.4170559765635, -3619.423610895694, -2921.286393574853, -3362.9987974252567, -3458.9442202696705, -3021.276678207255, -2726.5461659397624, -2911.512942621088, -3593.055902561543, -5276.215356775267, -3170.7983238446745, -4077.0794350937176, -3758.517303874589, -4371.64822445817, -3586.249151654654, -3037.2403818164953, -3418.3970972111674, -3738.5006427772455]
Time
3.962930679321289
The result for the 17th execution is
Query Result
[331.0, 355.0, 407.0, 396.0, 395.0, 393.0, 369.0, 382.0, 393.0, 424.0, 370.0, 391.0, 443.0, 377.0, 412.0, 361.0, 351.0, 375.0, 378.0, 362.0, 373.0, 357.0, 428.0, 426.0, 370.0, 431.0, 401.0, 376.0, 407.0, 388.0, 406.0, 390.0, 432.0, 439.0, 356.0, 396.0, 340.0, 368.0, 379.0, 418.0, 390.0, 360.0, 345.0, 404.0, 371.0, 392.0, 378.0, 337.0, 430.0, 382.0]
Noised Result
[-3673.537741035636, -3195.6453217378503, -3085.728841291142, -4764.643863701472, -3535.1696302907253, -3424.8690872711118, -3395.0827144665564, -3535.517030384459, -4178.547185139067, -3087.982418789148, -3918.679011893887, -3808.7846925150916, -3465.7362683868823, -4097.4230323943675, -4022.406454045771, -3180.8583520475054, -3030.0343032566525, -3625.665176912471, -3318.148838325255, -4105.575158969116, -3721.0234305726135, -3791.542373932216, -4053.9334291894393, -3540.9461425193167, -3128.292398607766, -3618.5320820623297, -3681.0093768847064, -3824.29339086275, -3813.3050463123855, -4278.7401042098745, -3652.811015287446, -3708.6690952320578, -3631.929687828513, -5102.823658659099, -3198.2513578740936, -5009.097231093675, -3668.4383207691135, -3985.8923567718894, -3843.792497910621, -3086.358826244445, -3910.3438283280475, -3437.6286790673003, -3896.950608749661, -5540.409881328296, -3045.9929701365677, -4229.6406847462795, -3652.2581205560227, -3478.273778997527, -3795.9828865293457, -3528.069793270902]
Time
3.8686540126800537
The result for the 18th execution is
Query Result
[331.0, 355.0, 407.0, 396.0, 395.0, 393.0, 369.0, 382.0, 393.0, 424.0, 370.0, 391.0, 443.0, 377.0, 412.0, 361.0, 351.0, 375.0, 378.0, 362.0, 373.0, 357.0, 428.0, 426.0, 370.0, 431.0, 401.0, 376.0, 407.0, 388.0, 406.0, 390.0, 432.0, 439.0, 356.0, 396.0, 340.0, 368.0, 379.0, 418.0, 390.0, 360.0, 345.0, 404.0, 371.0, 392.0, 378.0, 337.0, 430.0, 382.0]
Noised Result
[-3422.694678439055, -3481.8240493930966, -3417.326012251148, -3562.1777756221545, -3382.9198223690246, -3173.912651308535, -4630.8154817163795, -3514.8804848102627, -2832.8404975297517, -4046.3902321756786, -3356.8681072405857, -3668.7589616552864, -3542.093011121171, -2342.2287726448412, -3816.063442797413, -3648.9029582928706, -3140.04126775644, -3277.7753247575174, -3581.6019510012616, -3461.611878632726, -3465.765403901401, -4402.099774105279, -3604.6123095944536, -3512.5500804666426, -4192.881595102695, -3607.875602451096, -3570.159730590049, -4158.811949740578, -3865.181184949939, -3432.923968588256, -3794.562747959497, -2935.6130420140307, -2097.282396808351, -3317.649142970512, -4080.8875191379075, -3561.3153718097315, -3499.8247305426676, -3717.586516795318, -4381.901508471624, -4104.374922819794, -3720.604010366796, -3505.546463597854, -3252.2237442392975, -3424.786835260543, -3165.055358007915, -3495.116617421814, -4275.968733096926, -4174.583931210012, -3418.9927129408006, -3751.4072170208665]
Time
3.8849422931671143
The result for the 19th execution is
Query Result
[331.0, 355.0, 407.0, 396.0, 395.0, 393.0, 369.0, 382.0, 393.0, 424.0, 370.0, 391.0, 443.0, 377.0, 412.0, 361.0, 351.0, 375.0, 378.0, 362.0, 373.0, 357.0, 428.0, 426.0, 370.0, 431.0, 401.0, 376.0, 407.0, 388.0, 406.0, 390.0, 432.0, 439.0, 356.0, 396.0, 340.0, 368.0, 379.0, 418.0, 390.0, 360.0, 345.0, 404.0, 371.0, 392.0, 378.0, 337.0, 430.0, 382.0]
Noised Result
[-3549.6956598312945, -3697.538200070438, -3681.7454965884876, -2974.115538658927, -3837.5036370634007, -3486.2575924744265, -3799.1117916404055, -3980.6845135458334, -3258.5985567474836, -3444.6875911832826, -3626.4739996295198, -3018.7861894513853, -2436.318321851316, -3788.3099762447455, -3470.2238528642883, -3769.492860993776, -3903.1114119234444, -3868.8648802990856, -3541.3290822296703, -3707.1382665156275, -2492.734164273952, -3567.640472550265, -3189.878797972672, -3208.608616315514, -3500.31966241548, -1844.150914761647, -3533.191714203875, -3771.9954119667295, -3294.396260777584, -3848.5839377140055, -3433.403481716985, -2890.9424498133544, -3841.074930502211, -3472.52376697951, -3307.5452720287085, -3776.9101991778934, -2410.695433518081, 8542223.935024977, -3553.314756223215, -3556.648110513713, -3264.0030877397166, -3391.919501081414, -3130.3614336905302, -3267.084059005718, -4099.612616976788, -3559.54814196802, -4028.7818910548494, -2591.9310594136364, -3854.808051039213, -3406.6430172249875]
Time
3.9840941429138184
