The result for the 0th execution is
Query Result
[12126.0, 12188.0, 12507.0, 12546.0, 12147.0, 12183.0, 12190.0, 12235.0, 12357.0, 12444.0, 12359.0, 12468.0, 12625.0, 12376.0, 12578.0, 12752.0, 12775.0, 12270.0, 12535.0, 12143.0, 12635.0, 12875.0, 12367.0, 12433.0, 12459.0, 12839.0, 12250.0, 12591.0, 12321.0, 12304.0, 12376.0, 12318.0, 12395.0, 11879.0, 12293.0, 12324.0, 12317.0, 12130.0, 12369.0, 12258.0, 12518.0, 12762.0, 12048.0, 12156.0, 12427.0, 12368.0, 12553.0, 12010.0, 12333.0, 12225.0]
Noised Result
[-2626.7530593028932, 1871.7472134947202, 1785.2701525680923, 3557.2411664937417, 1922.2376564603628, 1524.637433994264, 2277.8667695633967, 1649.9247725985806, 1544.2166615040978, 1558.5847297799419, 2152.115231115791, 2217.8431174511315, 1515.313009708526, 2447.668309347935, 3179.879191719093, 3630.869106857046, 2927.8749653028835, 2697.239559505044, 290.90980893807864, 753.9898620202493, 1458.9011181394508, 1587.0567326749897, 1546.1293129318274, 2689.9646549743684, 1031.332360058157, 3428.865049971917, 704.6122872096712, 4897.866649511919, 2583.0820474780994, -588.4445897573441, 1769.7978502573787, 2463.794985193572, 5723.6193178871345, 914.0862561610993, 2716.1363925408923, 1791.947098174548, 1984.4316304758577, 2766.844060900601, 4191.3487550562, 2408.6498838730604, 4416.126128924446, 2349.3657607805253, 408.69993356197847, 4940.269147058564, 2375.1628638239026, 3727.6615898144155, 1851.4958513426363, 2903.5758232374874, 5621.962572626433, 1569.693892533086]
Time
10.484540939331055
The result for the 1th execution is
Query Result
[12126.0, 12188.0, 12507.0, 12546.0, 12147.0, 12183.0, 12190.0, 12235.0, 12357.0, 12444.0, 12359.0, 12468.0, 12625.0, 12376.0, 12578.0, 12752.0, 12775.0, 12270.0, 12535.0, 12143.0, 12635.0, 12875.0, 12367.0, 12433.0, 12459.0, 12839.0, 12250.0, 12591.0, 12321.0, 12304.0, 12376.0, 12318.0, 12395.0, 11879.0, 12293.0, 12324.0, 12317.0, 12130.0, 12369.0, 12258.0, 12518.0, 12762.0, 12048.0, 12156.0, 12427.0, 12368.0, 12553.0, 12010.0, 12333.0, 12225.0]
Noised Result
[623.8001232700717, 4518.074589756801, -91.73211886566969, 3054.729247309936, 2956.2131983592135, 888.2442795935076, 1047.5239408823, 1291.8923524692436, 1994.2218113202753, 1717.904667356167, 2323.4571103239105, 1271.671472287504, 3434.7282359837045, 2457.481996265694, 2113.4313962273736, 2711.7352712598376, 2493.6345112164663, 3361.462004804149, 849.8430357548677, 2980.1843843102843, 2077.082606138156, 3462.9654343366847, 2312.3305016661043, 2052.734509782067, 1900.5873398123558, 2278.334253733591, 1412.4434971219225, 3773.9250777886236, 320.8315042723425, 2188.597960112962, 2473.040639582525, 3955.7400422946066, 478.00473629016597, 4113.794163941355, 1517.801095593908, 4113.56383357329, 1589.5175727839896, 3821.350586649398, 2095.0199157329143, 2765.5404093888283, 2287.696237765025, 2706.2894043648685, -54.793841772534506, 2767.155186620156, 2901.409352010175, -359.13999259674347, 5497.543758533367, 1883.98998244005, 4673.359698847136, 1805.3029537133016]
Time
10.359417915344238
The result for the 2th execution is
Query Result
[12126.0, 12188.0, 12507.0, 12546.0, 12147.0, 12183.0, 12190.0, 12235.0, 12357.0, 12444.0, 12359.0, 12468.0, 12625.0, 12376.0, 12578.0, 12752.0, 12775.0, 12270.0, 12535.0, 12143.0, 12635.0, 12875.0, 12367.0, 12433.0, 12459.0, 12839.0, 12250.0, 12591.0, 12321.0, 12304.0, 12376.0, 12318.0, 12395.0, 11879.0, 12293.0, 12324.0, 12317.0, 12130.0, 12369.0, 12258.0, 12518.0, 12762.0, 12048.0, 12156.0, 12427.0, 12368.0, 12553.0, 12010.0, 12333.0, 12225.0]
Noised Result
[2555.8577119290767, 2172.9146016552513, 1504.4539627505337, 2892.5871590553625, 348.3881591241443, 3365.715275740681, 1825.8626441897895, 3675.9137370856015, 4798.175687445448, 2323.565269217179, 1806.6073462446848, 1887.3985287454443, 2135.966092311598, 998.9534428201023, 2053.1343159774488, 3725.1344378185313, 3261.7044173147206, 1895.4500293987276, 2412.91128162517, -435.2139561811673, 3556.9442507682597, -31.195887582622163, 2163.3029726398727, 1998.4602327740022, 1894.8974041570427, 2599.687124465656, 3677.300288206243, 2172.008898125421, 2631.4360444536333, 2077.032320992932, 1708.4238199104466, 2385.095820405685, 1178.8533729746923, 2066.107962946594, 142.55680416844007, 3096.489540993901, 737.4392441188193, 2423.9510607735547, 2337.092650011459, 698.0084749919915, 3028.2044209100704, 2394.899864123896, -1477.5072384992527, 718.0198032933513, 2119.5608374203193, 2160.190375683039, 1244.5108819431098, 4248.25422143041, 1828.581869377721, 1854.1686026022771]
Time
10.38295316696167
The result for the 3th execution is
Query Result
[12126.0, 12188.0, 12507.0, 12546.0, 12147.0, 12183.0, 12190.0, 12235.0, 12357.0, 12444.0, 12359.0, 12468.0, 12625.0, 12376.0, 12578.0, 12752.0, 12775.0, 12270.0, 12535.0, 12143.0, 12635.0, 12875.0, 12367.0, 12433.0, 12459.0, 12839.0, 12250.0, 12591.0, 12321.0, 12304.0, 12376.0, 12318.0, 12395.0, 11879.0, 12293.0, 12324.0, 12317.0, 12130.0, 12369.0, 12258.0, 12518.0, 12762.0, 12048.0, 12156.0, 12427.0, 12368.0, 12553.0, 12010.0, 12333.0, 12225.0]
Noised Result
[1805.6631704949168, 2175.721702282701, 2807.1139013101147, 3605.396833148572, 2160.9472913929403, 1168.5073746572998, 2406.2355321625364, 2860.8804976239717, 1888.526804288479, 2082.211089563968, 2794.362095569525, 2082.981880985467, 3789.8679843523632, 1109.3263557455466, 2655.1195861031083, 2302.123166283858, 871.343644846298, 2441.920864077908, 2565.7594242226132, 3810.550210389445, 4551.151816960111, 3027.769454984639, 2006.9208028747025, 2183.105718669506, -34.76925090522127, 1797.9411640245453, 1519.0213638063633, 1321.7429559008324, 1052.6820183559284, 196.9156214413888, 1406.5177175709032, 1251.2238581593701, 1445.6979600949426, 2549.732261691076, 1833.4998614996557, 393.2473163851246, 1172.5465709487362, 1566.3972543522623, 2101.3812160015596, 2644.988474939015, 2430.0668554982085, 2298.2681964838584, 2232.2664334655765, 1955.0729071135793, 1789.4810735701349, 2023.4574358389027, 4116.075493260406, 2471.5894750985426, 1892.4207375967007, 3013.9223664206047]
Time
10.212002038955688
The result for the 4th execution is
Query Result
[12126.0, 12188.0, 12507.0, 12546.0, 12147.0, 12183.0, 12190.0, 12235.0, 12357.0, 12444.0, 12359.0, 12468.0, 12625.0, 12376.0, 12578.0, 12752.0, 12775.0, 12270.0, 12535.0, 12143.0, 12635.0, 12875.0, 12367.0, 12433.0, 12459.0, 12839.0, 12250.0, 12591.0, 12321.0, 12304.0, 12376.0, 12318.0, 12395.0, 11879.0, 12293.0, 12324.0, 12317.0, 12130.0, 12369.0, 12258.0, 12518.0, 12762.0, 12048.0, 12156.0, 12427.0, 12368.0, 12553.0, 12010.0, 12333.0, 12225.0]
Noised Result
[2294.271040657729, 2051.6389952513773, 1953.3928358392286, 2250.257150763251, 2274.8456248833118, 2230.926903491183, 2003.9767440939622, 1214.3406010504405, 1049.4312381915006, 2011.2713651334916, 3851.418023072909, 2673.4245787647824, 2482.3603285580493, 1943.6456692705633, 2309.3044359627593, 2959.2252005386936, 2535.205795283925, 1428.3092562322881, 2401.920312196118, 1114.363419148871, 2916.1418412527655, 3116.834651228629, 1939.7645491917647, 2847.213378384762, -305.2744749182275, 2527.593217572792, 1768.176340406013, 2061.56687662482, 2407.5169613157213, 508.78215472125885, -1130.276872834036, 2074.5997097658856, 2330.1224849737882, -1571.7778753648145, 1577.7722116789619, 2789.3757683043114, 853.012318669551, 947.302677707079, 3494.433141199923, 1834.337617333208, 2118.7351412188827, 1777.8480855368862, 1693.0625545523417, 3801.1686643685134, 2008.0557246897133, 4068.673776784278, 2868.386585589531, 1465.73808971566, 1075.086759393238, 314.2642083473529]
Time
10.505753993988037
The result for the 5th execution is
Query Result
[12126.0, 12188.0, 12507.0, 12546.0, 12147.0, 12183.0, 12190.0, 12235.0, 12357.0, 12444.0, 12359.0, 12468.0, 12625.0, 12376.0, 12578.0, 12752.0, 12775.0, 12270.0, 12535.0, 12143.0, 12635.0, 12875.0, 12367.0, 12433.0, 12459.0, 12839.0, 12250.0, 12591.0, 12321.0, 12304.0, 12376.0, 12318.0, 12395.0, 11879.0, 12293.0, 12324.0, 12317.0, 12130.0, 12369.0, 12258.0, 12518.0, 12762.0, 12048.0, 12156.0, 12427.0, 12368.0, 12553.0, 12010.0, 12333.0, 12225.0]
Noised Result
[3593.381123208045, 3304.2962329569964, 579.6625033087948, 3504.030479345065, 1779.9834776661628, -228.7366811322736, 6377.3303988796915, 1064.2581521611446, 646.6620062346137, 1166.5989257781584, 2980.47248652135, 3126.79938215565, 732.9507511196789, 2877.580401135362, 805.1310665877609, 2625.5649856223145, 1970.3865565407996, 75.57540476830945, 727.9870751130875, 12357.24771193708, 1594.9957578053509, 1781.8513471307724, 1916.7795027218472, 1179.2412958301466, 2883.022549790162, 4208.972721853585, 1723.501511935402, 2393.760845042708, 1863.747736715315, 2300.085206246774, 2511.609628256315, -418.23974204906335, 2048.7835020205985, 900.6451143485519, 2194.09607671503, 1697.0503618440134, 1526.7442664167102, 2109.7182033489853, 5069.795088616556, 1997.1136421937263, 2108.973477272548, 2139.5713082807797, 2459.6198549829187, 1030.205569192367, -678.4642411773602, 2339.616997050053, 3470.8702021268964, 1822.8756924915288, 2072.6650842588106, 224.20349942009125]
Time
10.419922828674316
The result for the 6th execution is
Query Result
[12126.0, 12188.0, 12507.0, 12546.0, 12147.0, 12183.0, 12190.0, 12235.0, 12357.0, 12444.0, 12359.0, 12468.0, 12625.0, 12376.0, 12578.0, 12752.0, 12775.0, 12270.0, 12535.0, 12143.0, 12635.0, 12875.0, 12367.0, 12433.0, 12459.0, 12839.0, 12250.0, 12591.0, 12321.0, 12304.0, 12376.0, 12318.0, 12395.0, 11879.0, 12293.0, 12324.0, 12317.0, 12130.0, 12369.0, 12258.0, 12518.0, 12762.0, 12048.0, 12156.0, 12427.0, 12368.0, 12553.0, 12010.0, 12333.0, 12225.0]
Noised Result
[1339.0387526058012, 2428.5499382097105, 1471.6718040294927, 2152.8588171513384, 2523.4864876537395, 1677.0964599020135, 3067.6659228853505, 2250.69379055193, 1634.4507480361963, 3557.3807789563307, 2992.9468829880925, 2026.3490761019648, 3133.025665343539, 2080.288184061499, 2378.9810245054296, 1829.9233206272456, 4274.190845968366, 3922.4842997053374, 3352.0507179675133, 488.189845785917, 2368.4561981433326, 1524.2701566793203, 3256.414594494404, 6204.984818564108, 1883.8460044506355, 3508.3113565855565, 2001.6248753533473, 1426.1099756156336, 1907.8466140527407, 2184.7222715122552, 2164.2771912410226, 1980.5213605942008, 2309.1775815724923, -466.29712641808874, 658.1039614376823, 2395.6188513410816, 1890.252281899735, 2333.735691834856, 4645.707915859571, 973.6738166011401, 1500.4505613153833, 2394.169240770675, 1785.6618456703063, 1029.0367275315257, 3194.138927039534, 2797.021143631777, 2350.7295604601804, 239.98898560561247, 2575.1931512328147, 3568.468092700501]
Time
10.233369588851929
The result for the 7th execution is
Query Result
[12126.0, 12188.0, 12507.0, 12546.0, 12147.0, 12183.0, 12190.0, 12235.0, 12357.0, 12444.0, 12359.0, 12468.0, 12625.0, 12376.0, 12578.0, 12752.0, 12775.0, 12270.0, 12535.0, 12143.0, 12635.0, 12875.0, 12367.0, 12433.0, 12459.0, 12839.0, 12250.0, 12591.0, 12321.0, 12304.0, 12376.0, 12318.0, 12395.0, 11879.0, 12293.0, 12324.0, 12317.0, 12130.0, 12369.0, 12258.0, 12518.0, 12762.0, 12048.0, 12156.0, 12427.0, 12368.0, 12553.0, 12010.0, 12333.0, 12225.0]
Noised Result
[1218.4581894353396, 2659.5042605139397, 874.3470638559411, 3802.6983441871544, -832.1912069713071, 2329.688658026199, 3730.4145441825376, 2990.2867944205564, 2339.8285107997835, 2296.374814550237, 2580.590579078589, 2318.477274146924, 2235.095350837654, 2200.177225719318, 2911.9194452678094, 3886.750356702957, 2846.5371716428817, 2563.420938468479, -2005.719435726649, 3031.010165249234, 2968.1763251342954, 2792.3946618948594, -44.52276979236922, 2561.788583098006, 3226.2256816026365, 2529.4831219086554, 1952.4949587800447, 2950.795814767418, 4551.8541058064575, 2132.5318413654095, 2303.249282654544, 3029.338956481768, 1796.0414493021526, 1840.2833233875008, 3241.281562115493, 2280.380199179801, 2340.0548468313, 2452.719533102194, 3328.3841700134262, 2522.0565432765598, 2059.460917255905, 1873.6117745345318, 4021.164140698712, 1858.4666532482179, 2391.222380556641, 1665.1520398789262, 1263.0274015110153, 2349.067443872892, 1229.707830850677, 1645.971182283789]
Time
10.290648698806763
The result for the 8th execution is
Query Result
[12126.0, 12188.0, 12507.0, 12546.0, 12147.0, 12183.0, 12190.0, 12235.0, 12357.0, 12444.0, 12359.0, 12468.0, 12625.0, 12376.0, 12578.0, 12752.0, 12775.0, 12270.0, 12535.0, 12143.0, 12635.0, 12875.0, 12367.0, 12433.0, 12459.0, 12839.0, 12250.0, 12591.0, 12321.0, 12304.0, 12376.0, 12318.0, 12395.0, 11879.0, 12293.0, 12324.0, 12317.0, 12130.0, 12369.0, 12258.0, 12518.0, 12762.0, 12048.0, 12156.0, 12427.0, 12368.0, 12553.0, 12010.0, 12333.0, 12225.0]
Noised Result
[2775.146689395944, 1105.3538008377454, 1887.3069533381595, 4087.7188332578135, 1888.519006557779, 1129.378181331389, 1696.79377919742, 1788.3392001615202, 2853.397192687077, 2301.241595012043, 2956.551000837141, 2080.803845159593, 1857.5774803526238, 2365.650663597551, 2179.5919846824218, 4325.68223657618, 3575.2089671489393, 2301.8199113510173, 2078.69565630368, 1968.9644811678336, 2324.7664258709474, 2421.959208602263, 1496.0727453938425, 2636.01382029874, 1238.3036260275276, 1523.35458797122, 2307.4255390987228, 2916.451565513252, 1527.0047237455537, 4213.042735807107, 1439.8761145088265, 2583.8088516155613, 2592.107420644161, 3104.115890326606, 3021.3592115728807, 2480.7891036601113, 4581.6858233627445, 2969.671777292925, 3894.7394969028373, 1393.2292899046433, 2508.9914761645487, 2458.2936860898435, 3899.1849272271975, 1960.4561844211048, 3551.9224952232535, 2148.044000157387, 3563.8809106236786, 2256.0754983871384, 765.0105012650365, 3025.255780678898]
Time
10.384007692337036
The result for the 9th execution is
Query Result
[12126.0, 12188.0, 12507.0, 12546.0, 12147.0, 12183.0, 12190.0, 12235.0, 12357.0, 12444.0, 12359.0, 12468.0, 12625.0, 12376.0, 12578.0, 12752.0, 12775.0, 12270.0, 12535.0, 12143.0, 12635.0, 12875.0, 12367.0, 12433.0, 12459.0, 12839.0, 12250.0, 12591.0, 12321.0, 12304.0, 12376.0, 12318.0, 12395.0, 11879.0, 12293.0, 12324.0, 12317.0, 12130.0, 12369.0, 12258.0, 12518.0, 12762.0, 12048.0, 12156.0, 12427.0, 12368.0, 12553.0, 12010.0, 12333.0, 12225.0]
Noised Result
[4057.149489757134, 3189.5973068938392, 2068.550209241931, 2930.5828112541694, 771.6279242226956, 2136.599237042845, -1464.8891018548838, 2193.2008790079553, 2217.4494846343887, 2559.75544268012, 3286.109501233079, 75.87766524282779, 2586.8239715831505, 3125.9745174216714, 3117.728921472395, 1563.686430525193, 941.7702546613982, 3145.918185004599, 3250.8095887433346, 1238.356670290742, 364.23112298431806, 2515.9062554409684, -793.6001286930259, 1420.5261949314372, 1845.3093433451231, 3678.31709566266, 2735.0068136240643, 2312.1816950230177, 2404.407352377829, 1814.4139582647113, 3052.972940574042, 2016.7879252105795, 1905.938034169615, 1949.827908874675, 4049.5806347575126, 5370.236512342266, -637.9614518335402, 2094.628014520009, 2039.334459878699, 3138.196168782295, 2414.44693773193, 1376.5773947311554, 1118.8409364714826, 1330.6794889941657, 2018.8075201869615, 571.5360201234744, 400.3368502422218, 5099.1406927550315, 2603.497624155835, 2121.862934033982]
Time
10.363087177276611
The result for the 10th execution is
Query Result
[12126.0, 12188.0, 12507.0, 12546.0, 12147.0, 12183.0, 12190.0, 12235.0, 12357.0, 12444.0, 12359.0, 12468.0, 12625.0, 12376.0, 12578.0, 12752.0, 12775.0, 12270.0, 12535.0, 12143.0, 12635.0, 12875.0, 12367.0, 12433.0, 12459.0, 12839.0, 12250.0, 12591.0, 12321.0, 12304.0, 12376.0, 12318.0, 12395.0, 11879.0, 12293.0, 12324.0, 12317.0, 12130.0, 12369.0, 12258.0, 12518.0, 12762.0, 12048.0, 12156.0, 12427.0, 12368.0, 12553.0, 12010.0, 12333.0, 12225.0]
Noised Result
[1744.0590798252742, 2431.452015842926, 2321.051049404634, 3645.5580500912292, 1583.8861386603885, 2211.6015633040943, 2911.701856510186, 2872.3674830878736, 1765.9488584491492, 1645.7113926164966, 4537.43461957084, 2775.8569388202804, 2168.317392590855, 1716.1501393534936, 2274.0986783070193, 2543.4275542981322, 3164.6398324356287, 2869.585435320335, 3396.6604861966152, 1781.5889612158871, 1447.4052161416876, 3569.7665201444033, 1979.8877850663202, 2028.4537766718404, 2054.3885806634325, 3258.4891561265067, 1040.1183532378582, 4276.108958657555, 2247.287556176222, 1662.2826116189444, 2579.2959392091725, 1565.5931663347992, 1073.2084257054012, 2147.17368330329, 1879.4334573995648, 2557.2442788798826, 1809.6830242302585, 675.3674395109701, 1738.9907594775304, 2846.48407457709, 3230.1981882636137, 4846.352093410984, 1571.2547807830415, 3029.844638947552, 1210.9135634029753, 3718.7068666003615, 976.0624460021118, 2148.860420388225, 2512.861788023698, 2222.4546315407233]
Time
10.345186233520508
The result for the 11th execution is
Query Result
[12126.0, 12188.0, 12507.0, 12546.0, 12147.0, 12183.0, 12190.0, 12235.0, 12357.0, 12444.0, 12359.0, 12468.0, 12625.0, 12376.0, 12578.0, 12752.0, 12775.0, 12270.0, 12535.0, 12143.0, 12635.0, 12875.0, 12367.0, 12433.0, 12459.0, 12839.0, 12250.0, 12591.0, 12321.0, 12304.0, 12376.0, 12318.0, 12395.0, 11879.0, 12293.0, 12324.0, 12317.0, 12130.0, 12369.0, 12258.0, 12518.0, 12762.0, 12048.0, 12156.0, 12427.0, 12368.0, 12553.0, 12010.0, 12333.0, 12225.0]
Noised Result
[842.8199485135774, 2596.562360675711, 1377.945168086324, 900.496623664807, 2954.9222985410615, 1986.8435540680211, 2032.5117634798007, 1858.880696772123, 2046.757947662486, 1737.7146094298769, 1783.3209729558403, 2343.9243567192198, 2444.990258331626, 2807.9903397277467, 2305.7232193729315, 2412.444547091669, 3102.5351989150095, 1514.7232277907033, 2132.2387276903673, 1977.6068291269003, 3000.740717977781, 1358.796829068926, 1439.503250958216, 713.5122011801523, 306.38968646550165, 3039.896888372794, 2536.3057444824453, 1500.847661925407, 3043.8352903075747, 1321.3712277936747, 1447.2316427665337, 2130.3445170500654, 3682.282286710024, 1538.0376783008242, 739.5201257847166, 2802.649736254082, 1497.528442870851, 2690.6284035974422, 3215.8931605066755, -2092.295659130301, 1155.1484144053702, 2310.7993472317085, 7045.726560923929, 1378.7084524740021, 2469.8098615373283, 2323.258375481547, 2730.055324862391, 1973.5619631578147, 3583.6059340499414, 2637.7543537106303]
Time
10.350852489471436
The result for the 12th execution is
Query Result
[12126.0, 12188.0, 12507.0, 12546.0, 12147.0, 12183.0, 12190.0, 12235.0, 12357.0, 12444.0, 12359.0, 12468.0, 12625.0, 12376.0, 12578.0, 12752.0, 12775.0, 12270.0, 12535.0, 12143.0, 12635.0, 12875.0, 12367.0, 12433.0, 12459.0, 12839.0, 12250.0, 12591.0, 12321.0, 12304.0, 12376.0, 12318.0, 12395.0, 11879.0, 12293.0, 12324.0, 12317.0, 12130.0, 12369.0, 12258.0, 12518.0, 12762.0, 12048.0, 12156.0, 12427.0, 12368.0, 12553.0, 12010.0, 12333.0, 12225.0]
Noised Result
[-2796.4804020796073, 2670.1627804105847, 2214.1056983209446, 2806.296120644566, 1382.0848576225771, 2138.0373339071484, 1331.744597472798, 3549.8018246132997, 5704.63464100518, 2021.3464216391167, 4391.66023617316, 2388.276041801935, 2037.1806190942998, 2307.3134117370155, 3777.88716620999, 2496.576018218537, 1371.433725234714, 2587.926974138297, 2293.9841930603325, 1720.5804669143354, 5262.606942902294, 1073.1179991531844, -2559.100643130183, 2743.456109273662, 2204.1579778018813, 2927.0089922305106, 1989.765496793504, 980.5475184531915, 2058.6755088683303, 2423.2711694404943, 1864.7795974860874, 2526.8610314628504, 3353.405431377736, 1823.7596000147687, 2280.5740261003584, -599.3965904276811, -12.82324357874677, 1883.3054414464068, 536.0288204701264, 2456.6728622464543, 690.5592311250257, 2503.1297812515204, 1235.236597033274, 5241.309258619371, 1584.2682916396561, 1840.0267217117416, 2769.688494077943, 3486.8425428002192, 3006.2694172493757, 1672.2977754357871]
Time
10.342332363128662
The result for the 13th execution is
Query Result
[12126.0, 12188.0, 12507.0, 12546.0, 12147.0, 12183.0, 12190.0, 12235.0, 12357.0, 12444.0, 12359.0, 12468.0, 12625.0, 12376.0, 12578.0, 12752.0, 12775.0, 12270.0, 12535.0, 12143.0, 12635.0, 12875.0, 12367.0, 12433.0, 12459.0, 12839.0, 12250.0, 12591.0, 12321.0, 12304.0, 12376.0, 12318.0, 12395.0, 11879.0, 12293.0, 12324.0, 12317.0, 12130.0, 12369.0, 12258.0, 12518.0, 12762.0, 12048.0, 12156.0, 12427.0, 12368.0, 12553.0, 12010.0, 12333.0, 12225.0]
Noised Result
[5071.337589354269, 2481.9087272421857, 2877.723787323588, 3109.1724077433255, 3029.872443992609, 142.80600800368484, 1715.3749558372565, -554.6990471486442, 1973.8428770570035, 2495.0854878572545, 1944.1828865648167, 5859.906932957953, 2138.9778813065404, 2531.1070250900348, 2210.0025468630565, 1770.6020001170436, 2811.38695992441, 1746.3034927584476, 3235.179571422954, 2486.666955366719, 1787.8406250586377, 3021.119146504686, 836.1999543606344, 2778.8228539679603, 2213.4917266524553, 1365.9409522161932, 2264.804178367134, 1170.738944837036, 2503.506492969117, 1585.6525197599703, 1500.531458070298, 1882.2327941353087, 2148.842154610982, 2318.168079256612, 1545.8885639051414, 3252.214668572853, 1596.3397661288054, 2268.7422899147005, 2387.0108620903175, 1831.3107048506108, 3061.2300290681696, 2118.11824406675, 1194.000863768033, 2430.3697947532164, 3186.8038570426115, 2138.1695734003597, 1996.2632477860443, 2222.236918787258, 3267.1901486327806, 2481.0321770266755]
Time
10.394678592681885
The result for the 14th execution is
Query Result
[12126.0, 12188.0, 12507.0, 12546.0, 12147.0, 12183.0, 12190.0, 12235.0, 12357.0, 12444.0, 12359.0, 12468.0, 12625.0, 12376.0, 12578.0, 12752.0, 12775.0, 12270.0, 12535.0, 12143.0, 12635.0, 12875.0, 12367.0, 12433.0, 12459.0, 12839.0, 12250.0, 12591.0, 12321.0, 12304.0, 12376.0, 12318.0, 12395.0, 11879.0, 12293.0, 12324.0, 12317.0, 12130.0, 12369.0, 12258.0, 12518.0, 12762.0, 12048.0, 12156.0, 12427.0, 12368.0, 12553.0, 12010.0, 12333.0, 12225.0]
Noised Result
[1932.1396843117273, 1467.8775613556227, 2285.211824505285, 2600.060227051663, 2944.172995344532, 1936.8835083585918, 1866.4872866346732, 915.9111244701417, 2554.8935439718134, 3301.7904703578497, 994.8858806440385, 1526.6569165099045, 2169.571624980309, 2899.530055348765, 1636.5470314373542, 4962.647898144181, 2234.1125060545064, 545.9860116068448, -59.41233306055983, 1198.4479288858329, -483.74150801800533, 2847.0257407018835, 4135.30720919876, 3211.8427792626335, 1562.386190497804, 2830.767955516616, 895.524267618137, 1941.1884289559885, 550.0631001805887, 3663.297620579804, 2023.9740532483893, 2172.359875479621, 1430.9173413746294, 1792.6810433151823, 1365.1203388410331, 4535.701579899505, 1315.7527680274889, 2244.3621775053325, 2559.4511419091896, 3577.727884800299, 2457.5316668361584, 2599.7635737201645, 2398.8891287935794, -392.80732812138194, 1778.9756481188624, 1092.4178005331341, 2871.3922484119958, 1815.4856988319489, 2433.4122109749687, 2594.919901120269]
Time
10.299878597259521
The result for the 15th execution is
Query Result
[12126.0, 12188.0, 12507.0, 12546.0, 12147.0, 12183.0, 12190.0, 12235.0, 12357.0, 12444.0, 12359.0, 12468.0, 12625.0, 12376.0, 12578.0, 12752.0, 12775.0, 12270.0, 12535.0, 12143.0, 12635.0, 12875.0, 12367.0, 12433.0, 12459.0, 12839.0, 12250.0, 12591.0, 12321.0, 12304.0, 12376.0, 12318.0, 12395.0, 11879.0, 12293.0, 12324.0, 12317.0, 12130.0, 12369.0, 12258.0, 12518.0, 12762.0, 12048.0, 12156.0, 12427.0, 12368.0, 12553.0, 12010.0, 12333.0, 12225.0]
Noised Result
[1948.6917865376963, 634.4503600264616, 4540.91964357641, 1966.5494841544369, 2410.596244597222, 2553.710255055684, 4118.5861786828955, 3325.680446018616, 1858.611104864749, 2231.4710536491693, 2159.791665164257, 1675.0073001202709, 1991.1564722313024, 1600.3008941664339, 2132.9953981258823, 2312.3258715882166, 1331.952516746518, 2007.4130297441861, 2278.62675559963, 5048.127409969832, 1645.8999462184274, 3665.113159121416, 2142.896708658067, 2096.8446940387576, 2388.1704525494606, 2172.943163299062, 3838.54235145854, 1995.1547481979842, 2370.754672719663, 2816.6788580021885, 2486.831471661788, 663.9562804629932, 2671.188375566431, 325.97174537637875, 2571.0589418789305, 1487.749420082694, 3702.2614738295624, 2468.9464104916933, 2579.749094671258, 1121.9787735005393, 1832.2849780621918, 4461.061996169334, 1270.2205365268674, 2402.5846302608443, 1851.7765994268866, 2539.413426436352, 2147.6926567778464, 2576.5303328419413, -171.34330109354414, 1760.8916578977132]
Time
10.340888500213623
The result for the 16th execution is
Query Result
[12126.0, 12188.0, 12507.0, 12546.0, 12147.0, 12183.0, 12190.0, 12235.0, 12357.0, 12444.0, 12359.0, 12468.0, 12625.0, 12376.0, 12578.0, 12752.0, 12775.0, 12270.0, 12535.0, 12143.0, 12635.0, 12875.0, 12367.0, 12433.0, 12459.0, 12839.0, 12250.0, 12591.0, 12321.0, 12304.0, 12376.0, 12318.0, 12395.0, 11879.0, 12293.0, 12324.0, 12317.0, 12130.0, 12369.0, 12258.0, 12518.0, 12762.0, 12048.0, 12156.0, 12427.0, 12368.0, 12553.0, 12010.0, 12333.0, 12225.0]
Noised Result
[2854.6609500822797, 2039.8272267410102, 1499.3824733570355, 6585.455848843694, 2008.4905173944298, 5748.547724689195, 1309.0902980221554, 2691.1963601764573, 1301.6720577428805, 2158.268236087617, 2462.8294888403198, 1389.174986829952, 5914.426423394558, 3413.1087522105645, 707.8606987117419, 2697.6745060566263, 2621.364338975137, 2523.8113603316096, 1876.9926799676496, 733.0157634625848, 1699.1384680627689, 1982.604075341973, 585.6013958320746, 1849.8979751479746, 2614.1305246333413, 2000.248667259868, 1162.6797905159165, 3268.8534638545534, 3682.8751761889034, 3583.5850513011264, 2974.3895403520155, 1913.8145062374178, 2560.2735578519405, 4053.9717121949525, 2091.786872784477, 2898.487529020593, 4880.38929057795, 3545.98739064672, 2266.9999485563603, 1859.3371803570453, 1695.521814241396, 2370.7333791296633, 2127.853368832384, 2036.586140255994, -1012.7127327631133, 798.3655541455628, 2404.158743578316, 2745.257214748014, -610.4663549846446, 2506.086167806062]
Time
10.359835624694824
The result for the 17th execution is
Query Result
[12126.0, 12188.0, 12507.0, 12546.0, 12147.0, 12183.0, 12190.0, 12235.0, 12357.0, 12444.0, 12359.0, 12468.0, 12625.0, 12376.0, 12578.0, 12752.0, 12775.0, 12270.0, 12535.0, 12143.0, 12635.0, 12875.0, 12367.0, 12433.0, 12459.0, 12839.0, 12250.0, 12591.0, 12321.0, 12304.0, 12376.0, 12318.0, 12395.0, 11879.0, 12293.0, 12324.0, 12317.0, 12130.0, 12369.0, 12258.0, 12518.0, 12762.0, 12048.0, 12156.0, 12427.0, 12368.0, 12553.0, 12010.0, 12333.0, 12225.0]
Noised Result
[1599.9858012107343, 1081.882819513885, 3962.4487878306627, 980.7273106809735, 2207.573158527005, 2641.8989303078542, 2334.305263409543, 1082.5447321218653, 2878.8314049322207, 1258.7368012468214, 3297.449677615072, 5776.769079003799, 3005.395782474374, 1793.5922197102136, 3083.4989548918657, 2616.4051830346143, 2382.2953635723843, 2284.5512890149066, 2314.499087126298, 3337.979412606336, 2278.523914496084, 2778.9789179589525, 4973.508357867456, 1879.9344915599104, 2110.7283769988244, 1863.2025637830084, 1741.7916209933646, 2380.7173001006176, 751.627188431421, 2513.680569394164, 2217.226413443781, 3509.2122013699936, -851.1185564527259, -194.7795405427678, 3062.4960755850598, 874.3033684358743, 2133.47025650442, 3178.6162826442396, 2424.4619810176564, 417.4697417921143, -1340.1113312830548, 2141.228895698583, 1806.350696030183, 2660.252944955868, 3424.3518006565237, 3205.6605681479805, 578.2087271785913, 1527.092155031739, 2994.7433572521986, 2973.0000972656853]
Time
10.299574136734009
The result for the 18th execution is
Query Result
[12126.0, 12188.0, 12507.0, 12546.0, 12147.0, 12183.0, 12190.0, 12235.0, 12357.0, 12444.0, 12359.0, 12468.0, 12625.0, 12376.0, 12578.0, 12752.0, 12775.0, 12270.0, 12535.0, 12143.0, 12635.0, 12875.0, 12367.0, 12433.0, 12459.0, 12839.0, 12250.0, 12591.0, 12321.0, 12304.0, 12376.0, 12318.0, 12395.0, 11879.0, 12293.0, 12324.0, 12317.0, 12130.0, 12369.0, 12258.0, 12518.0, 12762.0, 12048.0, 12156.0, 12427.0, 12368.0, 12553.0, 12010.0, 12333.0, 12225.0]
Noised Result
[-529.0259765663341, 3636.647468129123, 3540.7893861436078, 2653.930513742557, 2032.8682755615155, 2328.308038068534, 7.020147401348368, 3259.024516742197, 3360.312926941515, 1905.642078864823, -621.2935144986914, 2543.7189089631565, 2389.2266104851624, 2111.3887740645323, 2133.7837743314412, 2545.233515746986, 2240.2550315964845, 3752.593932547168, 3342.8432243794423, 252.79748712971923, 2560.431871235417, 2600.216643170479, 3340.941813171047, 2692.1588128204994, 3237.405565868621, 1914.1918652829854, 3965.256964943952, 173.681959257392, 2554.5462054618156, 60.61784445327066, 3432.6636126988706, -381.07399406389413, -525.908148915436, 2930.4897766517133, 4652.697451364085, 4292.397025201697, 4323.370135694669, 5210.168037709915, 2430.812286925975, 2046.094375079132, 3825.9861574310544, 3147.1005116930974, 1739.2920948009114, 2502.6219606316427, 1973.0571500889746, 4203.2825191875745, 650.3387978053561, -833.7260086962706, 1950.203829856996, 2747.4970697007957]
Time
10.263147354125977
The result for the 19th execution is
Query Result
[12126.0, 12188.0, 12507.0, 12546.0, 12147.0, 12183.0, 12190.0, 12235.0, 12357.0, 12444.0, 12359.0, 12468.0, 12625.0, 12376.0, 12578.0, 12752.0, 12775.0, 12270.0, 12535.0, 12143.0, 12635.0, 12875.0, 12367.0, 12433.0, 12459.0, 12839.0, 12250.0, 12591.0, 12321.0, 12304.0, 12376.0, 12318.0, 12395.0, 11879.0, 12293.0, 12324.0, 12317.0, 12130.0, 12369.0, 12258.0, 12518.0, 12762.0, 12048.0, 12156.0, 12427.0, 12368.0, 12553.0, 12010.0, 12333.0, 12225.0]
Noised Result
[2290.750519521497, 2432.2543360103627, 2561.0479327193234, 1546.0188870141828, 1286.7512415837464, 2362.5619811147426, 2158.6055274672954, -2399.0721293748065, 2418.0075866965562, 2638.5017040943085, -289.4267122502242, 2758.864879687576, 4014.8742676608017, 2816.964183400494, 2295.6943374897846, 1641.6132348100255, 5034.464676717657, 2132.5326863716828, 2316.2754504158993, 3266.8078551942735, 3777.6384376170627, 3010.1282673055994, 1712.3832405064813, 1278.7501863885136, 2297.827427624412, 846.2310708679142, 2187.1243433398067, 1806.047340608654, 2738.7315820952335, 1999.5585080165129, 2606.7749425833636, 2388.685617225713, 1360.6746335566022, 2405.474923854661, 828.8500820504178, -1636.9256655930967, 1990.2925703697601, 2922.071628182709, 2724.1015977169036, 2720.474552756914, 1244.920917327876, 2189.2595968769238, 3364.0680764047775, 2043.198080719997, 2006.06354690656, 1262.9979451621857, 827.2892494188491, 2126.654068682583, 2331.745937728786, 1812.6534525194993]
Time
10.331701040267944
