The result for the 0th execution is
Query Result
[80138.79435029996, 79743.98291689993, 80317.42073669983, 79817.2137292999, 113205.20168259957, 89626.0175539002, 83448.58103210009, 77137.1366778999, 90783.15146420026, 91081.314714, 94305.35741570001, 85596.77910119979, 84275.99529930022, 86434.52743999999, 75597.06361180004, 80048.32290129995, 70648.42375739984, 87963.24700679997, 74715.79117979997, 64856.33972049995, 84968.06064809991, 90817.87584010001, 73314.48733869994, 77413.91321649989, 78506.11331749991]
Noised Result
[-1012.5634266373554, -1054.4588303611888, -1070.1285693080915, -1306.7879331646018, -990.4262934726112, -1482.7613829742836, -1244.3985752251224, -1116.6339880387234, -1299.271831726587, -1141.7097712665357, -940.2145290220212, -1516.4528920573002, -1051.071745582874, -1198.574696061688, -1304.0944998240768, -1253.3165281587271, -1540.0778091259383, -1174.199697963413, -1259.205696470598, -1319.8630100900607, -798.6719977660189, -921.2310619635664, -1340.822871815694, -1196.9629796120355, -1177.618896911923]
Time
4.337296485900879
The result for the 1th execution is
Query Result
[80138.79435029996, 79743.98291689993, 80317.42073669983, 79817.2137292999, 113205.20168259957, 89626.0175539002, 83448.58103210009, 77137.1366778999, 90783.15146420026, 91081.314714, 94305.35741570001, 85596.77910119979, 84275.99529930022, 86434.52743999999, 75597.06361180004, 80048.32290129995, 70648.42375739984, 87963.24700679997, 74715.79117979997, 64856.33972049995, 84968.06064809991, 90817.87584010001, 73314.48733869994, 77413.91321649989, 78506.11331749991]
Noised Result
[-1220.8030044656257, -1306.3349031801101, -1138.5204647344742, -380.6029250747365, -1344.6485107201652, -1113.5746528007369, -1120.876076112828, -1184.153413107696, -1212.7278627101082, -1037.1540556552648, -1201.456148119311, -1328.760974941903, -1280.494474586091, -1557.8816356802974, -954.432948300758, -1138.7948913341265, -1632.8607318180354, -1350.4178439891766, -1098.5762517039698, -1390.9893940080688, -940.3404419911001, -1450.0762094926988, -1689.00379010941, -1273.5034742519952, -1284.2587845923726]
Time
4.410338401794434
The result for the 2th execution is
Query Result
[80138.79435029996, 79743.98291689993, 80317.42073669983, 79817.2137292999, 113205.20168259957, 89626.0175539002, 83448.58103210009, 77137.1366778999, 90783.15146420026, 91081.314714, 94305.35741570001, 85596.77910119979, 84275.99529930022, 86434.52743999999, 75597.06361180004, 80048.32290129995, 70648.42375739984, 87963.24700679997, 74715.79117979997, 64856.33972049995, 84968.06064809991, 90817.87584010001, 73314.48733869994, 77413.91321649989, 78506.11331749991]
Noised Result
[-836.8513284483299, -838.6243053587511, -1151.7402189979216, -1268.5325636301943, -1164.5121661080848, -1153.878822831316, -1085.5655427227173, -756.7255967489303, -1377.581815046569, -843.1585037680859, -1105.5905900722769, -1394.045704189382, -1177.9504286417734, -1126.8808473374854, -1181.075029280225, -1228.0283365401083, -1445.35180406018, -1138.577993275093, -1226.2604913209937, -1008.3591639051688, -937.3512920807557, -1092.535166304945, -595.626837876411, -1242.2889477367337, -1168.1506130410896]
Time
4.412021160125732
The result for the 3th execution is
Query Result
[80138.79435029996, 79743.98291689993, 80317.42073669983, 79817.2137292999, 113205.20168259957, 89626.0175539002, 83448.58103210009, 77137.1366778999, 90783.15146420026, 91081.314714, 94305.35741570001, 85596.77910119979, 84275.99529930022, 86434.52743999999, 75597.06361180004, 80048.32290129995, 70648.42375739984, 87963.24700679997, 74715.79117979997, 64856.33972049995, 84968.06064809991, 90817.87584010001, 73314.48733869994, 77413.91321649989, 78506.11331749991]
Noised Result
[-1243.2938449958585, -797.5802727844585, -1750.8063197573313, -1232.008189845758, -1442.3543338399859, -1241.6376331994222, -1201.0027025370875, -1220.0169917449227, -1027.2969706349893, -1435.8247964257166, -756.7314176026055, -1293.0124404953021, -1179.1972966275996, -1101.5166724609599, -1332.526237855951, -1092.6944885045943, -1607.8616424550241, -1208.9425483029363, -1158.7304563349087, -1018.2945782317379, -1143.5991240075452, -1241.7223710555584, -682.7158447533512, -1173.6942467649637, -1538.440160804068]
Time
4.322049379348755
The result for the 4th execution is
Query Result
[80138.79435029996, 79743.98291689993, 80317.42073669983, 79817.2137292999, 113205.20168259957, 89626.0175539002, 83448.58103210009, 77137.1366778999, 90783.15146420026, 91081.314714, 94305.35741570001, 85596.77910119979, 84275.99529930022, 86434.52743999999, 75597.06361180004, 80048.32290129995, 70648.42375739984, 87963.24700679997, 74715.79117979997, 64856.33972049995, 84968.06064809991, 90817.87584010001, 73314.48733869994, 77413.91321649989, 78506.11331749991]
Noised Result
[-878.129116356733, -1318.0810807016444, -1569.1761610133285, -1093.3380262314458, -1110.0960674967216, -1498.6872579384965, -1017.8081793667457, -1723.4897101968202, -1318.0201957742297, -1119.644419461772, -1405.3444384798722, -1310.994891139965, -1354.3446092842585, -1167.2366203959737, -1119.7776910714856, -922.2239868631641, -1055.3052309684085, -894.8243855029668, -1773.1230676129655, -1163.0695426180037, -1490.5510176475384, -965.8362524087156, -1018.5184254312635, -1250.3448870482957, -1005.7229208974634]
Time
4.36863112449646
The result for the 5th execution is
Query Result
[80138.79435029996, 79743.98291689993, 80317.42073669983, 79817.2137292999, 113205.20168259957, 89626.0175539002, 83448.58103210009, 77137.1366778999, 90783.15146420026, 91081.314714, 94305.35741570001, 85596.77910119979, 84275.99529930022, 86434.52743999999, 75597.06361180004, 80048.32290129995, 70648.42375739984, 87963.24700679997, 74715.79117979997, 64856.33972049995, 84968.06064809991, 90817.87584010001, 73314.48733869994, 77413.91321649989, 78506.11331749991]
Noised Result
[-1038.5006991597438, -1104.8902998831877, -1182.6371766825296, -1080.33871509289, -1063.6471111861342, -1863.3056383554367, -1179.8556867025882, -1050.304456177184, -1145.3542814458629, -1137.403743513336, -1193.874265858952, -1244.9712882711456, -1240.1027094970239, -1309.0110573245192, -1225.1349515628508, -1092.256788225458, -1096.7975052667373, -1289.3871626153455, -1117.4962250337283, -1263.3096424428975, -1146.4923979271257, -1197.9983337555307, -1027.9733556155768, -1163.554431308907, -1150.0321384896429]
Time
4.391860246658325
The result for the 6th execution is
Query Result
[80138.79435029996, 79743.98291689993, 80317.42073669983, 79817.2137292999, 113205.20168259957, 89626.0175539002, 83448.58103210009, 77137.1366778999, 90783.15146420026, 91081.314714, 94305.35741570001, 85596.77910119979, 84275.99529930022, 86434.52743999999, 75597.06361180004, 80048.32290129995, 70648.42375739984, 87963.24700679997, 74715.79117979997, 64856.33972049995, 84968.06064809991, 90817.87584010001, 73314.48733869994, 77413.91321649989, 78506.11331749991]
Noised Result
[-704.2725087456042, -1092.3876244470393, -1559.4356571627284, -1144.5510767813803, -1212.8453087501412, -1032.6954994475461, -1432.44928288695, -1199.027612832478, -1553.9739267406806, -837.9164580829924, -1274.9486204200334, -1354.3480783038945, -1371.9932984546758, -1353.7314519789113, -933.3694364031537, -1223.1452974993952, -1249.8209584592626, -989.7970159302668, -1414.6619949305511, -1379.9428193561107, -1243.1708814446717, -857.0112440777871, -1377.2916075287756, -783.3895945409433, -1186.1655955277706]
Time
4.489492177963257
The result for the 7th execution is
Query Result
[80138.79435029996, 79743.98291689993, 80317.42073669983, 79817.2137292999, 113205.20168259957, 89626.0175539002, 83448.58103210009, 77137.1366778999, 90783.15146420026, 91081.314714, 94305.35741570001, 85596.77910119979, 84275.99529930022, 86434.52743999999, 75597.06361180004, 80048.32290129995, 70648.42375739984, 87963.24700679997, 74715.79117979997, 64856.33972049995, 84968.06064809991, 90817.87584010001, 73314.48733869994, 77413.91321649989, 78506.11331749991]
Noised Result
[-1194.0098034423604, -1287.809371303539, -1199.8528760557924, -1189.4139872665976, -2072.020750555167, -1021.8665437264758, -1263.4581496340331, -1059.6684325901776, -1068.160530153034, -1221.6256947576085, -1046.7998906793955, -857.2642611885371, -1078.7769755957704, -1608.3988797549794, -1568.8699715720945, -1189.1953956055052, -1128.6590134166117, -1172.3543059221556, -1204.4470455017847, -1009.9750521660014, -1225.2733145891655, -1201.2601545417212, -1058.5726539470136, -1183.9184319926085, -1388.1760575170774]
Time
4.543950080871582
The result for the 8th execution is
Query Result
[80138.79435029996, 79743.98291689993, 80317.42073669983, 79817.2137292999, 113205.20168259957, 89626.0175539002, 83448.58103210009, 77137.1366778999, 90783.15146420026, 91081.314714, 94305.35741570001, 85596.77910119979, 84275.99529930022, 86434.52743999999, 75597.06361180004, 80048.32290129995, 70648.42375739984, 87963.24700679997, 74715.79117979997, 64856.33972049995, 84968.06064809991, 90817.87584010001, 73314.48733869994, 77413.91321649989, 78506.11331749991]
Noised Result
[-920.0631253935703, -1312.1429791762546, -1262.6513926672658, -979.2068051722604, -1248.8652931076274, -1005.1212219948263, -720.2439740647172, -1545.8280365099208, -1048.4610970088386, -1144.9435737727758, -723.9717530445698, -1237.3688687462247, -1533.7349977670863, -826.5584931306332, -1278.0491100328338, -1165.3376700898089, -1066.985225413815, -1206.4768981943453, -1366.1350421874506, -1142.4356472930199, -1290.911360376816, -1046.5315595222864, -1540.9075169837824, -1195.5240973881448, -1102.2930025421795]
Time
4.334110260009766
The result for the 9th execution is
Query Result
[80138.79435029996, 79743.98291689993, 80317.42073669983, 79817.2137292999, 113205.20168259957, 89626.0175539002, 83448.58103210009, 77137.1366778999, 90783.15146420026, 91081.314714, 94305.35741570001, 85596.77910119979, 84275.99529930022, 86434.52743999999, 75597.06361180004, 80048.32290129995, 70648.42375739984, 87963.24700679997, 74715.79117979997, 64856.33972049995, 84968.06064809991, 90817.87584010001, 73314.48733869994, 77413.91321649989, 78506.11331749991]
Noised Result
[-1387.9349026565997, -1241.522560655942, -1303.577559078442, -1161.9729117752029, -1470.9092423942916, -811.8126556690095, -882.0765351411897, -909.2622081747436, -1244.5190573529471, -940.9269443842154, -1030.5315721308357, -1713.055381577458, -1030.1758554726375, -1505.44202879265, -1358.1349239085494, -1437.0118532732838, -1333.1371917687632, -1127.5088877355379, -1184.4170567873518, -798.136838026842, -1299.6651234135716, -1283.4530830890449, -1214.2376401914069, -1101.6949508577413, -1146.4261533809288]
Time
4.360744476318359
The result for the 10th execution is
Query Result
[80138.79435029996, 79743.98291689993, 80317.42073669983, 79817.2137292999, 113205.20168259957, 89626.0175539002, 83448.58103210009, 77137.1366778999, 90783.15146420026, 91081.314714, 94305.35741570001, 85596.77910119979, 84275.99529930022, 86434.52743999999, 75597.06361180004, 80048.32290129995, 70648.42375739984, 87963.24700679997, 74715.79117979997, 64856.33972049995, 84968.06064809991, 90817.87584010001, 73314.48733869994, 77413.91321649989, 78506.11331749991]
Noised Result
[-1089.9827998697867, -1273.4541955614893, -1097.3139236184743, -1352.913833500342, -332.38322325916727, -1194.234262880407, -1395.6563044974123, -1179.4143488564475, -1148.5954546733055, -1173.4769459517813, -1227.6109113112884, -1138.6256833593516, -1215.0927798667033, -861.358323175255, -1189.8332307133574, -1334.5935255464196, -1233.6611301972707, -1098.26983383639, -1213.2016509575128, 423.1998619896058, -851.6342703217056, -1240.629456276075, -1225.5635788197967, -1254.9405555241667, -1620.5432594193528]
Time
4.503418684005737
The result for the 11th execution is
Query Result
[80138.79435029996, 79743.98291689993, 80317.42073669983, 79817.2137292999, 113205.20168259957, 89626.0175539002, 83448.58103210009, 77137.1366778999, 90783.15146420026, 91081.314714, 94305.35741570001, 85596.77910119979, 84275.99529930022, 86434.52743999999, 75597.06361180004, 80048.32290129995, 70648.42375739984, 87963.24700679997, 74715.79117979997, 64856.33972049995, 84968.06064809991, 90817.87584010001, 73314.48733869994, 77413.91321649989, 78506.11331749991]
Noised Result
[-1156.5330097768856, -1220.7192977538425, -1254.7310660813905, -1160.6937457303889, -977.3651976573526, -1258.1925994904775, -1143.5820092916974, -1228.4395589478859, -1127.4964924906997, -679.6600444146763, -1145.4326837687775, -1155.8993753558793, -1170.4895144537566, -1285.1529318466635, -624.5088388290739, -1283.828123610697, -905.4214634093667, -1149.5834926313196, -1308.9039615955724, -1206.2917391248616, -1092.1627559161036, -1134.6580503167622, -1079.2076042229207, -1147.3855723605748, -908.4399420887144]
Time
4.48830246925354
The result for the 12th execution is
Query Result
[80138.79435029996, 79743.98291689993, 80317.42073669983, 79817.2137292999, 113205.20168259957, 89626.0175539002, 83448.58103210009, 77137.1366778999, 90783.15146420026, 91081.314714, 94305.35741570001, 85596.77910119979, 84275.99529930022, 86434.52743999999, 75597.06361180004, 80048.32290129995, 70648.42375739984, 87963.24700679997, 74715.79117979997, 64856.33972049995, 84968.06064809991, 90817.87584010001, 73314.48733869994, 77413.91321649989, 78506.11331749991]
Noised Result
[-461.50640635111415, -1135.0627568265547, -952.9399366830123, -1289.2838409692774, -1188.3191479153236, -659.8010891602122, -948.4655021366113, -955.1263241480829, -1428.8358666601773, -1042.8432337211714, -1724.8013665368485, -1150.2518225050728, -1472.423894853494, -1204.2823399178412, -1235.0212021554362, -1029.8578024428928, -1555.4423812299603, -1627.0836549045548, -1407.068452582806, -1183.637754669923, -1094.5734987636783, -973.4160823670959, -1016.1342128292154, -1248.0754726640548, -1361.4590251190937]
Time
4.457327604293823
The result for the 13th execution is
Query Result
[80138.79435029996, 79743.98291689993, 80317.42073669983, 79817.2137292999, 113205.20168259957, 89626.0175539002, 83448.58103210009, 77137.1366778999, 90783.15146420026, 91081.314714, 94305.35741570001, 85596.77910119979, 84275.99529930022, 86434.52743999999, 75597.06361180004, 80048.32290129995, 70648.42375739984, 87963.24700679997, 74715.79117979997, 64856.33972049995, 84968.06064809991, 90817.87584010001, 73314.48733869994, 77413.91321649989, 78506.11331749991]
Noised Result
[-1236.6653412400346, -982.9345284510546, -1201.2032715295447, -1181.6602335213345, -1127.7567215056706, -943.889637856189, -940.9918323247093, -1033.4938531629332, -1027.8692271753348, -1055.888294157719, -1253.682532441519, -1532.1678902338376, -1742.469474947889, -960.6513528484979, -1210.9870392522764, -1179.455571861758, -862.1029159966272, -1193.085146866752, -1023.7780912335081, -1349.2637625842212, -1335.8472447347017, -1047.851854677939, -892.3283812775867, -1432.7632370483484, -1251.777001666584]
Time
4.460374593734741
The result for the 14th execution is
Query Result
[80138.79435029996, 79743.98291689993, 80317.42073669983, 79817.2137292999, 113205.20168259957, 89626.0175539002, 83448.58103210009, 77137.1366778999, 90783.15146420026, 91081.314714, 94305.35741570001, 85596.77910119979, 84275.99529930022, 86434.52743999999, 75597.06361180004, 80048.32290129995, 70648.42375739984, 87963.24700679997, 74715.79117979997, 64856.33972049995, 84968.06064809991, 90817.87584010001, 73314.48733869994, 77413.91321649989, 78506.11331749991]
Noised Result
[-881.9965244159307, -1111.0569669141476, -1143.0612728703359, -1448.4230869080848, -1191.4662568481958, -1394.7234676440273, -1141.1734803130746, -1057.6269147122387, -1221.306121984101, -984.6095876027853, -1195.816896671516, -789.9092612841127, -1080.886280269459, -1444.3228882165215, -1403.1622803622129, -1207.5595733501507, -1152.2099225370669, -1245.0610838156451, -1150.61612397277, -1394.4277992187658, -836.5013805929584, -381.8489501109291, -1045.1007988705157, -1053.1146333609938, -1033.080550825739]
Time
4.3820481300354
The result for the 15th execution is
Query Result
[80138.79435029996, 79743.98291689993, 80317.42073669983, 79817.2137292999, 113205.20168259957, 89626.0175539002, 83448.58103210009, 77137.1366778999, 90783.15146420026, 91081.314714, 94305.35741570001, 85596.77910119979, 84275.99529930022, 86434.52743999999, 75597.06361180004, 80048.32290129995, 70648.42375739984, 87963.24700679997, 74715.79117979997, 64856.33972049995, 84968.06064809991, 90817.87584010001, 73314.48733869994, 77413.91321649989, 78506.11331749991]
Noised Result
[-1025.5328212143136, -1305.8389706410946, -1266.7916973577826, -1209.1533125563735, -1101.9878382309155, -1323.806555172935, -1577.4528814413734, -1542.170664642053, -1032.3867721560705, -984.2159195047436, -1121.7413701040775, -1216.4032808298175, -1463.295634203973, -1207.499180451358, -1014.760513228676, -1218.3665026366357, -1286.8511598318141, -1009.1248484141195, -1244.1084245092998, -1129.1530067683825, -981.7242675858638, -1025.248383319035, -1224.4493655245615, -1147.0697502531823, -1128.4302452750903]
Time
4.470977067947388
The result for the 16th execution is
Query Result
[80138.79435029996, 79743.98291689993, 80317.42073669983, 79817.2137292999, 113205.20168259957, 89626.0175539002, 83448.58103210009, 77137.1366778999, 90783.15146420026, 91081.314714, 94305.35741570001, 85596.77910119979, 84275.99529930022, 86434.52743999999, 75597.06361180004, 80048.32290129995, 70648.42375739984, 87963.24700679997, 74715.79117979997, 64856.33972049995, 84968.06064809991, 90817.87584010001, 73314.48733869994, 77413.91321649989, 78506.11331749991]
Noised Result
[-1157.9144092113463, -509.9450008652145, -950.822898237152, -1008.8843820014336, -1179.426313545384, -1143.4040556385098, -422.52572736506283, -1259.2757027430212, -1384.4642343581988, -1198.820168498672, -1154.643143192945, -1194.4739635464687, -644.3594447419774, -1452.1687114626025, -1291.0942289720915, -972.3650420556467, -1688.1305218255875, -1317.1126980828053, -1240.4576926534476, -1231.1411144928347, -1010.2482670053048, -492.40617868246295, -1490.9951636175174, -1099.7471108756836, -659.904395183737]
Time
4.504379510879517
The result for the 17th execution is
Query Result
[80138.79435029996, 79743.98291689993, 80317.42073669983, 79817.2137292999, 113205.20168259957, 89626.0175539002, 83448.58103210009, 77137.1366778999, 90783.15146420026, 91081.314714, 94305.35741570001, 85596.77910119979, 84275.99529930022, 86434.52743999999, 75597.06361180004, 80048.32290129995, 70648.42375739984, 87963.24700679997, 74715.79117979997, 64856.33972049995, 84968.06064809991, 90817.87584010001, 73314.48733869994, 77413.91321649989, 78506.11331749991]
Noised Result
[-1247.1351526657688, -1430.5737274402757, -1569.252628044259, -970.433172223167, -1132.9139050425179, -1270.40418162327, -1290.3364139285852, -1126.0431707879256, -808.4151863300212, -1282.0688765748855, -1149.0289765143923, -1117.8706854498869, -1162.4801176902067, -1133.673098670329, -1251.7597548972494, -2060.6714248949497, -1411.0456045884262, -1212.4447916850174, -2061.9794936162352, -1232.9453082891375, -1273.4524646947218, -700.6617693539212, -714.6481158887035, -1044.8382273280401, -834.9705911989315]
Time
4.358299493789673
The result for the 18th execution is
Query Result
[80138.79435029996, 79743.98291689993, 80317.42073669983, 79817.2137292999, 113205.20168259957, 89626.0175539002, 83448.58103210009, 77137.1366778999, 90783.15146420026, 91081.314714, 94305.35741570001, 85596.77910119979, 84275.99529930022, 86434.52743999999, 75597.06361180004, 80048.32290129995, 70648.42375739984, 87963.24700679997, 74715.79117979997, 64856.33972049995, 84968.06064809991, 90817.87584010001, 73314.48733869994, 77413.91321649989, 78506.11331749991]
Noised Result
[-971.4306657060758, -1392.2990521594693, -1073.7983326770213, -842.6028886952186, -1060.4344306316343, -1244.954181409146, -1345.9688724283787, -1247.3485601215693, -921.7120931025793, -1255.3888326968301, -1161.7661614816361, -1119.9991451086503, -702.7226787221009, -842.7155398421485, -1407.6960150814948, -1058.5622491494141, -1443.7844195622629, -1224.1218216886427, -1085.5706785863576, -1200.0459206977312, -1189.7378541102298, -1142.8948085332006, -1371.1309930419873, -1308.039845472123, -1058.3609188023865]
Time
4.51841139793396
The result for the 19th execution is
Query Result
[80138.79435029996, 79743.98291689993, 80317.42073669983, 79817.2137292999, 113205.20168259957, 89626.0175539002, 83448.58103210009, 77137.1366778999, 90783.15146420026, 91081.314714, 94305.35741570001, 85596.77910119979, 84275.99529930022, 86434.52743999999, 75597.06361180004, 80048.32290129995, 70648.42375739984, 87963.24700679997, 74715.79117979997, 64856.33972049995, 84968.06064809991, 90817.87584010001, 73314.48733869994, 77413.91321649989, 78506.11331749991]
Noised Result
[-1196.08932450714, -1083.0471576018174, -1141.7178473784827, -1196.1544305610244, -1011.7703872500756, -1563.9022445947066, -987.9525539391991, -1332.4017650934713, -1370.9450438699332, -1048.050223141689, -1176.1058137754187, -1205.1554875692602, -1060.7908422255482, -950.6138752093486, -1189.8378683290236, -1335.4532564991805, -1240.315139113461, -1078.6406419433724, -1359.2099493792434, -1339.8496922581446, -2227.9001547528383, -1166.7517403324978, -1212.0632613593082, -1262.0059649653554, -1261.0037464201102]
Time
4.487604141235352
