The result for the 0th execution is
Query Result
[1358439.084718401, 1407556.9956701063, 1383169.9489462902, 1409753.8339369057, 1370998.5062495982, 1407166.1414945156, 1377230.8921930033, 1416075.4834133065, 1403969.3356785085, 1429646.3416977944, 1448378.2563402941, 1366916.5869667006, 1460640.2277245112, 1391769.7357131937, 1360592.4208795847, 1343881.5992106015, 1388212.5081979004, 1387556.1243629032, 1385024.0045281847, 1380678.6354330936, 1420412.8906204992, 1410634.5404020143, 1413103.5836758967, 1401726.705590404, 1357956.8538855931]
Noised Result
[243191.169657495, 69379.96024579788, 569767.2073911238, 202412.13983497175, 321546.3675175116, 175190.93664590712, 110374.69618126441, 163210.44684390735, 133698.0770457394, 200868.23646518472, 260026.0381747249, 218034.93705437845, 122367.65342109639, 148285.38307630213, 171719.1650370336, 98232.76564239914, 206790.34720918746, 70839.43685668957, 371980.911231191, 99090.36373699922, 215430.89088273176, 175967.9172827428, 206459.7087209199, 171642.32389129617, 268988.7178764724]
Time
13.588690757751465
The result for the 1th execution is
Query Result
[1358439.084718401, 1407556.9956701063, 1383169.9489462902, 1409753.8339369057, 1370998.5062495982, 1407166.1414945156, 1377230.8921930033, 1416075.4834133065, 1403969.3356785085, 1429646.3416977944, 1448378.2563402941, 1366916.5869667006, 1460640.2277245112, 1391769.7357131937, 1360592.4208795847, 1343881.5992106015, 1388212.5081979004, 1387556.1243629032, 1385024.0045281847, 1380678.6354330936, 1420412.8906204992, 1410634.5404020143, 1413103.5836758967, 1401726.705590404, 1357956.8538855931]
Noised Result
[158477.45841144392, 208754.64570091595, 376127.9722228952, 157667.59153757984, 271683.54058763385, 246061.2999797176, 200377.24292065285, 250902.55034487764, 97277.63472574193, 219951.61790458544, 108421.63852116477, 317262.4452520986, 178149.51026953652, 176555.7701978479, 250275.9979549324, 291083.38395758625, 43247.88634273468, 114075.49245950952, 243715.97533977567, 364297.8478502708, 524402.034836666, 169924.73306980752, 124267.04164831346, 144032.90155425854, 137889.86039411213]
Time
13.744746685028076
The result for the 2th execution is
Query Result
[1358439.084718401, 1407556.9956701063, 1383169.9489462902, 1409753.8339369057, 1370998.5062495982, 1407166.1414945156, 1377230.8921930033, 1416075.4834133065, 1403969.3356785085, 1429646.3416977944, 1448378.2563402941, 1366916.5869667006, 1460640.2277245112, 1391769.7357131937, 1360592.4208795847, 1343881.5992106015, 1388212.5081979004, 1387556.1243629032, 1385024.0045281847, 1380678.6354330936, 1420412.8906204992, 1410634.5404020143, 1413103.5836758967, 1401726.705590404, 1357956.8538855931]
Noised Result
[304958.4539845999, 200672.65763670835, 156180.53191788006, 122309.7723269487, 193108.4703303445, 257353.61249321443, 137527.45449065056, 171497.91374272457, 58616.58083462168, 249428.46948102792, 151684.18647073698, 41937.06508724924, 206271.77077176364, 193568.28307861008, 119044.170821768, 136789.50985269115, 192818.04732664936, 206391.0639538617, 253304.53676747228, 218724.38819112617, 94329.62332143425, 196319.8962018534, 72645.17388637364, 101515.08430971968, 260211.21090676694]
Time
13.76109004020691
The result for the 3th execution is
Query Result
[1358439.084718401, 1407556.9956701063, 1383169.9489462902, 1409753.8339369057, 1370998.5062495982, 1407166.1414945156, 1377230.8921930033, 1416075.4834133065, 1403969.3356785085, 1429646.3416977944, 1448378.2563402941, 1366916.5869667006, 1460640.2277245112, 1391769.7357131937, 1360592.4208795847, 1343881.5992106015, 1388212.5081979004, 1387556.1243629032, 1385024.0045281847, 1380678.6354330936, 1420412.8906204992, 1410634.5404020143, 1413103.5836758967, 1401726.705590404, 1357956.8538855931]
Noised Result
[84508.07305801567, 234074.68572409207, 180124.9488459821, 448975.16921652056, 107738.16309258377, 144366.77145271038, 607805.2857201655, 262246.2410213642, 302029.0059620237, 308676.6676460847, 231893.76017700287, 121445.2370960688, 226723.5274041117, 218239.8936358234, 83424.24911008502, 237148.5023893501, 181485.31127746264, 217760.13696238678, 99446.25963898143, 147380.9214828111, 247417.98415721313, 635834.783568216, 111349.05612909578, 145923.77878041798, 286948.4488840769]
Time
13.770034074783325
The result for the 4th execution is
Query Result
[1358439.084718401, 1407556.9956701063, 1383169.9489462902, 1409753.8339369057, 1370998.5062495982, 1407166.1414945156, 1377230.8921930033, 1416075.4834133065, 1403969.3356785085, 1429646.3416977944, 1448378.2563402941, 1366916.5869667006, 1460640.2277245112, 1391769.7357131937, 1360592.4208795847, 1343881.5992106015, 1388212.5081979004, 1387556.1243629032, 1385024.0045281847, 1380678.6354330936, 1420412.8906204992, 1410634.5404020143, 1413103.5836758967, 1401726.705590404, 1357956.8538855931]
Noised Result
[196504.1051287786, 344566.50826577493, 64334.295553197095, 73748.27261645603, 283250.57222493074, 107602.68609751842, 177516.08582111623, 431431.8026827817, 389323.03587598563, 257524.25147091434, 199337.11684263055, 199101.07919705007, 171835.95283808874, 186784.40700927132, 263227.13824319746, 178234.2954047497, 114006.43804326013, 153620.15304876247, 194678.94000323128, 250437.97382510244, 267176.5684250224, 198413.86311356397, 196661.66056821495, 263514.36025373766, 88354.08671896579]
Time
13.941532373428345
The result for the 5th execution is
Query Result
[1358439.084718401, 1407556.9956701063, 1383169.9489462902, 1409753.8339369057, 1370998.5062495982, 1407166.1414945156, 1377230.8921930033, 1416075.4834133065, 1403969.3356785085, 1429646.3416977944, 1448378.2563402941, 1366916.5869667006, 1460640.2277245112, 1391769.7357131937, 1360592.4208795847, 1343881.5992106015, 1388212.5081979004, 1387556.1243629032, 1385024.0045281847, 1380678.6354330936, 1420412.8906204992, 1410634.5404020143, 1413103.5836758967, 1401726.705590404, 1357956.8538855931]
Noised Result
[98617.81543437851, 247165.06535460777, 209127.44716362993, 219004.0169429127, 116512.982994118, 158126.8783163228, 202935.97315668967, 53806.058040662785, 178998.27064620552, 215432.35484449915, 99652.9509275934, 260351.055615318, 178717.84628417622, 159245.82126578945, 50721.008024085546, 132497.98447972327, 157229.8784948981, 424430.58547432534, 204051.265052445, 138529.6850167215, 131047.25178578362, 200858.84583239723, 200202.80763144826, 137103.90789565217, 201073.7832085489]
Time
13.807462215423584
The result for the 6th execution is
Query Result
[1358439.084718401, 1407556.9956701063, 1383169.9489462902, 1409753.8339369057, 1370998.5062495982, 1407166.1414945156, 1377230.8921930033, 1416075.4834133065, 1403969.3356785085, 1429646.3416977944, 1448378.2563402941, 1366916.5869667006, 1460640.2277245112, 1391769.7357131937, 1360592.4208795847, 1343881.5992106015, 1388212.5081979004, 1387556.1243629032, 1385024.0045281847, 1380678.6354330936, 1420412.8906204992, 1410634.5404020143, 1413103.5836758967, 1401726.705590404, 1357956.8538855931]
Noised Result
[151595.72572677175, 153439.62883918546, 126693.24629749148, 122037.90037081315, 78434.11163675267, 204769.6872830093, 279513.7237491094, 133710.23608355538, 130591.12315568747, 274698.5394014581, 259135.04887807881, 195271.5139337771, 376482.3591726365, 179798.44692388643, 94671.55965750414, 132788.56327045884, 214289.2616763371, 204289.77718416497, 218634.9469689218, 358447.2376733674, 258618.54947637767, 177765.663449578, 139232.2904541638, 104215.17716175632, 189192.51999451127]
Time
13.571149110794067
The result for the 7th execution is
Query Result
[1358439.084718401, 1407556.9956701063, 1383169.9489462902, 1409753.8339369057, 1370998.5062495982, 1407166.1414945156, 1377230.8921930033, 1416075.4834133065, 1403969.3356785085, 1429646.3416977944, 1448378.2563402941, 1366916.5869667006, 1460640.2277245112, 1391769.7357131937, 1360592.4208795847, 1343881.5992106015, 1388212.5081979004, 1387556.1243629032, 1385024.0045281847, 1380678.6354330936, 1420412.8906204992, 1410634.5404020143, 1413103.5836758967, 1401726.705590404, 1357956.8538855931]
Noised Result
[158935.77453259262, 120651.63616272493, 161360.18171021983, 255031.07405010285, 165731.57624161034, 169257.52608136786, 118837.27713490336, 735489.7446182128, 712375.245037799, 178021.90340974706, 287245.21024156606, 41222.15874527156, 145615.16346145282, 136569.1337755709, 129555.4001123961, 214191.7302935958, 357996.50963985006, 165107.24591658177, 161028.4311061412, 217343.34403616237, 185284.339197587, 200602.49807934207, 162464.80152984348, 81587.68582838401, 150777.7875529842]
Time
13.370924234390259
The result for the 8th execution is
Query Result
[1358439.084718401, 1407556.9956701063, 1383169.9489462902, 1409753.8339369057, 1370998.5062495982, 1407166.1414945156, 1377230.8921930033, 1416075.4834133065, 1403969.3356785085, 1429646.3416977944, 1448378.2563402941, 1366916.5869667006, 1460640.2277245112, 1391769.7357131937, 1360592.4208795847, 1343881.5992106015, 1388212.5081979004, 1387556.1243629032, 1385024.0045281847, 1380678.6354330936, 1420412.8906204992, 1410634.5404020143, 1413103.5836758967, 1401726.705590404, 1357956.8538855931]
Noised Result
[287578.7026689687, 249495.256594514, 102990.16239641997, 88849.18757468049, 71418.77702796331, 156679.94608371577, 187705.97289145936, 217887.24094754108, 348521.8921882701, 341660.9688203419, 204545.12119226984, 99284.4469419287, 297604.33485186636, 90817.69186711044, 62026.55482858344, 144466.71595089772, 109066.45271712018, 141510.21835176332, 422158.4838501571, 168650.9615260117, 382441.688616376, 208413.63119901967, 120175.22633121244, 156705.62354302313, 140133.8280570961]
Time
13.70260238647461
The result for the 9th execution is
Query Result
[1358439.084718401, 1407556.9956701063, 1383169.9489462902, 1409753.8339369057, 1370998.5062495982, 1407166.1414945156, 1377230.8921930033, 1416075.4834133065, 1403969.3356785085, 1429646.3416977944, 1448378.2563402941, 1366916.5869667006, 1460640.2277245112, 1391769.7357131937, 1360592.4208795847, 1343881.5992106015, 1388212.5081979004, 1387556.1243629032, 1385024.0045281847, 1380678.6354330936, 1420412.8906204992, 1410634.5404020143, 1413103.5836758967, 1401726.705590404, 1357956.8538855931]
Noised Result
[173048.22153410618, 209783.43498135614, 189861.6207105521, 253315.97883180087, 103554.80162961513, 274524.8286791657, 414353.62524906744, 124140.55067965237, 359143.21529962076, 186902.6553065859, 216394.4047508603, 185563.6696428405, 131732.78081122343, 142228.08700864122, 177067.26018078835, 174415.79429836024, 131001.50034682604, 168064.65751892258, 179915.65004682844, 311100.8331477862, 270382.36593464646, 367508.6971474129, 229787.266309876, 267747.79736018437, 302143.7738812489]
Time
13.565700769424438
The result for the 10th execution is
Query Result
[1358439.084718401, 1407556.9956701063, 1383169.9489462902, 1409753.8339369057, 1370998.5062495982, 1407166.1414945156, 1377230.8921930033, 1416075.4834133065, 1403969.3356785085, 1429646.3416977944, 1448378.2563402941, 1366916.5869667006, 1460640.2277245112, 1391769.7357131937, 1360592.4208795847, 1343881.5992106015, 1388212.5081979004, 1387556.1243629032, 1385024.0045281847, 1380678.6354330936, 1420412.8906204992, 1410634.5404020143, 1413103.5836758967, 1401726.705590404, 1357956.8538855931]
Noised Result
[221665.817479955, 199038.37371953146, 220106.74180900154, 201199.7405822688, 187210.69890118425, 187180.52498816594, 655612.9765060637, 139756.40398636344, 137548.23295857396, 409601.40527195646, 151522.78431253694, 119910.99982697197, 264260.3481042463, 273694.03476314526, 887529.0214211094, 343335.68649651913, 213782.45779041853, 163002.17996577837, 277391.8848702294, 352293.7946012764, 353286.6417109708, 253000.02716061845, 180350.79507465137, 186006.66312189552, 199832.46259156056]
Time
13.345340013504028
The result for the 11th execution is
Query Result
[1358439.084718401, 1407556.9956701063, 1383169.9489462902, 1409753.8339369057, 1370998.5062495982, 1407166.1414945156, 1377230.8921930033, 1416075.4834133065, 1403969.3356785085, 1429646.3416977944, 1448378.2563402941, 1366916.5869667006, 1460640.2277245112, 1391769.7357131937, 1360592.4208795847, 1343881.5992106015, 1388212.5081979004, 1387556.1243629032, 1385024.0045281847, 1380678.6354330936, 1420412.8906204992, 1410634.5404020143, 1413103.5836758967, 1401726.705590404, 1357956.8538855931]
Noised Result
[159082.44440386794, 258608.87706743635, 26292.148012438673, 187455.37386528717, 360157.7056418974, 95772.94141843787, 201136.4934223293, 175672.67965514085, 185963.61210848996, 391574.1321492137, 345448.95311234845, 381980.334848318, 1000646.6586691127, 180882.9698566642, 167988.29397799156, 218594.77555477875, 78399.8671859678, 598069.5554854508, 331459.22209513764, 93640.79158176575, 204977.01575330016, 250810.10665319464, 197330.82954148966, 147655.77458895545, 213897.57354277244]
Time
13.69497537612915
The result for the 12th execution is
Query Result
[1358439.084718401, 1407556.9956701063, 1383169.9489462902, 1409753.8339369057, 1370998.5062495982, 1407166.1414945156, 1377230.8921930033, 1416075.4834133065, 1403969.3356785085, 1429646.3416977944, 1448378.2563402941, 1366916.5869667006, 1460640.2277245112, 1391769.7357131937, 1360592.4208795847, 1343881.5992106015, 1388212.5081979004, 1387556.1243629032, 1385024.0045281847, 1380678.6354330936, 1420412.8906204992, 1410634.5404020143, 1413103.5836758967, 1401726.705590404, 1357956.8538855931]
Noised Result
[81076.49187610473, 224292.3467747802, 168171.16463979403, 466466.1224575334, 171321.82353104698, 217016.52362479595, 135880.69830237515, 173664.83258935844, 278100.4320308671, 391904.1117665352, 188326.79361402802, 24133.185474738886, 255798.51299268473, 204025.95101846475, 107689.64477372658, 203148.6040230292, 181481.54359828518, 306940.8456447474, 136190.41352536937, 64495.87211120885, 625242.519482978, 194979.9677335422, 126387.65587672411, 211376.37397069973, 345589.2027085186]
Time
13.758472919464111
The result for the 13th execution is
Query Result
[1358439.084718401, 1407556.9956701063, 1383169.9489462902, 1409753.8339369057, 1370998.5062495982, 1407166.1414945156, 1377230.8921930033, 1416075.4834133065, 1403969.3356785085, 1429646.3416977944, 1448378.2563402941, 1366916.5869667006, 1460640.2277245112, 1391769.7357131937, 1360592.4208795847, 1343881.5992106015, 1388212.5081979004, 1387556.1243629032, 1385024.0045281847, 1380678.6354330936, 1420412.8906204992, 1410634.5404020143, 1413103.5836758967, 1401726.705590404, 1357956.8538855931]
Noised Result
[235490.8971229802, 662648.7254396523, 173375.86225115508, 114819.71804696543, 213470.27219060308, 124292.09063181654, 127515.50325002929, 225153.85941080283, 336943.2162342605, 261562.84241175198, 215859.6497436983, 142010.20595037797, 414593.0673381181, 121884.2406374095, 79945.18287064676, 116800.93841508322, 128992.54510426929, 367244.2177291786, 754946.145490853, 219493.0572033357, 303235.8489641831, 181812.77450104777, 265547.8025822615, 171278.48113139835, 309018.5511892212]
Time
13.558227062225342
The result for the 14th execution is
Query Result
[1358439.084718401, 1407556.9956701063, 1383169.9489462902, 1409753.8339369057, 1370998.5062495982, 1407166.1414945156, 1377230.8921930033, 1416075.4834133065, 1403969.3356785085, 1429646.3416977944, 1448378.2563402941, 1366916.5869667006, 1460640.2277245112, 1391769.7357131937, 1360592.4208795847, 1343881.5992106015, 1388212.5081979004, 1387556.1243629032, 1385024.0045281847, 1380678.6354330936, 1420412.8906204992, 1410634.5404020143, 1413103.5836758967, 1401726.705590404, 1357956.8538855931]
Noised Result
[139418.0683172539, 184157.4112984488, 214648.8253262418, 169485.00429147528, 148896.4432391635, 355523.47007672885, 128393.31365754071, 188651.40595940384, 184488.093407572, 148544.28843291046, 336858.16284047195, 167636.37429284665, 220202.05330478644, 160391.7202712376, 331248.2328420818, 445817.50806079165, 219111.21452056256, 151892.89360647136, 303341.2081624809, 229945.39328081952, 204845.39497651556, 375521.8814190449, 323377.3097502397, 228611.93288904984, 111014.1530441863]
Time
13.3720703125
The result for the 15th execution is
Query Result
[1358439.084718401, 1407556.9956701063, 1383169.9489462902, 1409753.8339369057, 1370998.5062495982, 1407166.1414945156, 1377230.8921930033, 1416075.4834133065, 1403969.3356785085, 1429646.3416977944, 1448378.2563402941, 1366916.5869667006, 1460640.2277245112, 1391769.7357131937, 1360592.4208795847, 1343881.5992106015, 1388212.5081979004, 1387556.1243629032, 1385024.0045281847, 1380678.6354330936, 1420412.8906204992, 1410634.5404020143, 1413103.5836758967, 1401726.705590404, 1357956.8538855931]
Noised Result
[232855.4755851174, 79899.09941048012, 510197.6960387372, 265321.25485837285, 143919.45875561086, 143905.86643646215, 194050.33459779387, 214239.4365368504, 239055.88959569205, 107394.05978001584, 433185.70687491214, 164095.24923862028, 213032.9130243212, 325190.5561124733, 226191.9875531149, 132594.7213619867, 160280.1727265945, 155657.17479217122, 157802.3034239785, 86856.3773489208, 231736.44745040685, 142457.04395986092, 282286.3875027164, 175062.20881027647, 188730.07079579157]
Time
13.819896221160889
The result for the 16th execution is
Query Result
[1358439.084718401, 1407556.9956701063, 1383169.9489462902, 1409753.8339369057, 1370998.5062495982, 1407166.1414945156, 1377230.8921930033, 1416075.4834133065, 1403969.3356785085, 1429646.3416977944, 1448378.2563402941, 1366916.5869667006, 1460640.2277245112, 1391769.7357131937, 1360592.4208795847, 1343881.5992106015, 1388212.5081979004, 1387556.1243629032, 1385024.0045281847, 1380678.6354330936, 1420412.8906204992, 1410634.5404020143, 1413103.5836758967, 1401726.705590404, 1357956.8538855931]
Noised Result
[493739.18468744867, 101013.22172090126, 174330.74917380686, 165117.29741777317, 476726.0323706451, 402073.2743664603, 154506.81905110995, 192172.11496765303, 131207.6988667522, 142416.4319417075, 495841.9231557697, 216469.4103834125, 143825.9933019951, 145734.98706473177, 114447.6397670033, 143489.2869153433, 375304.42278546654, 193728.18892356928, 111644.04746278352, 175128.06249459504, 60460.83876025863, 162234.2916579725, 135142.7010781907, 130075.97045352357, 151444.23838169398]
Time
13.936627864837646
The result for the 17th execution is
Query Result
[1358439.084718401, 1407556.9956701063, 1383169.9489462902, 1409753.8339369057, 1370998.5062495982, 1407166.1414945156, 1377230.8921930033, 1416075.4834133065, 1403969.3356785085, 1429646.3416977944, 1448378.2563402941, 1366916.5869667006, 1460640.2277245112, 1391769.7357131937, 1360592.4208795847, 1343881.5992106015, 1388212.5081979004, 1387556.1243629032, 1385024.0045281847, 1380678.6354330936, 1420412.8906204992, 1410634.5404020143, 1413103.5836758967, 1401726.705590404, 1357956.8538855931]
Noised Result
[216614.5792602111, 154631.87131300033, 455890.1417018848, 181357.10510666226, 147814.3444856595, 195911.1310632123, 198042.98901483056, 434127.7862915029, 130378.24778314936, 83536.4706613213, 58866.36496896879, 182667.1914490721, 71136.66420646867, 164213.05940972967, 107953.72818146716, 132241.31139439892, 100596.78574398509, 70092.73090915079, 155107.16454724356, 312557.7406726179, 327926.1102453009, 132877.52612355922, 138317.1148370203, 130358.10695662652, 195598.26306639786]
Time
13.753684520721436
The result for the 18th execution is
Query Result
[1358439.084718401, 1407556.9956701063, 1383169.9489462902, 1409753.8339369057, 1370998.5062495982, 1407166.1414945156, 1377230.8921930033, 1416075.4834133065, 1403969.3356785085, 1429646.3416977944, 1448378.2563402941, 1366916.5869667006, 1460640.2277245112, 1391769.7357131937, 1360592.4208795847, 1343881.5992106015, 1388212.5081979004, 1387556.1243629032, 1385024.0045281847, 1380678.6354330936, 1420412.8906204992, 1410634.5404020143, 1413103.5836758967, 1401726.705590404, 1357956.8538855931]
Noised Result
[153678.22741373093, 227581.6887285181, 169936.45194372445, 164073.19705090928, 108980.93459041545, 100652.18745689053, 138949.8082380147, 132032.91197111784, 327804.75441248436, 185051.4325376394, 208578.4407520953, 163780.58541183034, 340391.5768625861, 189381.55049710663, 204115.44828989683, 165796.37783671566, 207400.68133242836, 88797.40706969448, 253266.69664507126, 238292.18313593825, 133153.84225230466, 186915.9995512406, 49784.02722677236, 86424.19032830436, 286191.2821830775]
Time
13.474225997924805
The result for the 19th execution is
Query Result
[1358439.084718401, 1407556.9956701063, 1383169.9489462902, 1409753.8339369057, 1370998.5062495982, 1407166.1414945156, 1377230.8921930033, 1416075.4834133065, 1403969.3356785085, 1429646.3416977944, 1448378.2563402941, 1366916.5869667006, 1460640.2277245112, 1391769.7357131937, 1360592.4208795847, 1343881.5992106015, 1388212.5081979004, 1387556.1243629032, 1385024.0045281847, 1380678.6354330936, 1420412.8906204992, 1410634.5404020143, 1413103.5836758967, 1401726.705590404, 1357956.8538855931]
Noised Result
[156600.6959410929, 90310.96337420552, 488492.6521721522, 493766.17495740147, 148166.58077386895, 147026.08045645093, 86826.90231019462, 482074.67325033015, 141726.8420246333, 228110.1485572009, 286634.7785589441, 23414.307981936086, 200528.5687027434, 131142.53666142235, 163577.92588023643, 149441.35229228577, 293875.5156017074, 234200.26899218676, 159409.07077743195, 268897.2691671513, 249448.09021287994, 128462.09617246955, 158421.4920399671, 179745.8426985551, 77125.4216958473]
Time
13.685699224472046
