The result for the 0th execution is
Query Result
[178785.7374441998, 174557.9006419002, 181130.7630288004, 178007.17005079967, 178629.31758949996, 183981.52651319987, 179508.7996199997, 182054.26327950045, 178433.18352369996, 180642.11739460056, 178696.36429789953, 179316.70240189988, 181096.2497966003, 180508.6027004996, 182030.6539569999, 184468.80146289954, 180275.23035500004, 179953.9629626, 173598.87351550037, 182313.25241839906, 178368.3961764003, 178718.52346579998, 180338.00750239936, 176499.9877864996, 184757.59741450014, 180573.7660357003, 177992.5390310998, 179124.12054029957, 180323.0249267001, 181473.55916239964, 182039.68933760046, 177833.91269379997, 183240.49122879942, 180618.9906626006, 181229.51971180082, 182358.42777890043, 174869.40165339998, 185311.45806310017, 184284.32333159973, 175125.19995449932, 180636.35561729936, 178430.37718429964, 178886.7568025999, 183465.09969600005, 180332.41804820052, 174354.03241559965, 175975.1614043996, 179908.0860250997, 182143.98752300013, 184142.4632920999]
Noised Result
[83263.42596991808, 50264.45670969096, 55442.3288447458, 48221.65943886712, 53763.4937202631, 78799.99988833949, 70770.33145097765, 74859.00726896155, 54621.009792885976, 58163.427313371605, 49899.035653459214, 58034.66564149504, 79789.0519745773, 83568.61200381695, 54039.29249021874, 70405.52521706566, 68877.21882840911, 55410.24100196095, 89432.31031798874, 76017.60871375681, 54269.8282442582, 58419.7257592245, 61387.17617084259, 72555.8469192264, 53102.036663387975, 64223.21346947801, 60897.783358747896, 67132.72171671773, 40058.67241719891, 66140.63994497938, 61522.701823898155, 54805.08726705714, 64124.908385662566, 60356.82993496493, 58836.236458670435, 70566.52101833643, 50848.058706955126, 61201.624835899915, 73488.86664260885, 63794.89070363329, 82470.56034992865, 64270.28788800865, 46554.35493720633, 60630.91550058404, 74294.71454067288, 58346.82296249762, 60417.75088226777, 60014.84172956502, 62172.16776256231, 65958.82842252395]
Time
7.05477499961853
The result for the 1th execution is
Query Result
[178785.7374441998, 174557.9006419002, 181130.7630288004, 178007.17005079967, 178629.31758949996, 183981.52651319987, 179508.7996199997, 182054.26327950045, 178433.18352369996, 180642.11739460056, 178696.36429789953, 179316.70240189988, 181096.2497966003, 180508.6027004996, 182030.6539569999, 184468.80146289954, 180275.23035500004, 179953.9629626, 173598.87351550037, 182313.25241839906, 178368.3961764003, 178718.52346579998, 180338.00750239936, 176499.9877864996, 184757.59741450014, 180573.7660357003, 177992.5390310998, 179124.12054029957, 180323.0249267001, 181473.55916239964, 182039.68933760046, 177833.91269379997, 183240.49122879942, 180618.9906626006, 181229.51971180082, 182358.42777890043, 174869.40165339998, 185311.45806310017, 184284.32333159973, 175125.19995449932, 180636.35561729936, 178430.37718429964, 178886.7568025999, 183465.09969600005, 180332.41804820052, 174354.03241559965, 175975.1614043996, 179908.0860250997, 182143.98752300013, 184142.4632920999]
Noised Result
[62976.92004087617, 63766.473099380884, 58073.27149056518, 85459.82203479779, 65627.23428397169, 63704.01418670236, 67163.0299434362, 97976.71378543903, 45047.13514143038, 59355.711821495635, 62999.18395760453, 57845.52196323582, 55895.59157744255, 66814.71883896021, 80147.68704564395, 63806.94217636925, 64258.88856397744, 69443.8191661112, 50308.06012405307, 69375.7986995853, 62871.63556415655, 66549.73127878053, 62694.71834768947, 63703.08082736084, 56007.873706708735, 61473.47715940379, 52004.65662122665, 65782.8099537191, 52726.34192236375, 87351.12586540141, 56109.093537601424, 51474.27104743442, 60472.41421367104, 58825.47997439807, 60837.21387985968, 55983.53368191671, 56969.88126142206, 68571.83230286342, 93584.5929413469, 67500.62951062141, 94976.25606061648, 71755.43227774402, 61008.10038301225, 69209.12322491143, 78760.93791196244, 44787.60867217567, 57323.56085492526, 75678.55705898342, 63212.37778652937, 52409.35947371472]
Time
6.914528846740723
The result for the 2th execution is
Query Result
[178785.7374441998, 174557.9006419002, 181130.7630288004, 178007.17005079967, 178629.31758949996, 183981.52651319987, 179508.7996199997, 182054.26327950045, 178433.18352369996, 180642.11739460056, 178696.36429789953, 179316.70240189988, 181096.2497966003, 180508.6027004996, 182030.6539569999, 184468.80146289954, 180275.23035500004, 179953.9629626, 173598.87351550037, 182313.25241839906, 178368.3961764003, 178718.52346579998, 180338.00750239936, 176499.9877864996, 184757.59741450014, 180573.7660357003, 177992.5390310998, 179124.12054029957, 180323.0249267001, 181473.55916239964, 182039.68933760046, 177833.91269379997, 183240.49122879942, 180618.9906626006, 181229.51971180082, 182358.42777890043, 174869.40165339998, 185311.45806310017, 184284.32333159973, 175125.19995449932, 180636.35561729936, 178430.37718429964, 178886.7568025999, 183465.09969600005, 180332.41804820052, 174354.03241559965, 175975.1614043996, 179908.0860250997, 182143.98752300013, 184142.4632920999]
Noised Result
[49599.98620784693, 56218.3248301439, 62043.19980356921, 79067.12279627824, 49234.504110153575, 66721.6813599806, 53937.92776088457, 63155.73581090898, 60931.549829430114, 53936.84859751021, 58953.88253715026, 64293.10617918393, 92702.423470028, 66764.15218534932, 63150.03931124635, 63156.37080122554, 53184.52285052829, 53434.78340118643, 58044.89934763957, 65791.46573387351, 82997.19679447624, 56786.35541618784, 61491.813159396486, 38111.453370520016, 66573.81449404915, 55903.239482733974, 61568.21647536583, 64603.005342683624, 64059.13563833339, 83097.46673420432, 63707.1595177833, 76447.61699308497, 52969.802851526896, 55091.865864227846, 43071.46594160094, 77171.57188237309, 60520.736629283245, 61892.71601737337, 69023.63089588069, 63116.94595869033, 72709.50766472108, 46638.16962678431, 56282.54202463722, 42341.145437950356, 52614.683232768264, 55453.63397285094, 64307.5073729279, 58692.91666369004, 68696.30505664076, 62341.43634106745]
Time
6.958674430847168
The result for the 3th execution is
Query Result
[178785.7374441998, 174557.9006419002, 181130.7630288004, 178007.17005079967, 178629.31758949996, 183981.52651319987, 179508.7996199997, 182054.26327950045, 178433.18352369996, 180642.11739460056, 178696.36429789953, 179316.70240189988, 181096.2497966003, 180508.6027004996, 182030.6539569999, 184468.80146289954, 180275.23035500004, 179953.9629626, 173598.87351550037, 182313.25241839906, 178368.3961764003, 178718.52346579998, 180338.00750239936, 176499.9877864996, 184757.59741450014, 180573.7660357003, 177992.5390310998, 179124.12054029957, 180323.0249267001, 181473.55916239964, 182039.68933760046, 177833.91269379997, 183240.49122879942, 180618.9906626006, 181229.51971180082, 182358.42777890043, 174869.40165339998, 185311.45806310017, 184284.32333159973, 175125.19995449932, 180636.35561729936, 178430.37718429964, 178886.7568025999, 183465.09969600005, 180332.41804820052, 174354.03241559965, 175975.1614043996, 179908.0860250997, 182143.98752300013, 184142.4632920999]
Noised Result
[74179.59449940876, 49726.89647167445, 88600.56581969326, 55671.478286494465, 57604.123321417595, 66415.83286675131, 73495.04906638223, 64998.507419388625, 81765.56892612184, 61069.01590143735, 61184.43995746311, 60108.26955380912, 67731.87705287221, 60367.59932789878, 60406.861479566214, 70048.85339628911, 60674.63431026799, 60116.46196625122, 70592.78887693197, 77603.7551648755, 62710.591996313364, 74529.03651289952, 57553.783243913975, 45430.42586136221, 49451.1696791086, 71390.49315511461, 63426.139033935455, 57281.500830944315, 64519.68483474347, 68680.52255836982, 59656.52028272175, 62620.24697547284, 59465.26534609195, 63904.95263410393, 59357.646190480555, 56766.01606057059, 58687.790698271005, 63535.02651214348, 73145.04824867495, 48234.104064635685, 61722.19462196423, 76252.62324514621, 61642.91734499864, 63336.727795285275, 57666.18170439656, 36112.17886303969, 50938.453229930834, 48799.077226844005, 62069.1867571766, 69944.65146475041]
Time
6.934961795806885
The result for the 4th execution is
Query Result
[178785.7374441998, 174557.9006419002, 181130.7630288004, 178007.17005079967, 178629.31758949996, 183981.52651319987, 179508.7996199997, 182054.26327950045, 178433.18352369996, 180642.11739460056, 178696.36429789953, 179316.70240189988, 181096.2497966003, 180508.6027004996, 182030.6539569999, 184468.80146289954, 180275.23035500004, 179953.9629626, 173598.87351550037, 182313.25241839906, 178368.3961764003, 178718.52346579998, 180338.00750239936, 176499.9877864996, 184757.59741450014, 180573.7660357003, 177992.5390310998, 179124.12054029957, 180323.0249267001, 181473.55916239964, 182039.68933760046, 177833.91269379997, 183240.49122879942, 180618.9906626006, 181229.51971180082, 182358.42777890043, 174869.40165339998, 185311.45806310017, 184284.32333159973, 175125.19995449932, 180636.35561729936, 178430.37718429964, 178886.7568025999, 183465.09969600005, 180332.41804820052, 174354.03241559965, 175975.1614043996, 179908.0860250997, 182143.98752300013, 184142.4632920999]
Noised Result
[68078.26760348247, 59259.849265579825, 90322.3183183812, 71734.16955139197, 32802.44992959943, 54984.112979438796, 53948.48251427642, 73983.41517131038, 58126.55778387987, 49967.28516980226, 58758.667790881904, 59262.73314202929, 57882.067600306465, 67841.09512569904, 80042.66697869569, 75914.12411301721, 58065.19542379736, 58560.81838911859, 59745.53407582696, 67463.8544274506, 70056.78486728112, 69770.17406471049, 56017.43552182491, 62176.00842611579, 62985.024850116395, 69835.38645525757, 44938.99322954977, 75012.80781423318, 56562.27122722734, 51834.46890310825, 68195.94304384926, 67791.04922068137, 58539.71748216166, 51132.23922752145, 63286.68281461815, 67725.32951811614, 54606.15684806556, 88832.3035148378, 58408.88081552091, 60435.00896316281, 93996.58376225573, 95624.40665794964, 58192.37772527311, 71097.03982152292, 91739.43064749608, 48970.13780640757, 57104.262016694105, 59265.805879365114, 64064.21203733731, 66001.49970517337]
Time
6.944885730743408
The result for the 5th execution is
Query Result
[178785.7374441998, 174557.9006419002, 181130.7630288004, 178007.17005079967, 178629.31758949996, 183981.52651319987, 179508.7996199997, 182054.26327950045, 178433.18352369996, 180642.11739460056, 178696.36429789953, 179316.70240189988, 181096.2497966003, 180508.6027004996, 182030.6539569999, 184468.80146289954, 180275.23035500004, 179953.9629626, 173598.87351550037, 182313.25241839906, 178368.3961764003, 178718.52346579998, 180338.00750239936, 176499.9877864996, 184757.59741450014, 180573.7660357003, 177992.5390310998, 179124.12054029957, 180323.0249267001, 181473.55916239964, 182039.68933760046, 177833.91269379997, 183240.49122879942, 180618.9906626006, 181229.51971180082, 182358.42777890043, 174869.40165339998, 185311.45806310017, 184284.32333159973, 175125.19995449932, 180636.35561729936, 178430.37718429964, 178886.7568025999, 183465.09969600005, 180332.41804820052, 174354.03241559965, 175975.1614043996, 179908.0860250997, 182143.98752300013, 184142.4632920999]
Noised Result
[64568.80722645208, 62122.07956153812, 51500.55860363704, 57937.857035124376, 67801.58582352706, 61068.32839972932, 59457.99096471, 65886.58187218144, 86093.64203876538, 71166.26397690583, 61347.15813009217, 53112.37712527515, 72557.75887849859, 64955.48880810961, 67334.50210314461, 67867.58432214728, 47827.984727210336, 58915.1624258135, 57666.89489847624, 61688.32152333605, 89761.35230871594, 73061.42929078676, 69508.34168758306, 53158.38303475559, 80888.306858397, 56692.10727923594, 73701.59433612785, 66317.51300755207, 38121.34675124087, 57503.523027335796, 87461.24605290222, 94399.40949634058, 46767.339813244995, 51156.430371115304, 58380.56957106231, 61521.35329634293, 56762.72645213738, 63346.75912315457, 72247.25399983916, 60641.601553553686, 56601.76347884399, 55979.581140270166, 64660.82415682139, 64499.58822628039, 54565.384592117975, 41723.12122787077, 65255.406280053154, 50909.209033108316, 58431.69097879244, 58402.58170470358]
Time
6.996352910995483
The result for the 6th execution is
Query Result
[178785.7374441998, 174557.9006419002, 181130.7630288004, 178007.17005079967, 178629.31758949996, 183981.52651319987, 179508.7996199997, 182054.26327950045, 178433.18352369996, 180642.11739460056, 178696.36429789953, 179316.70240189988, 181096.2497966003, 180508.6027004996, 182030.6539569999, 184468.80146289954, 180275.23035500004, 179953.9629626, 173598.87351550037, 182313.25241839906, 178368.3961764003, 178718.52346579998, 180338.00750239936, 176499.9877864996, 184757.59741450014, 180573.7660357003, 177992.5390310998, 179124.12054029957, 180323.0249267001, 181473.55916239964, 182039.68933760046, 177833.91269379997, 183240.49122879942, 180618.9906626006, 181229.51971180082, 182358.42777890043, 174869.40165339998, 185311.45806310017, 184284.32333159973, 175125.19995449932, 180636.35561729936, 178430.37718429964, 178886.7568025999, 183465.09969600005, 180332.41804820052, 174354.03241559965, 175975.1614043996, 179908.0860250997, 182143.98752300013, 184142.4632920999]
Noised Result
[67385.19955155862, 41876.399913445115, 59764.123317247846, 43417.5634388718, 61200.218334898826, 62828.62168211525, 49181.75998589577, 63986.48326054023, 66144.60128903278, 70748.82904184281, 69948.21670414675, 46988.937943281795, 87453.50841992634, 59304.34015804294, 57368.22794473593, 63767.14359774307, 57066.493889388454, 64103.57199628188, 52277.824151264664, 78167.4134764781, 64746.684868013006, 59130.091243780254, 78130.9853114929, 65595.1367899879, 67132.82291393714, 56412.35989548632, 58311.585148889004, 53561.87373105885, 68251.58236485964, 53474.09403787491, 64411.44013982622, 61427.121831308534, 63278.131949874376, 69973.26466491418, 57654.557509710074, 52292.08236038688, 77261.3912295434, 65505.423533196794, 62604.29621408675, 50266.073992466394, 54066.63725353558, 62285.57753738334, 63720.155032128314, 63441.92449356219, 57668.9118628059, 56284.76233327768, 67772.46403094729, 52415.105198921854, 64602.38792775283, 65467.53196393802]
Time
6.91394829750061
The result for the 7th execution is
Query Result
[178785.7374441998, 174557.9006419002, 181130.7630288004, 178007.17005079967, 178629.31758949996, 183981.52651319987, 179508.7996199997, 182054.26327950045, 178433.18352369996, 180642.11739460056, 178696.36429789953, 179316.70240189988, 181096.2497966003, 180508.6027004996, 182030.6539569999, 184468.80146289954, 180275.23035500004, 179953.9629626, 173598.87351550037, 182313.25241839906, 178368.3961764003, 178718.52346579998, 180338.00750239936, 176499.9877864996, 184757.59741450014, 180573.7660357003, 177992.5390310998, 179124.12054029957, 180323.0249267001, 181473.55916239964, 182039.68933760046, 177833.91269379997, 183240.49122879942, 180618.9906626006, 181229.51971180082, 182358.42777890043, 174869.40165339998, 185311.45806310017, 184284.32333159973, 175125.19995449932, 180636.35561729936, 178430.37718429964, 178886.7568025999, 183465.09969600005, 180332.41804820052, 174354.03241559965, 175975.1614043996, 179908.0860250997, 182143.98752300013, 184142.4632920999]
Noised Result
[62018.92020673057, 56305.27294382792, 58397.88034120373, 66878.77541966065, 48690.47494817665, 52567.77132147284, 69790.90147963843, 56409.308401788076, 55809.419861452545, 64192.698272208865, 61354.84590000401, 62210.07000529149, 50384.01556627624, 62719.312585977765, 56078.44680268517, 64314.872611954575, 71943.12142421446, 64182.918204293346, 72250.79062295717, 73205.54606797213, 48428.67549716182, 60319.4608070138, 54834.9403989132, 48835.07205464567, 62114.70982900419, 98211.42166642523, 64872.80253587486, 55036.617244110006, 62325.466223190844, 63116.50413085753, 66669.56172170734, 63602.038781473064, 60847.80838378611, 51522.4945612024, 65459.357264934384, 61157.9296263507, 66196.22734413273, 57868.20478046169, 63273.572351230294, 59536.65622441457, 42111.158085882984, 48292.547226563256, 63826.287267154665, 68797.27341554151, 52815.944202460494, 65444.68782277654, 59429.90453068624, 49948.63148294194, 61914.569027034435, 51571.97575807503]
Time
6.957716941833496
The result for the 8th execution is
Query Result
[178785.7374441998, 174557.9006419002, 181130.7630288004, 178007.17005079967, 178629.31758949996, 183981.52651319987, 179508.7996199997, 182054.26327950045, 178433.18352369996, 180642.11739460056, 178696.36429789953, 179316.70240189988, 181096.2497966003, 180508.6027004996, 182030.6539569999, 184468.80146289954, 180275.23035500004, 179953.9629626, 173598.87351550037, 182313.25241839906, 178368.3961764003, 178718.52346579998, 180338.00750239936, 176499.9877864996, 184757.59741450014, 180573.7660357003, 177992.5390310998, 179124.12054029957, 180323.0249267001, 181473.55916239964, 182039.68933760046, 177833.91269379997, 183240.49122879942, 180618.9906626006, 181229.51971180082, 182358.42777890043, 174869.40165339998, 185311.45806310017, 184284.32333159973, 175125.19995449932, 180636.35561729936, 178430.37718429964, 178886.7568025999, 183465.09969600005, 180332.41804820052, 174354.03241559965, 175975.1614043996, 179908.0860250997, 182143.98752300013, 184142.4632920999]
Noised Result
[67088.23032581556, 49345.91071151543, 67378.32252066013, 105827.34237516765, 57128.12447963231, 54797.380230537354, 62376.246744795724, 83546.11786893797, 67058.87037471801, 42697.51241693825, 55338.01286394225, 51871.2311502317, 69507.33592634923, 52338.930151871275, 58852.65850266404, 73183.47183487598, 55828.62203581307, 61547.15793824003, 57399.08736939319, 61781.93123165508, 47554.65443264795, 51890.70127811153, 59473.380234186174, 63362.63720500114, 63636.50585808592, 52466.95260044416, 55859.35227344284, 92264.74245185818, 65119.47531033344, 52901.664719090564, 80043.64829367033, 59018.422607539054, 62772.43624618098, 63343.02285379244, 64784.79856344082, 68670.46953491813, 37747.942815644856, 75772.86100141039, 70240.86008902272, 59814.06094444557, 65934.35529260464, 66326.45359284489, 58171.57907623098, 62529.05650450189, 59986.29945200457, 61861.28523886424, 63384.40414920782, 64218.477573551434, 131264.68193709463, 58367.63359765272]
Time
6.909749507904053
The result for the 9th execution is
Query Result
[178785.7374441998, 174557.9006419002, 181130.7630288004, 178007.17005079967, 178629.31758949996, 183981.52651319987, 179508.7996199997, 182054.26327950045, 178433.18352369996, 180642.11739460056, 178696.36429789953, 179316.70240189988, 181096.2497966003, 180508.6027004996, 182030.6539569999, 184468.80146289954, 180275.23035500004, 179953.9629626, 173598.87351550037, 182313.25241839906, 178368.3961764003, 178718.52346579998, 180338.00750239936, 176499.9877864996, 184757.59741450014, 180573.7660357003, 177992.5390310998, 179124.12054029957, 180323.0249267001, 181473.55916239964, 182039.68933760046, 177833.91269379997, 183240.49122879942, 180618.9906626006, 181229.51971180082, 182358.42777890043, 174869.40165339998, 185311.45806310017, 184284.32333159973, 175125.19995449932, 180636.35561729936, 178430.37718429964, 178886.7568025999, 183465.09969600005, 180332.41804820052, 174354.03241559965, 175975.1614043996, 179908.0860250997, 182143.98752300013, 184142.4632920999]
Noised Result
[67276.9206505527, 63196.41495583337, 60530.60100589673, 54966.857223036495, 77018.51677682059, 54136.819726458765, 59713.94143180069, 62687.08246768599, 55004.599647662835, 54558.7467805286, 46630.755193477045, 52885.73983279854, 58934.101388836934, 74300.26952424996, 64371.62805354692, 68285.8290167983, 54141.88865813798, 74747.67794423565, 48985.08150836601, 50307.37303934175, 58501.46479801062, 72606.73004355005, 60836.0964847703, 51377.60764708019, 109840.05166571637, 55636.96409593077, 49894.00867360727, 51311.79461738214, 74961.88755598167, 76826.11891585519, 85226.6973983398, 62096.79102273924, 79229.8954229521, 80383.58411117407, 59180.58510287554, 72321.60611727132, 53893.96225555951, 59058.335820766486, 57715.655593324205, 58813.95763049727, 63942.430141771576, 81296.34658148699, 50263.76636255658, 57780.29146428207, 60036.36911059225, 59013.36169668131, 72310.84510539692, 55964.97127759739, 76559.06464552731, 55536.6197772092]
Time
6.873854637145996
The result for the 10th execution is
Query Result
[178785.7374441998, 174557.9006419002, 181130.7630288004, 178007.17005079967, 178629.31758949996, 183981.52651319987, 179508.7996199997, 182054.26327950045, 178433.18352369996, 180642.11739460056, 178696.36429789953, 179316.70240189988, 181096.2497966003, 180508.6027004996, 182030.6539569999, 184468.80146289954, 180275.23035500004, 179953.9629626, 173598.87351550037, 182313.25241839906, 178368.3961764003, 178718.52346579998, 180338.00750239936, 176499.9877864996, 184757.59741450014, 180573.7660357003, 177992.5390310998, 179124.12054029957, 180323.0249267001, 181473.55916239964, 182039.68933760046, 177833.91269379997, 183240.49122879942, 180618.9906626006, 181229.51971180082, 182358.42777890043, 174869.40165339998, 185311.45806310017, 184284.32333159973, 175125.19995449932, 180636.35561729936, 178430.37718429964, 178886.7568025999, 183465.09969600005, 180332.41804820052, 174354.03241559965, 175975.1614043996, 179908.0860250997, 182143.98752300013, 184142.4632920999]
Noised Result
[62342.2899326558, 54418.74148236133, 48053.96893895832, 62095.10610444947, 57016.22148516038, 57513.19490432457, 57492.177262984034, 84115.46402354045, 51467.52948320129, 48908.59252179488, 53744.238677622896, 54838.218666463596, 60371.080217424475, 75836.5104801291, 56963.323533321054, 42773.01568497793, 58460.20635571775, 68026.26902880287, 95179.54971382287, 83424.56281214452, 48034.278412771164, 62122.592529603826, 74538.46165424108, 64777.20935286784, 75407.0667188715, 131818.9305528262, 63754.83019802397, 63037.48720305503, 61705.75040239972, 67947.50617323274, 65558.71150940772, 62722.89211136194, 61027.325827878114, 62389.494213681115, 60371.755963325784, 58600.29900821752, 50966.76378244661, 66519.42196472117, 66641.72149304363, 73312.40148394111, 54120.37216263905, 55083.235005349954, 76670.8837936259, 64315.751713664824, 55250.529957295264, 54420.52778343671, 59090.19770680473, 50801.31123825566, 63469.981656048876, 74345.4192108504]
Time
6.906453609466553
The result for the 11th execution is
Query Result
[178785.7374441998, 174557.9006419002, 181130.7630288004, 178007.17005079967, 178629.31758949996, 183981.52651319987, 179508.7996199997, 182054.26327950045, 178433.18352369996, 180642.11739460056, 178696.36429789953, 179316.70240189988, 181096.2497966003, 180508.6027004996, 182030.6539569999, 184468.80146289954, 180275.23035500004, 179953.9629626, 173598.87351550037, 182313.25241839906, 178368.3961764003, 178718.52346579998, 180338.00750239936, 176499.9877864996, 184757.59741450014, 180573.7660357003, 177992.5390310998, 179124.12054029957, 180323.0249267001, 181473.55916239964, 182039.68933760046, 177833.91269379997, 183240.49122879942, 180618.9906626006, 181229.51971180082, 182358.42777890043, 174869.40165339998, 185311.45806310017, 184284.32333159973, 175125.19995449932, 180636.35561729936, 178430.37718429964, 178886.7568025999, 183465.09969600005, 180332.41804820052, 174354.03241559965, 175975.1614043996, 179908.0860250997, 182143.98752300013, 184142.4632920999]
Noised Result
[59881.401252742275, 55676.21054631989, 64555.20348539355, 57848.353992385644, 59880.846081516946, 61934.19952454263, 67242.5175385859, 69723.2046880838, 62279.65288620699, 90764.17293082211, 66141.75793365942, 95272.60132694298, 57598.10559895112, 56582.586460929, 45426.589885910915, 56336.499556074705, 47089.63261821636, 63889.6614150428, 63834.22153511061, 85732.43991228682, 69928.95293127836, 91731.17901660533, 62409.527318427296, 50672.3345256443, 80479.76522756073, 55183.59900735887, 71722.48619072032, 58110.56025425527, 50850.097680561055, 38765.83383837406, 85407.2993304985, 48138.786731828775, 56198.699997521326, 118276.8513271423, 61394.82976285646, 54612.86909870581, 85776.9406090244, 65739.64148736895, 66069.94450392734, 60654.35784059935, 63063.12219417676, 55173.62419010217, 59798.10810466846, 60431.12884039014, 55837.48520587639, 60457.994614463176, 65777.03145010563, 45697.200024686026, 60247.434026872696, 79021.92140555916]
Time
6.959467649459839
The result for the 12th execution is
Query Result
[178785.7374441998, 174557.9006419002, 181130.7630288004, 178007.17005079967, 178629.31758949996, 183981.52651319987, 179508.7996199997, 182054.26327950045, 178433.18352369996, 180642.11739460056, 178696.36429789953, 179316.70240189988, 181096.2497966003, 180508.6027004996, 182030.6539569999, 184468.80146289954, 180275.23035500004, 179953.9629626, 173598.87351550037, 182313.25241839906, 178368.3961764003, 178718.52346579998, 180338.00750239936, 176499.9877864996, 184757.59741450014, 180573.7660357003, 177992.5390310998, 179124.12054029957, 180323.0249267001, 181473.55916239964, 182039.68933760046, 177833.91269379997, 183240.49122879942, 180618.9906626006, 181229.51971180082, 182358.42777890043, 174869.40165339998, 185311.45806310017, 184284.32333159973, 175125.19995449932, 180636.35561729936, 178430.37718429964, 178886.7568025999, 183465.09969600005, 180332.41804820052, 174354.03241559965, 175975.1614043996, 179908.0860250997, 182143.98752300013, 184142.4632920999]
Noised Result
[62954.565643221154, 62604.8679782766, 58653.30370714518, 66494.2910350509, 77538.41204567224, 61757.52108124741, 80083.4392963542, 66873.77459531352, 60588.21624854494, 55956.92221750078, 60350.45019615068, 59291.2798305622, 60998.51836906712, 59786.7983123696, 67451.37311783762, 92015.95490869357, 110587.64173235651, 68874.91771926118, 60762.87185751644, 63985.88389852999, 74852.92390874487, 65377.20236053677, 61605.89097703045, 65503.83381358799, 57157.783917396344, 81205.72293278872, 72161.32007841425, 51472.10578183642, 48334.39278797165, 80507.3241711112, 76539.80105556964, 59223.43025226817, 61146.447399080425, 56958.36661034271, 48340.727813311605, 53984.32398166116, 55753.58816905294, 59939.527438379, 69681.72779213323, 47480.500058107544, 59269.1822663348, 57368.39863992952, 80824.36862164427, 50394.38899424895, 65458.88275402917, 60174.70132373413, 56862.57997123095, 57989.644644674416, 63033.469858845405, 54892.00541391746]
Time
6.966486692428589
The result for the 13th execution is
Query Result
[178785.7374441998, 174557.9006419002, 181130.7630288004, 178007.17005079967, 178629.31758949996, 183981.52651319987, 179508.7996199997, 182054.26327950045, 178433.18352369996, 180642.11739460056, 178696.36429789953, 179316.70240189988, 181096.2497966003, 180508.6027004996, 182030.6539569999, 184468.80146289954, 180275.23035500004, 179953.9629626, 173598.87351550037, 182313.25241839906, 178368.3961764003, 178718.52346579998, 180338.00750239936, 176499.9877864996, 184757.59741450014, 180573.7660357003, 177992.5390310998, 179124.12054029957, 180323.0249267001, 181473.55916239964, 182039.68933760046, 177833.91269379997, 183240.49122879942, 180618.9906626006, 181229.51971180082, 182358.42777890043, 174869.40165339998, 185311.45806310017, 184284.32333159973, 175125.19995449932, 180636.35561729936, 178430.37718429964, 178886.7568025999, 183465.09969600005, 180332.41804820052, 174354.03241559965, 175975.1614043996, 179908.0860250997, 182143.98752300013, 184142.4632920999]
Noised Result
[82520.337759523, 59243.60901282931, 62201.944175434255, 63094.0938928294, 52104.29189342151, 69711.92676626724, 73112.59562826477, 66869.01100808017, 44840.74009139351, 63968.294161439066, 59536.61072607991, 61364.97198481329, 59707.07314976021, 61231.37784938964, 66403.44307018476, 64888.464906332745, 63081.40311398558, 60740.00233273607, 56824.50873522888, 62138.38129184421, 69656.00735714784, 42746.77920043869, 77313.11803928015, 56977.541420065165, 52284.473537899496, 62600.49365366748, 63433.95226168106, 61330.02053539945, 84850.97462854645, 76477.36754030392, 74576.74678511129, 59984.372931621154, 69146.91578264619, 65963.66742716535, 56272.219320772936, 60661.426437050635, 97851.36250552966, 62577.39897501552, 63918.977574870405, 59936.02121083998, 60371.09616248046, 45778.350884449144, 64659.088269793705, 69780.93969592205, 60465.37285736662, 48466.550609044265, 70769.07334727807, 56975.94626751982, 78014.98014581377, 67347.18243637454]
Time
7.01868748664856
The result for the 14th execution is
Query Result
[178785.7374441998, 174557.9006419002, 181130.7630288004, 178007.17005079967, 178629.31758949996, 183981.52651319987, 179508.7996199997, 182054.26327950045, 178433.18352369996, 180642.11739460056, 178696.36429789953, 179316.70240189988, 181096.2497966003, 180508.6027004996, 182030.6539569999, 184468.80146289954, 180275.23035500004, 179953.9629626, 173598.87351550037, 182313.25241839906, 178368.3961764003, 178718.52346579998, 180338.00750239936, 176499.9877864996, 184757.59741450014, 180573.7660357003, 177992.5390310998, 179124.12054029957, 180323.0249267001, 181473.55916239964, 182039.68933760046, 177833.91269379997, 183240.49122879942, 180618.9906626006, 181229.51971180082, 182358.42777890043, 174869.40165339998, 185311.45806310017, 184284.32333159973, 175125.19995449932, 180636.35561729936, 178430.37718429964, 178886.7568025999, 183465.09969600005, 180332.41804820052, 174354.03241559965, 175975.1614043996, 179908.0860250997, 182143.98752300013, 184142.4632920999]
Noised Result
[56352.21514280269, 63628.399680630566, 72824.48748948776, 53650.79833277616, 61002.80063545625, 59254.05169475082, 70171.4633399499, 71254.19386656983, 60969.12271296176, 51888.70380091702, 60293.01165305247, 74152.20718253715, 62416.9442073308, 64860.97630271979, 49869.52123825379, 73464.4216584784, 65301.009435531625, 53203.24370861989, 39403.19966061122, 62604.003894764726, 70566.20726403652, 52127.838573027824, 56819.53968593803, 49509.141873428525, 67870.85883037231, 50105.661692953014, 61755.73201686924, 59230.62303749207, 54269.09388681418, 59406.69018248926, 54919.92952028278, 41023.55325995345, 61483.23705820797, 53702.69524683266, 57862.258639615204, 62891.49078442059, 74262.94953765758, 89921.36999087941, 61994.093191726024, 56242.912013355555, 65359.943693830675, 50071.711520770084, 84179.22725628235, 93901.44692314435, 58184.9147987535, 46975.408681321685, 51698.717113509876, 62581.01074674577, 59102.65124034273, 57182.24927202443]
Time
7.140779256820679
The result for the 15th execution is
Query Result
[178785.7374441998, 174557.9006419002, 181130.7630288004, 178007.17005079967, 178629.31758949996, 183981.52651319987, 179508.7996199997, 182054.26327950045, 178433.18352369996, 180642.11739460056, 178696.36429789953, 179316.70240189988, 181096.2497966003, 180508.6027004996, 182030.6539569999, 184468.80146289954, 180275.23035500004, 179953.9629626, 173598.87351550037, 182313.25241839906, 178368.3961764003, 178718.52346579998, 180338.00750239936, 176499.9877864996, 184757.59741450014, 180573.7660357003, 177992.5390310998, 179124.12054029957, 180323.0249267001, 181473.55916239964, 182039.68933760046, 177833.91269379997, 183240.49122879942, 180618.9906626006, 181229.51971180082, 182358.42777890043, 174869.40165339998, 185311.45806310017, 184284.32333159973, 175125.19995449932, 180636.35561729936, 178430.37718429964, 178886.7568025999, 183465.09969600005, 180332.41804820052, 174354.03241559965, 175975.1614043996, 179908.0860250997, 182143.98752300013, 184142.4632920999]
Noised Result
[54253.25879428102, 48216.161067812674, 29765.09559113461, 58021.2596909613, 62867.702706352306, 62723.36960276071, 81382.4502075924, 66820.36510961977, 59782.159575281854, 61082.80740992131, 55641.61810651235, 75487.9845953697, 96486.2662572659, 57511.31194046347, 54150.452056182854, 72898.26017249325, 57897.35649707167, 52605.4059696068, 65370.458897688935, 47896.02314350101, 58396.28819395199, 56355.62198544854, 75851.29257816239, 81431.06879828821, 65672.75975376226, 59531.512313693725, 62356.501864708516, 73426.68478108651, 63023.90043566738, 70504.99196593135, 52247.50252035886, 70132.03100220392, 51125.647412814404, 68836.57102797955, 54066.2270538399, 48742.87403148138, 64945.757805780326, 60663.38044288643, 65173.46606002109, 53193.22407801211, 99463.92006417815, 55448.530952551155, 69212.93240526851, 58500.3631461933, 61308.50450213257, 67095.91398583051, 51077.393566422135, 55261.3162476243, 77108.67909076878, 61392.14698229041]
Time
6.95038104057312
The result for the 16th execution is
Query Result
[178785.7374441998, 174557.9006419002, 181130.7630288004, 178007.17005079967, 178629.31758949996, 183981.52651319987, 179508.7996199997, 182054.26327950045, 178433.18352369996, 180642.11739460056, 178696.36429789953, 179316.70240189988, 181096.2497966003, 180508.6027004996, 182030.6539569999, 184468.80146289954, 180275.23035500004, 179953.9629626, 173598.87351550037, 182313.25241839906, 178368.3961764003, 178718.52346579998, 180338.00750239936, 176499.9877864996, 184757.59741450014, 180573.7660357003, 177992.5390310998, 179124.12054029957, 180323.0249267001, 181473.55916239964, 182039.68933760046, 177833.91269379997, 183240.49122879942, 180618.9906626006, 181229.51971180082, 182358.42777890043, 174869.40165339998, 185311.45806310017, 184284.32333159973, 175125.19995449932, 180636.35561729936, 178430.37718429964, 178886.7568025999, 183465.09969600005, 180332.41804820052, 174354.03241559965, 175975.1614043996, 179908.0860250997, 182143.98752300013, 184142.4632920999]
Noised Result
[60991.72655246769, 51859.40585332546, 79862.80037649898, 58295.39645503368, 55170.78566059881, 65586.73781763657, 66321.24054735318, 67074.83576846495, 63242.85948145857, 63946.83472144452, 75369.70817783434, 61882.9931546004, 60979.365811680946, 68616.77828780923, 48603.096654237364, 59923.21113998002, 80259.11027904057, 59623.29887502945, 60306.453029191514, 64069.36017204658, 59111.30893495574, 54428.70080836107, 47189.66629148596, 74559.74197024886, 55931.52017982685, 91223.25065645218, 95233.4472604783, 69327.04862800459, 52980.796668598385, 66053.65113286529, 73271.29147508302, 59322.47342349309, 54134.95509455881, 72802.73407921313, 57453.14963187072, 66324.93610453643, 58379.35364013708, 70736.99696952396, 78096.62435099119, 63055.76603033922, 65631.69007547785, 50075.902582007024, 62953.15607200525, 85803.7162307858, 55661.697402844904, 78333.0779421941, 120801.23603558187, 52842.80559311024, 59875.446999564476, 60985.987846341486]
Time
6.943683862686157
The result for the 17th execution is
Query Result
[178785.7374441998, 174557.9006419002, 181130.7630288004, 178007.17005079967, 178629.31758949996, 183981.52651319987, 179508.7996199997, 182054.26327950045, 178433.18352369996, 180642.11739460056, 178696.36429789953, 179316.70240189988, 181096.2497966003, 180508.6027004996, 182030.6539569999, 184468.80146289954, 180275.23035500004, 179953.9629626, 173598.87351550037, 182313.25241839906, 178368.3961764003, 178718.52346579998, 180338.00750239936, 176499.9877864996, 184757.59741450014, 180573.7660357003, 177992.5390310998, 179124.12054029957, 180323.0249267001, 181473.55916239964, 182039.68933760046, 177833.91269379997, 183240.49122879942, 180618.9906626006, 181229.51971180082, 182358.42777890043, 174869.40165339998, 185311.45806310017, 184284.32333159973, 175125.19995449932, 180636.35561729936, 178430.37718429964, 178886.7568025999, 183465.09969600005, 180332.41804820052, 174354.03241559965, 175975.1614043996, 179908.0860250997, 182143.98752300013, 184142.4632920999]
Noised Result
[65778.27424299199, 56902.9909004067, 63757.090884664576, 57466.286659714344, 46114.256224440396, 56538.648017046915, 62626.92134017743, 41604.41641797646, 61514.46949532259, 77564.4580078217, 65223.16566563256, 60487.75409147194, 60951.66595076688, 74589.77295582733, 62951.30722333534, 61605.05846374591, 52062.090601208925, 59498.23693169287, 34811.692732278396, 69002.45389313006, 56818.528823152745, 64414.08281408521, 76066.7122943479, 60108.13715740476, 62090.782137795526, 52974.555884419286, 62096.28503198235, 62034.769579291766, 58794.215602974036, 72637.69374092743, 59423.22788361983, 53470.20614465786, 60568.711860953896, 111561.21737956777, 59390.841148067935, 62467.32102350465, 57403.95790004262, 63853.68811160485, 62730.90523379003, 55912.739519427545, 57438.413599170475, 56250.08640423214, 62267.36831902739, 60427.748020154344, 71795.46328425412, 49359.57391794778, 39308.62299502308, 58900.104462764895, 65530.23091060734, 81118.42426985847]
Time
6.978956460952759
The result for the 18th execution is
Query Result
[178785.7374441998, 174557.9006419002, 181130.7630288004, 178007.17005079967, 178629.31758949996, 183981.52651319987, 179508.7996199997, 182054.26327950045, 178433.18352369996, 180642.11739460056, 178696.36429789953, 179316.70240189988, 181096.2497966003, 180508.6027004996, 182030.6539569999, 184468.80146289954, 180275.23035500004, 179953.9629626, 173598.87351550037, 182313.25241839906, 178368.3961764003, 178718.52346579998, 180338.00750239936, 176499.9877864996, 184757.59741450014, 180573.7660357003, 177992.5390310998, 179124.12054029957, 180323.0249267001, 181473.55916239964, 182039.68933760046, 177833.91269379997, 183240.49122879942, 180618.9906626006, 181229.51971180082, 182358.42777890043, 174869.40165339998, 185311.45806310017, 184284.32333159973, 175125.19995449932, 180636.35561729936, 178430.37718429964, 178886.7568025999, 183465.09969600005, 180332.41804820052, 174354.03241559965, 175975.1614043996, 179908.0860250997, 182143.98752300013, 184142.4632920999]
Noised Result
[74407.31223021547, 46471.777138970996, 49165.731443251425, 68520.31439150096, 47827.529190860165, 49225.301926177504, 62530.546631163845, 64492.28026425087, 68118.698860467, 53005.914131887504, 57852.542817675625, 55220.34290855714, 49961.99103332602, 63733.02197446916, 72360.44338718127, 75530.96567329936, 50548.06046420093, 74157.88895986803, 96366.19424853541, 62553.42957214549, 60386.34141849425, 51844.11841636873, 60315.30922542858, 57212.694858977135, 78299.73363143232, 50518.60269903246, 62471.12064096788, 52687.2093793848, 58341.87497203988, 68444.87008344708, 63302.22025875592, 60417.124545314415, 72863.99374825195, 59870.02454429548, 66146.39573006985, 51726.79602853523, 49362.05579944787, 55460.704345795835, 56450.31959001793, 56520.031857404, 66067.20272265353, 85897.82786204573, 60057.72089389231, 97041.03462786609, 59927.56901116922, 54501.33770335006, 49090.25450320431, 40610.099336329615, 74214.13225273881, 46434.38716710454]
Time
6.861310720443726
The result for the 19th execution is
Query Result
[178785.7374441998, 174557.9006419002, 181130.7630288004, 178007.17005079967, 178629.31758949996, 183981.52651319987, 179508.7996199997, 182054.26327950045, 178433.18352369996, 180642.11739460056, 178696.36429789953, 179316.70240189988, 181096.2497966003, 180508.6027004996, 182030.6539569999, 184468.80146289954, 180275.23035500004, 179953.9629626, 173598.87351550037, 182313.25241839906, 178368.3961764003, 178718.52346579998, 180338.00750239936, 176499.9877864996, 184757.59741450014, 180573.7660357003, 177992.5390310998, 179124.12054029957, 180323.0249267001, 181473.55916239964, 182039.68933760046, 177833.91269379997, 183240.49122879942, 180618.9906626006, 181229.51971180082, 182358.42777890043, 174869.40165339998, 185311.45806310017, 184284.32333159973, 175125.19995449932, 180636.35561729936, 178430.37718429964, 178886.7568025999, 183465.09969600005, 180332.41804820052, 174354.03241559965, 175975.1614043996, 179908.0860250997, 182143.98752300013, 184142.4632920999]
Noised Result
[62528.15784201146, 41557.362696200114, 63203.49161690871, 58082.02853117863, 49143.86581411875, 79357.54297076882, 51948.92812151826, 91728.08205881709, 48711.88112127692, 60066.33290463879, 59239.60961146756, 60452.72892780653, 63150.77543891315, 63206.815399983614, 75956.83561155586, 63685.728617291774, 63308.65198754645, 69993.71145608017, 61697.865383157485, 60196.81887200204, 57000.240867932356, 60012.51908812948, 53675.239369242845, 57247.09539528703, 52202.158877521506, 53924.86729208377, 47687.09578335706, 78304.36882999763, 56653.15390132497, 68850.56656536969, 87437.59162326275, 57015.83113316297, 54645.253863448306, 57901.51161330959, 58294.80474268775, 50688.76979562077, 53017.16440154003, 74844.622757136, 71327.12924839175, 48129.62799229205, 50541.89492500888, 76121.30656218991, 82995.55342543789, 59262.68192101842, 39569.34132822996, 71263.24143660266, 84696.80864403298, 62038.15131100541, 53958.39981602889, 67477.75094341444]
Time
7.155270338058472
