The result for the 0th execution is
Query Result
[673644.8548081984, 730962.5451465007, 716860.3798908031, 722315.7025741057, 699872.1858326986, 679611.9454342005, 654788.2244400999, 690613.8706187026, 695402.8040500002, 689973.9018399022, 755865.8179195999, 710571.1556705008, 732951.3047048001, 675363.798997499, 715596.0604892966, 636246.961021397, 652590.4343335002, 718304.1935095992, 713230.7742953993, 677607.0008409974, 721601.1065041961, 695965.2016275012, 679608.9604111981, 704012.4295866028, 655524.5838108007]
Noised Result
[-1036.7975136472987, 1899.3975628854241, -1068.1165924272027, -927.8030114390162, -1028.791896414823, 10197.888006730602, 30.571031504117855, -654.130041885895, -1017.3931782442451, -616.8653385789726, 109.5936438013232, 2539.861490225153, -392.01774309281245, -341.4456970748247, -2919.377431796567, -780.7150508103082, -1081.352419726381, -664.5387187777751, -1228.4411653259021, -287.2292300256504, -966.8887029502002, -730.7925936529405, 714.1508342546501, -1045.4701186167626, -1356.9573812954427]
Time
9.72800350189209
The result for the 1th execution is
Query Result
[673644.8548081984, 730962.5451465007, 716860.3798908031, 722315.7025741057, 699872.1858326986, 679611.9454342005, 654788.2244400999, 690613.8706187026, 695402.8040500002, 689973.9018399022, 755865.8179195999, 710571.1556705008, 732951.3047048001, 675363.798997499, 715596.0604892966, 636246.961021397, 652590.4343335002, 718304.1935095992, 713230.7742953993, 677607.0008409974, 721601.1065041961, 695965.2016275012, 679608.9604111981, 704012.4295866028, 655524.5838108007]
Noised Result
[-1116.2531925568205, -709.7036782425557, -873.0334949333937, -2413.4567015503303, 4982.698766001424, -1013.0092862850493, 3134.2059330444545, -1188.4806960777764, -933.8097488402709, -488.0487510467947, -645.1336782400749, 54.35432482509759, 1150.921576526307, -1266.7803060874744, 375.6752187400198, -928.7530360763394, -995.6750506671669, 450.26765745402736, -1129.3707611059103, -962.5808978428258, 12128.33260028121, -3514.8585216268434, -1162.5865503956838, 1887.695003609795, 12582.89846219722]
Time
9.727107286453247
The result for the 2th execution is
Query Result
[673644.8548081984, 730962.5451465007, 716860.3798908031, 722315.7025741057, 699872.1858326986, 679611.9454342005, 654788.2244400999, 690613.8706187026, 695402.8040500002, 689973.9018399022, 755865.8179195999, 710571.1556705008, 732951.3047048001, 675363.798997499, 715596.0604892966, 636246.961021397, 652590.4343335002, 718304.1935095992, 713230.7742953993, 677607.0008409974, 721601.1065041961, 695965.2016275012, 679608.9604111981, 704012.4295866028, 655524.5838108007]
Noised Result
[-1086.631130168123, -652.0549177182907, 129960.63699219172, -348.95930036509026, -1175.5026389703148, -1581.0598675598712, -951.956231636038, -663.8691631811325, -916.8235451437745, -741.4915027158977, 2863.109997710453, -647.728106526421, -2926.611027788942, -977.1413592992535, 141.29242709205027, 44248.67956699128, -727.0756005305957, 45996.563365445065, -1258.6512185426595, 1694.093894839396, 153.9466866516209, -966.4885459964116, -1253.0131575344722, -813.1300327367862, 7826.2758425623615]
Time
9.298404455184937
The result for the 3th execution is
Query Result
[673644.8548081984, 730962.5451465007, 716860.3798908031, 722315.7025741057, 699872.1858326986, 679611.9454342005, 654788.2244400999, 690613.8706187026, 695402.8040500002, 689973.9018399022, 755865.8179195999, 710571.1556705008, 732951.3047048001, 675363.798997499, 715596.0604892966, 636246.961021397, 652590.4343335002, 718304.1935095992, 713230.7742953993, 677607.0008409974, 721601.1065041961, 695965.2016275012, 679608.9604111981, 704012.4295866028, 655524.5838108007]
Noised Result
[-1142.8915140562044, 275.43716610501724, -1363.0572244035488, 192.50881632350843, -797.8171920118762, -1119.889537373323, -3333.507420366295, 50179.09081852349, 53570.141022811644, 20126.028965023288, -1169.8742447217537, -564.7774824759181, 146839.3824059661, -569.1126906855784, -382.7642854563767, -1083.2930736037024, 2843.1886333722723, -949.2569397615089, -1004.6713657567288, -1073.7087162900684, -529.5953215658997, -953.6667348672631, -2613.8732203886716, -1997.3714242206543, -389.52315631668307]
Time
9.303523063659668
The result for the 4th execution is
Query Result
[673644.8548081984, 730962.5451465007, 716860.3798908031, 722315.7025741057, 699872.1858326986, 679611.9454342005, 654788.2244400999, 690613.8706187026, 695402.8040500002, 689973.9018399022, 755865.8179195999, 710571.1556705008, 732951.3047048001, 675363.798997499, 715596.0604892966, 636246.961021397, 652590.4343335002, 718304.1935095992, 713230.7742953993, 677607.0008409974, 721601.1065041961, 695965.2016275012, 679608.9604111981, 704012.4295866028, 655524.5838108007]
Noised Result
[-841.7373041913384, -1424.788055248846, -941.2511010720714, 71331.73098815288, -1267.677483770879, -1049.8307668985935, -851.4040871747575, -472.3451355551615, -2426.210057179083, -972.4172556239582, -275.57720410421757, -884.5986727071363, -660.9050469542362, -460.7885859503085, 11385.5849880912, -622.6976788752504, -1090.423069557135, -1154.0650186957623, -659.1403223874127, -348.6046725563924, 1794.4712343443098, -978.24104336542, -1470.2084077333725, -539.8659186425343, -1028.4582016968689]
Time
9.61689805984497
The result for the 5th execution is
Query Result
[673644.8548081984, 730962.5451465007, 716860.3798908031, 722315.7025741057, 699872.1858326986, 679611.9454342005, 654788.2244400999, 690613.8706187026, 695402.8040500002, 689973.9018399022, 755865.8179195999, 710571.1556705008, 732951.3047048001, 675363.798997499, 715596.0604892966, 636246.961021397, 652590.4343335002, 718304.1935095992, 713230.7742953993, 677607.0008409974, 721601.1065041961, 695965.2016275012, 679608.9604111981, 704012.4295866028, 655524.5838108007]
Noised Result
[-1134.8267750852165, -726.8462670199965, -922.3974376691699, -998.468094507185, -776.2650838560799, -1197.3658444679431, 56.054549223263166, -1218.7670109225446, -1817.4820687866509, -851.7080990602808, -448.43799935725656, -706.4943901473971, -822.285922431448, 27641.97693659793, -3012.3761473127884, -1004.4767143512222, -1028.348856871989, -880.9620373850034, -831.1743362433722, -842.8797973361434, -539.4471940983822, -1115.3358685358735, -1269.0739508619167, 6186.914723401176, -1058.3333530651353]
Time
9.335492849349976
The result for the 6th execution is
Query Result
[673644.8548081984, 730962.5451465007, 716860.3798908031, 722315.7025741057, 699872.1858326986, 679611.9454342005, 654788.2244400999, 690613.8706187026, 695402.8040500002, 689973.9018399022, 755865.8179195999, 710571.1556705008, 732951.3047048001, 675363.798997499, 715596.0604892966, 636246.961021397, 652590.4343335002, 718304.1935095992, 713230.7742953993, 677607.0008409974, 721601.1065041961, 695965.2016275012, 679608.9604111981, 704012.4295866028, 655524.5838108007]
Noised Result
[-657.513052879699, -711.4097302545165, -855.3187342069314, -461.45769940909486, -501.9558809632067, -1242.5525157625889, -859.893848184307, -639.0511966062822, 4055.534134009402, -974.870887362862, -826.3585910726233, -1221.628019635425, -612.9242008781002, -1161.7862553511195, -1012.2370353150172, -698.8165800153533, -1134.2549805978229, 1691.7139124864734, -973.2865345790524, 32389.322071027535, -694.4201342132769, -1182.7596608008416, -1882.6629290427718, -1138.6022007948795, -2848.7538243122685]
Time
9.657352209091187
The result for the 7th execution is
Query Result
[673644.8548081984, 730962.5451465007, 716860.3798908031, 722315.7025741057, 699872.1858326986, 679611.9454342005, 654788.2244400999, 690613.8706187026, 695402.8040500002, 689973.9018399022, 755865.8179195999, 710571.1556705008, 732951.3047048001, 675363.798997499, 715596.0604892966, 636246.961021397, 652590.4343335002, 718304.1935095992, 713230.7742953993, 677607.0008409974, 721601.1065041961, 695965.2016275012, 679608.9604111981, 704012.4295866028, 655524.5838108007]
Noised Result
[-939.6830064201745, -782.3635126897657, 80253.2462240507, -868.5354786927255, 549.9831271072653, 1056.9934100063747, -890.7754756796994, -317.93977655317804, -792.2802950925302, -1329.479181245957, -857.4638184049004, -2964.7376928712765, -835.1735957866631, 3258.0498122073477, -900.0877436101628, -2449.3792236769245, -1277.0005600921995, 81210.26387380355, 3086.8017192956177, -1355.5338328331331, -671.3002445209268, 11615.4248757702, -1580.3996713475303, -1017.521609832233, -1043.6946762833572]
Time
9.546756267547607
The result for the 8th execution is
Query Result
[673644.8548081984, 730962.5451465007, 716860.3798908031, 722315.7025741057, 699872.1858326986, 679611.9454342005, 654788.2244400999, 690613.8706187026, 695402.8040500002, 689973.9018399022, 755865.8179195999, 710571.1556705008, 732951.3047048001, 675363.798997499, 715596.0604892966, 636246.961021397, 652590.4343335002, 718304.1935095992, 713230.7742953993, 677607.0008409974, 721601.1065041961, 695965.2016275012, 679608.9604111981, 704012.4295866028, 655524.5838108007]
Noised Result
[-1791.9294902122742, -770.8930604015177, -354.0362297614013, -769.5158841628104, -566.8067782584449, -1294.33874257437, -2273.145763703319, 34993.7896815291, -973.3409207813547, -1254.375057604027, -804.6767706549067, 14308.335757142893, 4728.435740469482, -841.8415805816248, -924.514270922457, -1446.1610562194396, -2272.523870428574, -335.1794480745298, 27453.299122386772, -739.7088212568165, 1186528.223291814, -983.9162372363166, -1009.2231390261636, -629.0091584690636, -1008.8370981019366]
Time
9.676486253738403
The result for the 9th execution is
Query Result
[673644.8548081984, 730962.5451465007, 716860.3798908031, 722315.7025741057, 699872.1858326986, 679611.9454342005, 654788.2244400999, 690613.8706187026, 695402.8040500002, 689973.9018399022, 755865.8179195999, 710571.1556705008, 732951.3047048001, 675363.798997499, 715596.0604892966, 636246.961021397, 652590.4343335002, 718304.1935095992, 713230.7742953993, 677607.0008409974, 721601.1065041961, 695965.2016275012, 679608.9604111981, 704012.4295866028, 655524.5838108007]
Noised Result
[-829.2562388872648, -446.0259893056477, -1055.5344170918484, 2669.5238233700657, -937.2317389038026, -76.9133917482618, -974.8277200748967, -937.7152462290574, -1634.7841757466613, -945.7964655868477, -514.8180208776448, -922.235104619383, 31.00934254171989, 181.5302214403955, -1414.5034656552239, -1388.3579143710572, -715.7734949884953, 3403.1850880230486, -446.7393150807584, -897.6145338263973, -544.6402716909852, -1080.9957854514987, -641.2168374875046, -991.7747725172621, -1316.739486314238]
Time
9.732143640518188
The result for the 10th execution is
Query Result
[673644.8548081984, 730962.5451465007, 716860.3798908031, 722315.7025741057, 699872.1858326986, 679611.9454342005, 654788.2244400999, 690613.8706187026, 695402.8040500002, 689973.9018399022, 755865.8179195999, 710571.1556705008, 732951.3047048001, 675363.798997499, 715596.0604892966, 636246.961021397, 652590.4343335002, 718304.1935095992, 713230.7742953993, 677607.0008409974, 721601.1065041961, 695965.2016275012, 679608.9604111981, 704012.4295866028, 655524.5838108007]
Noised Result
[-1094.3209361631198, -523.1574904352992, -794.0221634380832, 1060.5750096212687, -1361.0489021587914, -1024.1447289669159, -1165.980295271122, 3269.688824324636, -1197.5942100224952, -238.14656907144627, 117.32109371633396, -696.6030523279087, -571.3261041524934, -1213.8250515295476, -1182.9441924457678, -1108.3473520009497, -926.0055682239004, -1121.7741940116484, 17627.10019324573, -848.4083836438322, 1092.420481547626, -965.6955097480368, -1463.548098185996, -372.0026055917115, -1004.2153703782637]
Time
9.749449014663696
The result for the 11th execution is
Query Result
[673644.8548081984, 730962.5451465007, 716860.3798908031, 722315.7025741057, 699872.1858326986, 679611.9454342005, 654788.2244400999, 690613.8706187026, 695402.8040500002, 689973.9018399022, 755865.8179195999, 710571.1556705008, 732951.3047048001, 675363.798997499, 715596.0604892966, 636246.961021397, 652590.4343335002, 718304.1935095992, 713230.7742953993, 677607.0008409974, 721601.1065041961, 695965.2016275012, 679608.9604111981, 704012.4295866028, 655524.5838108007]
Noised Result
[-952.5752964464609, -385.3572132645363, 173.2561215257458, -982.8480449184608, -927.667198658929, -3059.600494261854, -1142.6546906221265, -659.2706870161278, -917.3389761455087, -828.998739852505, -1030.0807127655794, -2855.0158325635507, -48.48772663146383, -914.4804886386833, -1124.5358301454025, -1678.9395884548217, 450.9482921567196, 46457.718776309164, 29808.543264718843, -1196.666938998113, -141.47849740384322, -485.68213628489366, -2748.954274467696, -481.84376680450623, -825.5692360079302]
Time
9.496681690216064
The result for the 12th execution is
Query Result
[673644.8548081984, 730962.5451465007, 716860.3798908031, 722315.7025741057, 699872.1858326986, 679611.9454342005, 654788.2244400999, 690613.8706187026, 695402.8040500002, 689973.9018399022, 755865.8179195999, 710571.1556705008, 732951.3047048001, 675363.798997499, 715596.0604892966, 636246.961021397, 652590.4343335002, 718304.1935095992, 713230.7742953993, 677607.0008409974, 721601.1065041961, 695965.2016275012, 679608.9604111981, 704012.4295866028, 655524.5838108007]
Noised Result
[-1353.9234141098714, -734.7289036793723, -703.1556027567603, 18229.143278102652, -1514.7581855260332, -1110.8553789792668, -1912.6115839388217, 8735.156713504664, 6169.446110505814, -829.0704596871738, -928.5061345857202, -1132.2694877115227, -808.5939518784307, -913.6982068183106, -1187.0372932355685, -731.1423149730522, -771.6878205010353, 7986.7568114108035, -1221.6751807450173, -701.4604257333822, -343.7733323041807, -1273.9307973363507, -367.1550838390831, -804.2520389675674, -1033.4511824817196]
Time
9.84195876121521
The result for the 13th execution is
Query Result
[673644.8548081984, 730962.5451465007, 716860.3798908031, 722315.7025741057, 699872.1858326986, 679611.9454342005, 654788.2244400999, 690613.8706187026, 695402.8040500002, 689973.9018399022, 755865.8179195999, 710571.1556705008, 732951.3047048001, 675363.798997499, 715596.0604892966, 636246.961021397, 652590.4343335002, 718304.1935095992, 713230.7742953993, 677607.0008409974, 721601.1065041961, 695965.2016275012, 679608.9604111981, 704012.4295866028, 655524.5838108007]
Noised Result
[-842.8050636001849, 1672.4029156691831, -852.8519875236416, -865.8473083143772, 2013.1635271823761, -1699.130300760195, 280603.3175822254, -895.6878297889025, -992.6099538060175, -2395.9265905293164, -1363.3105238482513, -537.7183017892698, -154.90329431335317, -502.3758778705578, -196.4016387746808, -1009.1248421085834, -858.484219578676, 3992.4307088834794, -1284.404024545664, -809.0280141165454, -1422.1546260336522, -777.9552390021549, -1217.8035622310963, 78077.99846054538, -1281.550059727353]
Time
9.524776935577393
The result for the 14th execution is
Query Result
[673644.8548081984, 730962.5451465007, 716860.3798908031, 722315.7025741057, 699872.1858326986, 679611.9454342005, 654788.2244400999, 690613.8706187026, 695402.8040500002, 689973.9018399022, 755865.8179195999, 710571.1556705008, 732951.3047048001, 675363.798997499, 715596.0604892966, 636246.961021397, 652590.4343335002, 718304.1935095992, 713230.7742953993, 677607.0008409974, 721601.1065041961, 695965.2016275012, 679608.9604111981, 704012.4295866028, 655524.5838108007]
Noised Result
[-604.1464630188639, -984.5729838199773, -834.5085132342188, -785.0288825084267, -691.810381571016, 77.31669827574297, -500.252635780992, -802.4603604765762, -616.6392426468624, -589.6004162831318, -803.551493843539, -479.3638574281399, -674.9503879350232, -1018.7974364827305, -942.8915184492771, 74730.52172100445, -809.7388169626252, -1322.4318292008506, -1312.3827306003486, -1234.322244817693, -1.5207121804448889, 36144.36407620869, -833.219439943708, 475.01093846212916, -1161.3065885597275]
Time
9.467227697372437
The result for the 15th execution is
Query Result
[673644.8548081984, 730962.5451465007, 716860.3798908031, 722315.7025741057, 699872.1858326986, 679611.9454342005, 654788.2244400999, 690613.8706187026, 695402.8040500002, 689973.9018399022, 755865.8179195999, 710571.1556705008, 732951.3047048001, 675363.798997499, 715596.0604892966, 636246.961021397, 652590.4343335002, 718304.1935095992, 713230.7742953993, 677607.0008409974, 721601.1065041961, 695965.2016275012, 679608.9604111981, 704012.4295866028, 655524.5838108007]
Noised Result
[-1417.4648651335765, -262.2860376364256, -541.1694947303954, -1271.0193093336989, -1099.2734854855153, -930.249079155516, 16107.363798507315, -811.9881488934589, -1294.7153806466417, -783.7557322766943, -1013.042528558281, -998.1614501787913, -222.5567648774968, -1198.9945042667573, 4321.327753475969, -1606.5559297761802, 2489.458541156415, -954.4031497590277, -963.4144671488816, -1000.9201122773379, -934.8466391363118, -1232.876247910136, -884.7792841888236, -1292.4913992914012, -1176.1287956248407]
Time
9.410469055175781
The result for the 16th execution is
Query Result
[673644.8548081984, 730962.5451465007, 716860.3798908031, 722315.7025741057, 699872.1858326986, 679611.9454342005, 654788.2244400999, 690613.8706187026, 695402.8040500002, 689973.9018399022, 755865.8179195999, 710571.1556705008, 732951.3047048001, 675363.798997499, 715596.0604892966, 636246.961021397, 652590.4343335002, 718304.1935095992, 713230.7742953993, 677607.0008409974, 721601.1065041961, 695965.2016275012, 679608.9604111981, 704012.4295866028, 655524.5838108007]
Noised Result
[-1042.3902245802, 254.93455520033876, 30444.078823482167, -1473.1367108170693, -690.7913055907388, -1402.957869076527, -1053.7143927143975, -1099.64006947111, -945.0359948661871, -2558.141312404479, -630.7341210411173, -290.1398003005256, -993.4934166500307, -670.5669159034128, -720.0486090085633, -1071.3752326892254, -1136.4570788611677, -716.5696578638635, -523.2255488702267, -445.67336581055747, -943.2395197960022, -756.2981049804212, -799.5848705375638, -856.3848116287445, -623.4115517286045]
Time
9.392181158065796
The result for the 17th execution is
Query Result
[673644.8548081984, 730962.5451465007, 716860.3798908031, 722315.7025741057, 699872.1858326986, 679611.9454342005, 654788.2244400999, 690613.8706187026, 695402.8040500002, 689973.9018399022, 755865.8179195999, 710571.1556705008, 732951.3047048001, 675363.798997499, 715596.0604892966, 636246.961021397, 652590.4343335002, 718304.1935095992, 713230.7742953993, 677607.0008409974, 721601.1065041961, 695965.2016275012, 679608.9604111981, 704012.4295866028, 655524.5838108007]
Noised Result
[-1052.681867639671, -874.6493879973023, 58453.702594619564, -950.3901948622502, -2992.7664212184286, -943.8112120322012, -1909.041072707566, 4229.928466301964, -741.1519568809185, -585.5100239820786, -1353.6371902746296, -3288.3569945110135, -832.4174856764398, -1373.5377808517205, -1146.2230774339778, -2350.150900398419, -978.5530158099464, -931.551402771167, -480.0778890130341, -886.5678994846162, -933.942228701058, -633.7111933217111, -315.5951164756261, 22493.372960399895, 26393.722855451633]
Time
8.886106967926025
The result for the 18th execution is
Query Result
[673644.8548081984, 730962.5451465007, 716860.3798908031, 722315.7025741057, 699872.1858326986, 679611.9454342005, 654788.2244400999, 690613.8706187026, 695402.8040500002, 689973.9018399022, 755865.8179195999, 710571.1556705008, 732951.3047048001, 675363.798997499, 715596.0604892966, 636246.961021397, 652590.4343335002, 718304.1935095992, 713230.7742953993, 677607.0008409974, 721601.1065041961, 695965.2016275012, 679608.9604111981, 704012.4295866028, 655524.5838108007]
Noised Result
[-735.480146022082, 1761.689615572628, -942.8778766076139, -1042.0491971342503, -760.0947824872937, -1646.9337055096798, -1424.2232690245828, -654.3318681490405, -870.0126708535649, -668.3507611323721, -901.7784417093458, -674.0365410150589, 118.53023792143267, -658.9493029019027, -1067.1663463200625, -1469.8313832870558, 227.73914442268324, -945.5764017786892, -1030.7702526561434, -1544.7540639925437, -762.4601980929078, -516.5452115896478, 6998.132564757689, -749.8452367039154, -970.8796790024735]
Time
9.364469766616821
The result for the 19th execution is
Query Result
[673644.8548081984, 730962.5451465007, 716860.3798908031, 722315.7025741057, 699872.1858326986, 679611.9454342005, 654788.2244400999, 690613.8706187026, 695402.8040500002, 689973.9018399022, 755865.8179195999, 710571.1556705008, 732951.3047048001, 675363.798997499, 715596.0604892966, 636246.961021397, 652590.4343335002, 718304.1935095992, 713230.7742953993, 677607.0008409974, 721601.1065041961, 695965.2016275012, 679608.9604111981, 704012.4295866028, 655524.5838108007]
Noised Result
[-956.7740714596989, 283492.9087681412, -549.4410162661711, -761.0046333050614, -1216.2299614806125, -945.7708106829768, -1139.4164301283672, -458.2576048622416, -583.185078277455, -754.8605796423226, 200.90673660369612, 4911.1526997470355, 278.7377376398681, -908.6771049510075, -1832.356274590848, -1117.5092373134107, -1691.6515606388402, -339.2236155561027, -1055.5294650766118, 10150.237562538656, -956.7645142630777, -1479.9420937450013, -945.4623839072001, -3103.848121440398, -1128.7933555377058]
Time
9.156007051467896
