The result for the 0th execution is
Query Result
[2720019.4121472244, 2835894.282625002, 2760699.7566585997, 2865417.530207791, 2787411.8115976905, 2785106.699887135, 2801806.693251025, 2744348.3736281106, 2780514.4290772323, 2855014.5367263085, 2801530.809516005, 2747741.292394577, 2870253.5975333103, 2756300.288831114, 2752934.990517395, 2748918.5063033043, 2776952.6599566997, 2749537.127971379, 2766627.949587367, 2764061.9979970944, 2840495.1870375713, 2772855.943581495, 2817262.233039793, 2844715.1197668896, 2809049.573360803]
Noised Result
[1308475.9476018683, 534737.5876520327, 714822.799318458, 378541.91666487, 377850.54403749737, 445141.4150387712, 339245.1275867417, 166049.26231236162, 413387.0749196701, 421503.90333218244, 159523.50024280083, 242309.7485672615, 742800.1456813936, 658640.0690343289, 383478.07107054256, 234284.24799309997, 626227.1522569847, 399802.5968973837, 552053.4252557515, 462154.4862507358, 445815.25341850054, 227829.84495419648, 514980.64396669157, 385753.7151995534, 813417.8758129166]
Time
29.412238836288452
The result for the 1th execution is
Query Result
[2720019.4121472244, 2835894.282625002, 2760699.7566585997, 2865417.530207791, 2787411.8115976905, 2785106.699887135, 2801806.693251025, 2744348.3736281106, 2780514.4290772323, 2855014.5367263085, 2801530.809516005, 2747741.292394577, 2870253.5975333103, 2756300.288831114, 2752934.990517395, 2748918.5063033043, 2776952.6599566997, 2749537.127971379, 2766627.949587367, 2764061.9979970944, 2840495.1870375713, 2772855.943581495, 2817262.233039793, 2844715.1197668896, 2809049.573360803]
Noised Result
[302781.33994015027, 965526.9560836172, 224551.94733384484, 727234.5707112858, 469508.974809258, 450302.5653006239, 258487.83848880033, 453610.60346666625, 502854.85494022304, 540662.0544298668, 562415.2323566917, 651015.2806736841, 426664.38035485684, 678189.5443755756, 466810.52836755593, 369960.47955199284, 282595.1827002885, 333600.68267305964, 249819.72590889432, 436602.68552470347, 422549.72865584167, 885925.4729423434, 332804.1127343236, 784232.0855183075, 210143.78682473802]
Time
28.430379629135132
The result for the 2th execution is
Query Result
[2720019.4121472244, 2835894.282625002, 2760699.7566585997, 2865417.530207791, 2787411.8115976905, 2785106.699887135, 2801806.693251025, 2744348.3736281106, 2780514.4290772323, 2855014.5367263085, 2801530.809516005, 2747741.292394577, 2870253.5975333103, 2756300.288831114, 2752934.990517395, 2748918.5063033043, 2776952.6599566997, 2749537.127971379, 2766627.949587367, 2764061.9979970944, 2840495.1870375713, 2772855.943581495, 2817262.233039793, 2844715.1197668896, 2809049.573360803]
Noised Result
[284419.56735759915, 662986.4572180479, 395705.07903556805, 661974.2792983667, 365956.35914052767, 440445.2206775255, 282316.0836271073, 488799.13313389895, 376754.4496105595, 252998.16733739676, 380805.5643398231, 523542.86638841475, 320361.4320927919, 747923.1114110518, 481104.4608431554, 823810.9449180022, 438338.4414423136, 290886.7008292824, 249356.90421084315, 964507.49256476, 640438.7753444215, 358579.44780461397, 351302.30418301193, 415743.1885644414, 317306.28622427117]
Time
28.572627544403076
The result for the 3th execution is
Query Result
[2720019.4121472244, 2835894.282625002, 2760699.7566585997, 2865417.530207791, 2787411.8115976905, 2785106.699887135, 2801806.693251025, 2744348.3736281106, 2780514.4290772323, 2855014.5367263085, 2801530.809516005, 2747741.292394577, 2870253.5975333103, 2756300.288831114, 2752934.990517395, 2748918.5063033043, 2776952.6599566997, 2749537.127971379, 2766627.949587367, 2764061.9979970944, 2840495.1870375713, 2772855.943581495, 2817262.233039793, 2844715.1197668896, 2809049.573360803]
Noised Result
[334137.4090629034, 236645.03490465274, 394478.0612682714, 967620.4822936133, 352632.8064436489, 371543.153027134, 300804.4863139666, 345761.81463562953, 293470.1078766268, 420387.139222356, 201118.15029766108, 408325.83947361633, 601969.1783651789, 390318.89569177944, 482656.5404606527, 1218524.3859238317, 426074.08591107395, 504688.28245012066, 480872.95147754997, 492722.5712146724, 913276.1035535468, 2324801.712963045, 364859.16439061495, 1074615.3554048731, 377541.67008450767]
Time
28.46454119682312
The result for the 4th execution is
Query Result
[2720019.4121472244, 2835894.282625002, 2760699.7566585997, 2865417.530207791, 2787411.8115976905, 2785106.699887135, 2801806.693251025, 2744348.3736281106, 2780514.4290772323, 2855014.5367263085, 2801530.809516005, 2747741.292394577, 2870253.5975333103, 2756300.288831114, 2752934.990517395, 2748918.5063033043, 2776952.6599566997, 2749537.127971379, 2766627.949587367, 2764061.9979970944, 2840495.1870375713, 2772855.943581495, 2817262.233039793, 2844715.1197668896, 2809049.573360803]
Noised Result
[387161.51814242336, 409981.33099923097, 790363.5468282569, 664259.0079229835, 233958.58148121275, 304069.8969306783, 946606.2691338067, 324793.85994918784, 366863.01293480024, 351652.79369801236, 384095.2883097327, 711712.7993957468, 828016.2145510358, 675684.8627678668, 814129.4605538305, 1124995.937523896, 390554.1482008954, 350979.9010925004, 600961.5253725662, 308336.4334480965, 421184.1798034881, 859353.3939630508, 582321.7250339396, 429751.0177817014, 402982.78105030954]
Time
28.869038581848145
The result for the 5th execution is
Query Result
[2720019.4121472244, 2835894.282625002, 2760699.7566585997, 2865417.530207791, 2787411.8115976905, 2785106.699887135, 2801806.693251025, 2744348.3736281106, 2780514.4290772323, 2855014.5367263085, 2801530.809516005, 2747741.292394577, 2870253.5975333103, 2756300.288831114, 2752934.990517395, 2748918.5063033043, 2776952.6599566997, 2749537.127971379, 2766627.949587367, 2764061.9979970944, 2840495.1870375713, 2772855.943581495, 2817262.233039793, 2844715.1197668896, 2809049.573360803]
Noised Result
[442047.2696350049, 855546.862818656, 394255.9257093868, 155960.38583236793, 566165.8250327122, 294275.09643928567, 359454.25160699035, 262703.1805471382, 689086.0521785787, 476119.8788558168, 285516.3695018084, 292096.0271035717, 441339.2341610736, 472676.164733025, 239386.1507208487, 1676603.6281728467, 483390.3591514537, 583999.6872771874, 415851.2542486249, 309817.0086752442, 542033.472038693, 294192.9054949053, 555505.6775945846, 553950.8156640725, 545343.0712566557]
Time
28.982186555862427
The result for the 6th execution is
Query Result
[2720019.4121472244, 2835894.282625002, 2760699.7566585997, 2865417.530207791, 2787411.8115976905, 2785106.699887135, 2801806.693251025, 2744348.3736281106, 2780514.4290772323, 2855014.5367263085, 2801530.809516005, 2747741.292394577, 2870253.5975333103, 2756300.288831114, 2752934.990517395, 2748918.5063033043, 2776952.6599566997, 2749537.127971379, 2766627.949587367, 2764061.9979970944, 2840495.1870375713, 2772855.943581495, 2817262.233039793, 2844715.1197668896, 2809049.573360803]
Noised Result
[508943.4413050306, 426990.4358509262, 409130.55752337864, 426389.6963343334, 205385.9295501525, 676272.8004213924, 361323.31221694243, 403601.592717235, 313977.83643066464, 276764.40752470493, 317252.65594935557, 373575.381499151, 410601.48009267054, 426382.9256791009, 858401.6042028611, 259136.64110974804, 431744.1347119403, 356504.8212407788, 963271.6570445476, 209547.5196582122, 451690.2532724878, 333365.2485642112, 695172.09995346, 496085.8434779544, 301976.7802568225]
Time
28.7869291305542
The result for the 7th execution is
Query Result
[2720019.4121472244, 2835894.282625002, 2760699.7566585997, 2865417.530207791, 2787411.8115976905, 2785106.699887135, 2801806.693251025, 2744348.3736281106, 2780514.4290772323, 2855014.5367263085, 2801530.809516005, 2747741.292394577, 2870253.5975333103, 2756300.288831114, 2752934.990517395, 2748918.5063033043, 2776952.6599566997, 2749537.127971379, 2766627.949587367, 2764061.9979970944, 2840495.1870375713, 2772855.943581495, 2817262.233039793, 2844715.1197668896, 2809049.573360803]
Noised Result
[512142.92202055897, 464523.4039500528, 165148.04146645498, 1212509.1650927546, 914570.1465387694, 400448.65053814254, 913612.8220221401, 577573.8383161845, 388799.5978977238, 843137.3662172221, 803389.8390970281, 366094.63527294016, 721468.0693113324, 335955.859535601, 1222602.9737920081, 389997.4053339036, 392101.20252199867, 204781.15761476476, 937995.7036598187, 324984.6840891319, 498826.2096421572, 280923.23088592105, 501307.75093104364, 518891.0376565973, 647088.2229241391]
Time
28.41279149055481
The result for the 8th execution is
Query Result
[2720019.4121472244, 2835894.282625002, 2760699.7566585997, 2865417.530207791, 2787411.8115976905, 2785106.699887135, 2801806.693251025, 2744348.3736281106, 2780514.4290772323, 2855014.5367263085, 2801530.809516005, 2747741.292394577, 2870253.5975333103, 2756300.288831114, 2752934.990517395, 2748918.5063033043, 2776952.6599566997, 2749537.127971379, 2766627.949587367, 2764061.9979970944, 2840495.1870375713, 2772855.943581495, 2817262.233039793, 2844715.1197668896, 2809049.573360803]
Noised Result
[208592.63166155305, 447214.27510562725, 595933.346747729, 639033.3786345744, 740255.7796881571, 480574.7372388879, 516019.7407697956, 182869.3466571583, 454625.70924200537, 837051.1059468288, 411956.4880946572, 210982.39329860418, 1212251.6456504788, 561727.0213874001, 418645.55044345, 327239.09404390515, 393311.3925655247, 1186050.9527630012, 262940.7710992552, 1152216.9106430372, 400665.1396735844, 496494.32627780247, 417479.4002467161, 425894.9428209716, 466298.40348717896]
Time
28.702868938446045
The result for the 9th execution is
Query Result
[2720019.4121472244, 2835894.282625002, 2760699.7566585997, 2865417.530207791, 2787411.8115976905, 2785106.699887135, 2801806.693251025, 2744348.3736281106, 2780514.4290772323, 2855014.5367263085, 2801530.809516005, 2747741.292394577, 2870253.5975333103, 2756300.288831114, 2752934.990517395, 2748918.5063033043, 2776952.6599566997, 2749537.127971379, 2766627.949587367, 2764061.9979970944, 2840495.1870375713, 2772855.943581495, 2817262.233039793, 2844715.1197668896, 2809049.573360803]
Noised Result
[307486.9884789367, 296592.9056100864, 483089.01779185445, 319384.03830737807, 526978.9292338849, 582221.5765583569, 213782.1610745769, 206029.45127557684, 416857.44365766016, 1202148.6078295843, 709053.093714858, 234001.69029147294, 397942.2841796556, 398947.41975201084, 534254.3454561592, 278070.6834729231, 443360.423746696, 432458.29910386633, 239599.88564009126, 483071.3304119939, 382290.19663997856, 439950.4885405598, 265032.9332017412, 356475.5249706596, 553014.2248107451]
Time
28.76256275177002
The result for the 10th execution is
Query Result
[2720019.4121472244, 2835894.282625002, 2760699.7566585997, 2865417.530207791, 2787411.8115976905, 2785106.699887135, 2801806.693251025, 2744348.3736281106, 2780514.4290772323, 2855014.5367263085, 2801530.809516005, 2747741.292394577, 2870253.5975333103, 2756300.288831114, 2752934.990517395, 2748918.5063033043, 2776952.6599566997, 2749537.127971379, 2766627.949587367, 2764061.9979970944, 2840495.1870375713, 2772855.943581495, 2817262.233039793, 2844715.1197668896, 2809049.573360803]
Noised Result
[617988.9840359294, 421392.8334652055, 302573.28378015873, 346373.445180011, 730349.4709327163, 525462.2699969662, 459928.1576223909, 311823.95946879056, 721890.5829220812, 945035.5827967459, 925658.1104143595, 418596.51872298215, 443597.0468334032, 205577.94117459515, 363199.24391717743, 1065049.1869234222, 496246.66884866613, 333252.994996045, 405875.9020936487, 277316.7880249249, 415495.3066611588, 336695.57845278457, 379941.85116857453, 746228.8591077351, 423939.414810013]
Time
28.73972201347351
The result for the 11th execution is
Query Result
[2720019.4121472244, 2835894.282625002, 2760699.7566585997, 2865417.530207791, 2787411.8115976905, 2785106.699887135, 2801806.693251025, 2744348.3736281106, 2780514.4290772323, 2855014.5367263085, 2801530.809516005, 2747741.292394577, 2870253.5975333103, 2756300.288831114, 2752934.990517395, 2748918.5063033043, 2776952.6599566997, 2749537.127971379, 2766627.949587367, 2764061.9979970944, 2840495.1870375713, 2772855.943581495, 2817262.233039793, 2844715.1197668896, 2809049.573360803]
Noised Result
[594651.5895367011, 205979.08481602988, 196881.7130472581, 399454.89795018313, 313815.82752706856, 153345.0363654677, 509967.78941535344, 773768.3677162426, 422704.8312276711, 460647.23392061004, 567824.2176597002, 388324.7186944445, 314018.0749219563, 293126.83074383833, 1014283.522892125, 197809.32095037494, 564429.252664363, 524523.2444901182, 368408.3438523712, 455931.84297137824, 1150560.403514741, 230249.5860232846, 352304.9011375401, 373637.4350357102, 290729.3746118883]
Time
29.179471969604492
The result for the 12th execution is
Query Result
[2720019.4121472244, 2835894.282625002, 2760699.7566585997, 2865417.530207791, 2787411.8115976905, 2785106.699887135, 2801806.693251025, 2744348.3736281106, 2780514.4290772323, 2855014.5367263085, 2801530.809516005, 2747741.292394577, 2870253.5975333103, 2756300.288831114, 2752934.990517395, 2748918.5063033043, 2776952.6599566997, 2749537.127971379, 2766627.949587367, 2764061.9979970944, 2840495.1870375713, 2772855.943581495, 2817262.233039793, 2844715.1197668896, 2809049.573360803]
Noised Result
[431235.10690483777, 1092337.6735729561, 358532.68606067775, 601549.7042132397, 325387.536295173, 307495.6836010029, 474379.3906501781, 344696.1007477795, 481696.3918237323, 552532.943996686, 1090730.6363193367, 468726.8795286403, 443916.7472448761, 645464.6612180779, 806356.9533067751, 407066.12043980905, 717919.4685967057, 755499.2547632456, 467101.06034562667, 549694.381012571, 384330.8299144702, 377931.95194675773, 380127.0925315204, 606034.0518098841, 424448.4953423104]
Time
28.832133531570435
The result for the 13th execution is
Query Result
[2720019.4121472244, 2835894.282625002, 2760699.7566585997, 2865417.530207791, 2787411.8115976905, 2785106.699887135, 2801806.693251025, 2744348.3736281106, 2780514.4290772323, 2855014.5367263085, 2801530.809516005, 2747741.292394577, 2870253.5975333103, 2756300.288831114, 2752934.990517395, 2748918.5063033043, 2776952.6599566997, 2749537.127971379, 2766627.949587367, 2764061.9979970944, 2840495.1870375713, 2772855.943581495, 2817262.233039793, 2844715.1197668896, 2809049.573360803]
Noised Result
[393195.80276176543, 800087.3018527084, 408198.0370228244, 593144.17009071, 604086.2726646052, 557617.8894326554, 280766.0901889815, 581097.1143717673, 687223.9621295327, 405629.21338096843, 229424.05783079285, 299106.9843338565, 678451.7805878723, 654218.4154368016, 320023.0305708358, 387306.86991876457, 541139.2888480313, 212846.0335963465, 659563.9041015878, 390314.96925498405, 500626.69532451616, 1250210.0609614372, 269664.7645446375, 463736.566776111, 292100.11297943257]
Time
28.815013885498047
The result for the 14th execution is
Query Result
[2720019.4121472244, 2835894.282625002, 2760699.7566585997, 2865417.530207791, 2787411.8115976905, 2785106.699887135, 2801806.693251025, 2744348.3736281106, 2780514.4290772323, 2855014.5367263085, 2801530.809516005, 2747741.292394577, 2870253.5975333103, 2756300.288831114, 2752934.990517395, 2748918.5063033043, 2776952.6599566997, 2749537.127971379, 2766627.949587367, 2764061.9979970944, 2840495.1870375713, 2772855.943581495, 2817262.233039793, 2844715.1197668896, 2809049.573360803]
Noised Result
[349194.98476564256, 760638.6633265782, 652224.3579132806, 247941.257604511, 552504.5100837676, 488653.7328761029, 128709.66274326085, 367548.21605538484, 415509.664565186, 330467.18505865196, 768772.8148996844, 599856.0252632109, 291194.8857466136, 346636.9192352004, 439904.9832549668, 473448.04907975695, 346395.3102880989, 376557.19979474205, 334188.1367573829, 301393.3656121248, 293741.11135186814, 311449.9168119624, 443558.78019191534, 4391965.177732632, 326370.96457974473]
Time
28.79219889640808
The result for the 15th execution is
Query Result
[2720019.4121472244, 2835894.282625002, 2760699.7566585997, 2865417.530207791, 2787411.8115976905, 2785106.699887135, 2801806.693251025, 2744348.3736281106, 2780514.4290772323, 2855014.5367263085, 2801530.809516005, 2747741.292394577, 2870253.5975333103, 2756300.288831114, 2752934.990517395, 2748918.5063033043, 2776952.6599566997, 2749537.127971379, 2766627.949587367, 2764061.9979970944, 2840495.1870375713, 2772855.943581495, 2817262.233039793, 2844715.1197668896, 2809049.573360803]
Noised Result
[750380.0610948759, 515108.79123470304, 375717.07004236593, 716671.6057603016, 296398.7587122978, 314225.67325051734, 480968.8467328672, 228650.79097581818, 393884.8839240456, 400586.76873095427, 525657.710715798, 349845.6721268755, 330194.33529974753, 1389774.4410131534, 548093.4252542662, 221938.7510319068, 472085.8355315132, 420885.3677744013, 754434.8261052731, 182905.28922025906, 383435.0431753488, 870294.7979831632, 712410.1159117911, 460267.10778247775, 220210.18867213908]
Time
29.05134344100952
The result for the 16th execution is
Query Result
[2720019.4121472244, 2835894.282625002, 2760699.7566585997, 2865417.530207791, 2787411.8115976905, 2785106.699887135, 2801806.693251025, 2744348.3736281106, 2780514.4290772323, 2855014.5367263085, 2801530.809516005, 2747741.292394577, 2870253.5975333103, 2756300.288831114, 2752934.990517395, 2748918.5063033043, 2776952.6599566997, 2749537.127971379, 2766627.949587367, 2764061.9979970944, 2840495.1870375713, 2772855.943581495, 2817262.233039793, 2844715.1197668896, 2809049.573360803]
Noised Result
[637198.9051158354, 507406.3866810859, 309858.25684092334, 1654195.2919228063, 364694.4514230959, 399164.68815180403, 802345.6488035196, 277961.1294608973, 789644.0191757651, 398558.0450689106, 594224.6941196804, 452247.09952300065, 672961.8686590409, 139469.61412649788, 435088.2550413965, 557841.7464091363, 468228.614854462, 369864.72659613914, 604821.6522801626, 268152.9246772502, 413501.9855522355, 245170.82570598577, 362497.3016691939, 330192.09283750295, 536041.9679829488]
Time
28.658426761627197
The result for the 17th execution is
Query Result
[2720019.4121472244, 2835894.282625002, 2760699.7566585997, 2865417.530207791, 2787411.8115976905, 2785106.699887135, 2801806.693251025, 2744348.3736281106, 2780514.4290772323, 2855014.5367263085, 2801530.809516005, 2747741.292394577, 2870253.5975333103, 2756300.288831114, 2752934.990517395, 2748918.5063033043, 2776952.6599566997, 2749537.127971379, 2766627.949587367, 2764061.9979970944, 2840495.1870375713, 2772855.943581495, 2817262.233039793, 2844715.1197668896, 2809049.573360803]
Noised Result
[667781.1293719541, 237870.05679975834, 334404.3032363886, 310495.6076582937, 723461.0959551422, 195683.79020758835, 651803.5068710607, 574521.6976514666, 382047.65110575105, 328960.1298020289, 807595.0297879172, 475277.83138542064, 437594.9579095775, 344385.0897791742, 405659.7585762923, 408617.0935380631, 216443.90155678662, 327288.6973739455, 287724.3744482605, 435712.2445777729, 239353.25996480277, 215417.05637193937, 389113.02721844823, 394742.79093109583, 943980.883692763]
Time
29.163459539413452
The result for the 18th execution is
Query Result
[2720019.4121472244, 2835894.282625002, 2760699.7566585997, 2865417.530207791, 2787411.8115976905, 2785106.699887135, 2801806.693251025, 2744348.3736281106, 2780514.4290772323, 2855014.5367263085, 2801530.809516005, 2747741.292394577, 2870253.5975333103, 2756300.288831114, 2752934.990517395, 2748918.5063033043, 2776952.6599566997, 2749537.127971379, 2766627.949587367, 2764061.9979970944, 2840495.1870375713, 2772855.943581495, 2817262.233039793, 2844715.1197668896, 2809049.573360803]
Noised Result
[395619.4961093394, 376635.56362190796, 554258.2033031844, 533949.8931191487, 424935.4162288329, 348957.9119243666, 123335.87847635755, 637334.4058774486, 313701.2212800402, 489890.3045233311, 388695.5127433562, 523791.05139280506, 228044.79977491498, 299089.2852761927, 347185.63493958116, 388048.33812374226, 389967.6648253449, 438613.14559970377, 628651.8371136185, 370643.9818592814, 427687.4424426551, 882881.1487387205, 425042.9932790599, 304384.42106210557, 371475.0189280936]
Time
28.448731899261475
The result for the 19th execution is
Query Result
[2720019.4121472244, 2835894.282625002, 2760699.7566585997, 2865417.530207791, 2787411.8115976905, 2785106.699887135, 2801806.693251025, 2744348.3736281106, 2780514.4290772323, 2855014.5367263085, 2801530.809516005, 2747741.292394577, 2870253.5975333103, 2756300.288831114, 2752934.990517395, 2748918.5063033043, 2776952.6599566997, 2749537.127971379, 2766627.949587367, 2764061.9979970944, 2840495.1870375713, 2772855.943581495, 2817262.233039793, 2844715.1197668896, 2809049.573360803]
Noised Result
[209963.829377093, 454203.65573394066, 768869.538329404, 401980.6442719619, 445856.2299150531, 408444.4340702286, 533804.0162649918, 305021.78777880955, 611851.2914258717, 847511.5357454508, 392661.1766911801, 349863.82270389656, 414470.771774214, 341575.37751056114, 118227.38715656358, 1497983.904355093, 522738.3035023152, 531230.0361528529, 419934.425433111, 342722.3904856385, 1044616.6614283349, 192306.5905624748, 511510.40502893506, 201220.71577197406, 390724.3259703391]
Time
28.65172791481018
