The result for the 0th execution is
Query Result
[80138.79435029996, 79743.98291689993, 80317.42073669983, 79817.2137292999, 113205.20168259957, 89626.0175539002, 83448.58103210009, 77137.1366778999, 90783.15146420026, 91081.314714, 94305.35741570001, 85596.77910119979, 84275.99529930022, 86434.52743999999, 75597.06361180004, 80048.32290129995, 70648.42375739984, 87963.24700679997, 74715.79117979997, 64856.33972049995, 84968.06064809991, 90817.87584010001, 73314.48733869994, 77413.91321649989, 78506.11331749991]
Noised Result
[-1356.1376459541457, 43359.26874677275, -2341.995874164637, -3168.7709682101918, -2290.5921771429753, -1752.4759918224183, -2308.827771612547, -2368.082322467302, -2649.9934001420224, -2225.553800912266, -2599.533262934273, -2368.4743303864075, -2112.298109540552, -1785.7528342806972, -2520.9341842974695, -2194.797829748969, -2311.6934338559686, -2473.8479840279483, -2303.5969574116325, -2260.7566258461975, -2500.5461622969165, -2640.5945620178295, -2013.064826686134, -2616.3274810698254, -2480.278627663694]
Time
4.426123142242432
The result for the 1th execution is
Query Result
[80138.79435029996, 79743.98291689993, 80317.42073669983, 79817.2137292999, 113205.20168259957, 89626.0175539002, 83448.58103210009, 77137.1366778999, 90783.15146420026, 91081.314714, 94305.35741570001, 85596.77910119979, 84275.99529930022, 86434.52743999999, 75597.06361180004, 80048.32290129995, 70648.42375739984, 87963.24700679997, 74715.79117979997, 64856.33972049995, 84968.06064809991, 90817.87584010001, 73314.48733869994, 77413.91321649989, 78506.11331749991]
Noised Result
[-2243.7031248115804, -2408.5452209326663, -2237.174652195515, -2564.942300520035, -2325.702851693905, -2013.1657344943978, -2348.2030333673056, -2284.69200307896, -2777.335623892819, -2503.249677497841, -2478.185813406334, -2379.900798371611, -2248.568811500759, -2451.2472180088466, -2052.6779499068793, -2335.719452316192, -1963.0763798482435, -2822.5306681922248, -2275.9519230044057, -2727.5292699460924, -2593.8837630501775, -2223.3580839362335, -3023.671411730721, -1333.606517777043, -2299.346296775174]
Time
4.633410930633545
The result for the 2th execution is
Query Result
[80138.79435029996, 79743.98291689993, 80317.42073669983, 79817.2137292999, 113205.20168259957, 89626.0175539002, 83448.58103210009, 77137.1366778999, 90783.15146420026, 91081.314714, 94305.35741570001, 85596.77910119979, 84275.99529930022, 86434.52743999999, 75597.06361180004, 80048.32290129995, 70648.42375739984, 87963.24700679997, 74715.79117979997, 64856.33972049995, 84968.06064809991, 90817.87584010001, 73314.48733869994, 77413.91321649989, 78506.11331749991]
Noised Result
[-2466.363302672832, -2565.341427054891, -2396.9487964025875, -1354.1286500240467, -2670.2709730871675, -2091.7441717108645, -2598.784462488323, -2349.3276981685854, -2418.387851632053, -2271.5756620181373, -2088.619545293761, -2624.6917427277203, -2293.7159221254824, -2578.5098736187947, -2422.166766908292, -2192.692327178233, -6.952448871588331, -2618.6062829902007, -1217.8911191661296, -2914.4670610424005, -2679.7661634674496, -2111.0646165977405, -2438.4848982715553, -2288.7473166657933, -3064.0367590225433]
Time
4.320451498031616
The result for the 3th execution is
Query Result
[80138.79435029996, 79743.98291689993, 80317.42073669983, 79817.2137292999, 113205.20168259957, 89626.0175539002, 83448.58103210009, 77137.1366778999, 90783.15146420026, 91081.314714, 94305.35741570001, 85596.77910119979, 84275.99529930022, 86434.52743999999, 75597.06361180004, 80048.32290129995, 70648.42375739984, 87963.24700679997, 74715.79117979997, 64856.33972049995, 84968.06064809991, 90817.87584010001, 73314.48733869994, 77413.91321649989, 78506.11331749991]
Noised Result
[-3023.337348124344, -2059.3295810049513, -2518.4060462965494, -2288.54174596492, -2880.5388732660776, -1812.072658338115, -1983.0629584394624, -2168.748101720965, -1945.298628329701, -2013.021211900298, -1709.4069386264443, -2217.597070991371, -2455.2523035778977, -2657.5157687134943, -2389.9606895461984, -2205.3798310285274, -2220.911639480314, -2584.800943559961, -2410.4477784208902, -2107.232552452472, -2272.3131894438066, -2441.939657768592, -2223.3429093623968, -1876.147546338886, -2943.159772002445]
Time
4.424548625946045
The result for the 4th execution is
Query Result
[80138.79435029996, 79743.98291689993, 80317.42073669983, 79817.2137292999, 113205.20168259957, 89626.0175539002, 83448.58103210009, 77137.1366778999, 90783.15146420026, 91081.314714, 94305.35741570001, 85596.77910119979, 84275.99529930022, 86434.52743999999, 75597.06361180004, 80048.32290129995, 70648.42375739984, 87963.24700679997, 74715.79117979997, 64856.33972049995, 84968.06064809991, 90817.87584010001, 73314.48733869994, 77413.91321649989, 78506.11331749991]
Noised Result
[-2446.110493980967, -2565.462743806124, -2778.5877603677195, -1696.3963694427557, -2508.1253311634973, -2913.572080227199, -1606.7319586768804, -2316.301125956815, -1983.9209762597657, -1674.102351979976, -2782.1784958114595, -2112.3069582502103, -2714.9061668379095, -2245.795375272745, -1975.644571191835, -2423.661500109299, -2158.066945379129, -2745.290367445261, -2603.4854759645777, -3230.378848614798, -2058.3288881190474, -2379.3956739746486, -2510.167925270929, -2176.2946093707587, -2503.660308983187]
Time
4.3829991817474365
The result for the 5th execution is
Query Result
[80138.79435029996, 79743.98291689993, 80317.42073669983, 79817.2137292999, 113205.20168259957, 89626.0175539002, 83448.58103210009, 77137.1366778999, 90783.15146420026, 91081.314714, 94305.35741570001, 85596.77910119979, 84275.99529930022, 86434.52743999999, 75597.06361180004, 80048.32290129995, 70648.42375739984, 87963.24700679997, 74715.79117979997, 64856.33972049995, 84968.06064809991, 90817.87584010001, 73314.48733869994, 77413.91321649989, 78506.11331749991]
Noised Result
[-1808.6867886421696, -2488.859021516434, -2948.77155094543, -1938.6379145588567, -2510.7681898575975, -1405.0731661849395, -2485.007657937058, -2411.528516354329, -2337.7134367004296, -1815.309156744321, -2025.3428687524179, -2448.9314376315156, -1473.452059258276, -2176.3109335163635, -2277.4839563964006, -2330.656268224148, -1523.23565641308, -3041.284438007596, -2274.2067900316033, -2404.0102426979583, -3103.9542713706246, -2533.5285018491645, -2591.6967427132595, -2107.2693201667485, 1987.1323083389088]
Time
4.5772271156311035
The result for the 6th execution is
Query Result
[80138.79435029996, 79743.98291689993, 80317.42073669983, 79817.2137292999, 113205.20168259957, 89626.0175539002, 83448.58103210009, 77137.1366778999, 90783.15146420026, 91081.314714, 94305.35741570001, 85596.77910119979, 84275.99529930022, 86434.52743999999, 75597.06361180004, 80048.32290129995, 70648.42375739984, 87963.24700679997, 74715.79117979997, 64856.33972049995, 84968.06064809991, 90817.87584010001, 73314.48733869994, 77413.91321649989, 78506.11331749991]
Noised Result
[-2351.0073960506556, -2293.8396077464517, -2309.330741355553, -2430.443872348461, -2353.4104744438555, -2438.301281422495, -2344.355544967282, -2941.0861128771357, -3078.2215535609066, -2012.2951861197685, -2660.407103918071, -2539.7576593317785, -2750.317660681826, -1849.5437005522444, -2350.597435658361, -2026.614707474897, -2161.2153740150216, -2439.9868544366527, -2089.4690756422633, -2948.00920668788, -1935.2866904764505, -2038.7108138904628, -2074.1054017113815, -2597.02459347256, -2150.3425271644896]
Time
4.467822074890137
The result for the 7th execution is
Query Result
[80138.79435029996, 79743.98291689993, 80317.42073669983, 79817.2137292999, 113205.20168259957, 89626.0175539002, 83448.58103210009, 77137.1366778999, 90783.15146420026, 91081.314714, 94305.35741570001, 85596.77910119979, 84275.99529930022, 86434.52743999999, 75597.06361180004, 80048.32290129995, 70648.42375739984, 87963.24700679997, 74715.79117979997, 64856.33972049995, 84968.06064809991, 90817.87584010001, 73314.48733869994, 77413.91321649989, 78506.11331749991]
Noised Result
[-2494.522791371464, -2417.2117055106996, -2140.851555298188, -1510.179336412869, -2029.1591378684407, -2278.884832391338, -2642.6712646722, -2382.7520746374576, -2345.730011659764, -2415.9616233003703, -2159.4579880685897, -2324.9080089658505, -1765.4379979602115, -2566.1082103538033, -2432.696267667215, -3099.183760654847, -2230.4365293224146, -2445.675305463691, -2524.489607870514, -2086.8399646157104, -2683.223739170409, -2510.9879727206835, -2721.083797841108, -1721.2832692805205, -1668.1854890636907]
Time
4.342060804367065
The result for the 8th execution is
Query Result
[80138.79435029996, 79743.98291689993, 80317.42073669983, 79817.2137292999, 113205.20168259957, 89626.0175539002, 83448.58103210009, 77137.1366778999, 90783.15146420026, 91081.314714, 94305.35741570001, 85596.77910119979, 84275.99529930022, 86434.52743999999, 75597.06361180004, 80048.32290129995, 70648.42375739984, 87963.24700679997, 74715.79117979997, 64856.33972049995, 84968.06064809991, 90817.87584010001, 73314.48733869994, 77413.91321649989, 78506.11331749991]
Noised Result
[-2211.782346926742, -2572.349577506399, -2398.807677388041, -2176.796899239587, -2377.6547204377002, -2587.9268753788288, -1213.6097054371994, -2452.0594395324983, -1927.9783833814627, -1772.6373479237382, -2268.2126375101193, -2010.84914158644, -2343.2856647301965, -2338.627615390745, -2116.858970658999, -3095.31309554081, -2304.573307355084, -2118.5874224111044, -2344.3203817246226, -3187.2358992094087, -2349.1153917557153, -2134.75701046795, -2398.1349804020438, -2426.747988515341, -2444.412518528409]
Time
4.4757771492004395
The result for the 9th execution is
Query Result
[80138.79435029996, 79743.98291689993, 80317.42073669983, 79817.2137292999, 113205.20168259957, 89626.0175539002, 83448.58103210009, 77137.1366778999, 90783.15146420026, 91081.314714, 94305.35741570001, 85596.77910119979, 84275.99529930022, 86434.52743999999, 75597.06361180004, 80048.32290129995, 70648.42375739984, 87963.24700679997, 74715.79117979997, 64856.33972049995, 84968.06064809991, 90817.87584010001, 73314.48733869994, 77413.91321649989, 78506.11331749991]
Noised Result
[-2187.2885343447824, -1133.1529712191275, -2341.637916390246, -2946.775017314237, -2705.355463882498, -2542.2380206196094, -2271.528580996337, -2451.1188055387775, -2339.434874276904, -2152.2925779913185, -2627.797859144074, -2570.5028251938993, -2620.6019070278685, -2425.095039042241, -2289.800656807519, -2311.5860118972623, -2422.6597859473795, -2385.930195897923, -2457.5454178778255, -2357.950892453139, -2073.307680052462, -2720.6357362588515, -2471.3477266086584, -2411.265680401814, -2869.074118715121]
Time
4.30398154258728
The result for the 10th execution is
Query Result
[80138.79435029996, 79743.98291689993, 80317.42073669983, 79817.2137292999, 113205.20168259957, 89626.0175539002, 83448.58103210009, 77137.1366778999, 90783.15146420026, 91081.314714, 94305.35741570001, 85596.77910119979, 84275.99529930022, 86434.52743999999, 75597.06361180004, 80048.32290129995, 70648.42375739984, 87963.24700679997, 74715.79117979997, 64856.33972049995, 84968.06064809991, 90817.87584010001, 73314.48733869994, 77413.91321649989, 78506.11331749991]
Noised Result
[-1564.2616725699081, -2416.0390078532414, -2027.7838784540236, -2144.926274769796, -2413.470046066674, -2429.9776849271284, -1877.480693237685, -2817.9160378274973, -2293.6332494263834, -1993.874926883073, -2125.4008587276217, -2625.497939994688, -2312.7677459254123, -2354.083900156584, -2816.308181061144, -2026.2971013053439, -2312.1326499648217, -2198.0087389613927, -2458.031194767469, -2469.2403554953225, -2042.256198756544, -2601.714520305439, -1313.4334928974822, -2556.2992109763686, -2336.434680719731]
Time
4.543430328369141
The result for the 11th execution is
Query Result
[80138.79435029996, 79743.98291689993, 80317.42073669983, 79817.2137292999, 113205.20168259957, 89626.0175539002, 83448.58103210009, 77137.1366778999, 90783.15146420026, 91081.314714, 94305.35741570001, 85596.77910119979, 84275.99529930022, 86434.52743999999, 75597.06361180004, 80048.32290129995, 70648.42375739984, 87963.24700679997, 74715.79117979997, 64856.33972049995, 84968.06064809991, 90817.87584010001, 73314.48733869994, 77413.91321649989, 78506.11331749991]
Noised Result
[-3791.479976401784, -2313.7600398488835, -2400.7812050155317, -1855.5502490626532, -2988.6259261111913, -2454.7841258373605, -2424.3325115112916, -2886.6604939588833, -2703.8604087569283, -2333.5875143815533, -2287.583839182942, -2347.4427093994987, -2255.7450776668584, -2444.85917091683, -2694.638399441463, -2488.3359436894043, -2413.1818287530523, -2416.3892036976895, -2208.7464232689895, -2232.595409661431, -2142.135789007756, -2217.419626040968, -2265.051620176168, -1965.995920226675, -2476.406578345745]
Time
4.401602268218994
The result for the 12th execution is
Query Result
[80138.79435029996, 79743.98291689993, 80317.42073669983, 79817.2137292999, 113205.20168259957, 89626.0175539002, 83448.58103210009, 77137.1366778999, 90783.15146420026, 91081.314714, 94305.35741570001, 85596.77910119979, 84275.99529930022, 86434.52743999999, 75597.06361180004, 80048.32290129995, 70648.42375739984, 87963.24700679997, 74715.79117979997, 64856.33972049995, 84968.06064809991, 90817.87584010001, 73314.48733869994, 77413.91321649989, 78506.11331749991]
Noised Result
[-2196.3342354837478, -2390.8076971939618, -1254.5103100265487, -2538.069901768866, -2140.6272188891217, -2665.963558031092, -1414.5627706972182, -1358.267720123927, -2878.9711460388935, -2276.0687387464195, -2664.6849631186624, -2224.923660172724, -2202.4525978018046, -2983.8630812312085, -2375.190559363358, -2534.190185595658, -2677.516000386582, -2560.2958867118227, -2123.176457661281, -2227.1184089621165, -2302.8944356189045, -3406.004541311179, -2368.3582423321695, -2622.4214231387004, -2310.2121707678793]
Time
4.576498985290527
The result for the 13th execution is
Query Result
[80138.79435029996, 79743.98291689993, 80317.42073669983, 79817.2137292999, 113205.20168259957, 89626.0175539002, 83448.58103210009, 77137.1366778999, 90783.15146420026, 91081.314714, 94305.35741570001, 85596.77910119979, 84275.99529930022, 86434.52743999999, 75597.06361180004, 80048.32290129995, 70648.42375739984, 87963.24700679997, 74715.79117979997, 64856.33972049995, 84968.06064809991, 90817.87584010001, 73314.48733869994, 77413.91321649989, 78506.11331749991]
Noised Result
[-2090.215320708164, -1496.8365108737319, -2338.1438658192915, -1807.3404127544093, -2279.0044667675843, -2820.8429487167114, -2466.7813497792354, -2317.2394392420165, -2178.8004386869, -2846.9084351510937, -2180.5781026085288, -2118.9601268724196, -2948.6494372558545, -2302.8492698740924, -2744.5699511141406, -3289.425657547875, -2323.5007581037057, -2153.0639285532234, -2288.1697232471465, -2052.236219896515, -1430.5740073055563, -2281.122154746323, -2463.6718323481728, -1694.0140089539975, -2540.7937957013946]
Time
4.615023851394653
The result for the 14th execution is
Query Result
[80138.79435029996, 79743.98291689993, 80317.42073669983, 79817.2137292999, 113205.20168259957, 89626.0175539002, 83448.58103210009, 77137.1366778999, 90783.15146420026, 91081.314714, 94305.35741570001, 85596.77910119979, 84275.99529930022, 86434.52743999999, 75597.06361180004, 80048.32290129995, 70648.42375739984, 87963.24700679997, 74715.79117979997, 64856.33972049995, 84968.06064809991, 90817.87584010001, 73314.48733869994, 77413.91321649989, 78506.11331749991]
Noised Result
[-2154.561440710925, -2139.7722804738405, -2017.8277128988084, -2935.641736265882, -2107.658842597665, -2452.312528562309, -2369.5187874606854, -2602.596900656738, -1883.5956970832895, -2247.3434160710976, -2499.238879254203, -2189.1787337485493, -2224.8094854123037, -2222.6121205406407, -2426.5269794502565, -2843.1347017653397, -2691.3134625484076, -1076.700624861781, -2231.5972473226825, -1672.2187381559397, -2501.9770096813295, -620.4666197039496, -2257.2800019681185, -3181.381005373135, -2324.985554946383]
Time
4.329742431640625
The result for the 15th execution is
Query Result
[80138.79435029996, 79743.98291689993, 80317.42073669983, 79817.2137292999, 113205.20168259957, 89626.0175539002, 83448.58103210009, 77137.1366778999, 90783.15146420026, 91081.314714, 94305.35741570001, 85596.77910119979, 84275.99529930022, 86434.52743999999, 75597.06361180004, 80048.32290129995, 70648.42375739984, 87963.24700679997, 74715.79117979997, 64856.33972049995, 84968.06064809991, 90817.87584010001, 73314.48733869994, 77413.91321649989, 78506.11331749991]
Noised Result
[-1908.088759697941, -2140.795801593032, -1933.8860394471676, -1991.9323491527816, -2809.781761219665, -2095.713406082494, -2601.833348135169, -2551.975213430117, -2507.6521110503836, -2242.1506582187535, -2323.1714782714803, -2591.9584188654558, -1598.1203215492606, -2348.5430457036996, -2408.8883266329713, -2811.1590679927785, -2274.9122142194587, -2044.811134601226, -2008.9287104480659, -2589.6771262581447, -1803.2720649471062, -3090.9948547272616, -2087.3839179788224, -1631.280193330098, -2777.524261622399]
Time
4.379006385803223
The result for the 16th execution is
Query Result
[80138.79435029996, 79743.98291689993, 80317.42073669983, 79817.2137292999, 113205.20168259957, 89626.0175539002, 83448.58103210009, 77137.1366778999, 90783.15146420026, 91081.314714, 94305.35741570001, 85596.77910119979, 84275.99529930022, 86434.52743999999, 75597.06361180004, 80048.32290129995, 70648.42375739984, 87963.24700679997, 74715.79117979997, 64856.33972049995, 84968.06064809991, 90817.87584010001, 73314.48733869994, 77413.91321649989, 78506.11331749991]
Noised Result
[-2075.9545995807835, -2403.455402488105, -2305.982952689378, -2290.409890820354, -2607.239292699446, -2405.9365029374744, -2553.644932122957, -2108.9097757765676, -2571.8728564612197, -2225.3827997878343, -1957.2011896452332, -1523.638374488024, -2225.2255736900943, -2495.594040375434, -2403.687415489325, -2510.6300210918116, -2515.147940972709, -1677.4563405370536, -2777.607135899785, -1999.1139593900698, -2124.4369089210645, -2326.1623797082443, -2113.9646010744696, -2689.6449281948767, -2101.10785856413]
Time
4.419844150543213
The result for the 17th execution is
Query Result
[80138.79435029996, 79743.98291689993, 80317.42073669983, 79817.2137292999, 113205.20168259957, 89626.0175539002, 83448.58103210009, 77137.1366778999, 90783.15146420026, 91081.314714, 94305.35741570001, 85596.77910119979, 84275.99529930022, 86434.52743999999, 75597.06361180004, 80048.32290129995, 70648.42375739984, 87963.24700679997, 74715.79117979997, 64856.33972049995, 84968.06064809991, 90817.87584010001, 73314.48733869994, 77413.91321649989, 78506.11331749991]
Noised Result
[-2531.9224230014365, -2565.5776288270854, -2057.910636854344, -2364.081274328242, -2403.654214902472, -2053.3039486180473, -2289.996784432848, -2469.197899590698, -3216.6612644623, -2293.371446079733, -2444.983990797605, -2568.643684261705, -2612.983850579837, -2861.0260825627565, -2957.2965422725993, -2947.2584978805926, -2496.5333565526003, -2043.3495943479838, -2342.9926956987215, -2230.825170673252, -2093.7662526775525, -2237.6122033427155, -2792.6800590426833, -3292.1691217875073, -2568.0729431706873]
Time
4.340841293334961
The result for the 18th execution is
Query Result
[80138.79435029996, 79743.98291689993, 80317.42073669983, 79817.2137292999, 113205.20168259957, 89626.0175539002, 83448.58103210009, 77137.1366778999, 90783.15146420026, 91081.314714, 94305.35741570001, 85596.77910119979, 84275.99529930022, 86434.52743999999, 75597.06361180004, 80048.32290129995, 70648.42375739984, 87963.24700679997, 74715.79117979997, 64856.33972049995, 84968.06064809991, 90817.87584010001, 73314.48733869994, 77413.91321649989, 78506.11331749991]
Noised Result
[-2160.974773295192, -2586.2488502934857, -2520.042067987501, -2800.4715626387024, -2725.9055664768243, -2428.057844610763, -2172.220761054914, -2453.6920753390414, -3012.0622344387207, -2691.5878854522994, -2369.316794282591, -2535.800968522011, -2263.7062628256726, -3291.581096161248, -2845.314801895499, -2181.3729520178613, -2316.260011351112, -2532.8301538443116, -2334.2244400864724, -2435.746901799882, -2344.6422134908985, -2210.1878748884956, -2412.6579787110686, -2845.102718157614, -2571.6767718379465]
Time
4.345813751220703
The result for the 19th execution is
Query Result
[80138.79435029996, 79743.98291689993, 80317.42073669983, 79817.2137292999, 113205.20168259957, 89626.0175539002, 83448.58103210009, 77137.1366778999, 90783.15146420026, 91081.314714, 94305.35741570001, 85596.77910119979, 84275.99529930022, 86434.52743999999, 75597.06361180004, 80048.32290129995, 70648.42375739984, 87963.24700679997, 74715.79117979997, 64856.33972049995, 84968.06064809991, 90817.87584010001, 73314.48733869994, 77413.91321649989, 78506.11331749991]
Noised Result
[-2703.3070922217, -2336.961036675751, -2320.711517759727, -1722.3216432769395, -2739.2883841858993, -2371.5513438919074, -2430.3205074804364, -2548.7334360250998, -1628.7913973878308, -2674.508969667261, -2186.5058360509647, -2297.7598785468685, -1925.9948690061428, -3343.237452011132, -2477.0029540938085, -1195.4096053850785, -2098.2483041560467, -2040.6707372640108, -1404.1798365371296, -2144.4768419543107, -2161.3943437259722, -2320.470478646519, -2859.540343139014, -2316.996942933438, -1603.7120981246928]
Time
4.472609519958496
