The result for the 0th execution is
Query Result
[11529.0, 11740.0, 11705.0, 11608.0, 11876.0, 11623.0, 11845.0, 12073.0, 11624.0, 11787.0, 12077.0, 12321.0, 11792.0, 11585.0, 11717.0, 11515.0, 11887.0, 11941.0, 11730.0, 11993.0, 11999.0, 11915.0, 11600.0, 11453.0, 11820.0]
Noised Result
[6306.860204641493, 4899.132905471792, 5221.560120947629, 4908.876942791441, 5422.111278299638, 9825.352899732015, 4714.075407173389, 5279.065959157966, 6237.8095756180965, 4613.621876513001, 6646.416409831695, 5666.134902508738, 5343.842637842028, 4658.301106437354, 6935.354384032882, 4576.970351162108, 6136.328995400323, 5149.778438674171, 4896.453188053236, 6462.049038831839, 5875.280223761107, 5140.648746369033, 4295.53768508581, 4914.437447715282, 5303.431066880267]
Time
6.156607627868652
The result for the 1th execution is
Query Result
[11529.0, 11740.0, 11705.0, 11608.0, 11876.0, 11623.0, 11845.0, 12073.0, 11624.0, 11787.0, 12077.0, 12321.0, 11792.0, 11585.0, 11717.0, 11515.0, 11887.0, 11941.0, 11730.0, 11993.0, 11999.0, 11915.0, 11600.0, 11453.0, 11820.0]
Noised Result
[4664.431187472989, 5522.087539266591, 4988.836186766832, 4151.577746507426, 5001.922342800567, 4873.871877809135, 5430.660228515045, 5311.720272058928, 4848.502286570425, 4893.5129773600165, 4857.986538067471, 5566.964381078951, 4466.828828461882, 5601.203721836096, 4893.106993122124, 5103.1621677220455, 4815.038469680203, 4769.18583744, 4949.719140094444, 5568.375573643876, 6165.622979031322, 5056.48000795258, 5505.239663015677, 4942.564855666156, 6128.375972392947]
Time
6.275040149688721
The result for the 2th execution is
Query Result
[11529.0, 11740.0, 11705.0, 11608.0, 11876.0, 11623.0, 11845.0, 12073.0, 11624.0, 11787.0, 12077.0, 12321.0, 11792.0, 11585.0, 11717.0, 11515.0, 11887.0, 11941.0, 11730.0, 11993.0, 11999.0, 11915.0, 11600.0, 11453.0, 11820.0]
Noised Result
[4932.082471705668, 4928.186927092033, 4937.492260173445, 5033.189476347028, 5180.401187325009, 4636.874818511966, 6218.196613030081, 5759.631586123823, 4811.193356692748, 5908.269718515089, 5538.75367057947, 7093.621032086141, 5526.793395771681, 4182.257174622635, 4910.750861109631, 4829.827919931645, 4678.057967849443, 5388.557360138129, 4803.9032114430565, 4504.272086161796, 6009.074473626, 5258.548912811555, 8478.361161733952, 4648.688335087811, 4269.861261941241]
Time
6.0034894943237305
The result for the 3th execution is
Query Result
[11529.0, 11740.0, 11705.0, 11608.0, 11876.0, 11623.0, 11845.0, 12073.0, 11624.0, 11787.0, 12077.0, 12321.0, 11792.0, 11585.0, 11717.0, 11515.0, 11887.0, 11941.0, 11730.0, 11993.0, 11999.0, 11915.0, 11600.0, 11453.0, 11820.0]
Noised Result
[4491.510304808643, 4678.28163039173, 5086.020111574209, 4742.537166836813, 6111.745446115168, 4397.182658141792, 5136.128347961911, 4591.518437717164, 5603.493214450575, 5470.07669053824, 5753.102604078957, 5409.657198851855, 4933.568519989626, 4791.853102867091, 5263.438694149116, 5071.323597005125, 4803.983685304838, 5113.194068890922, 4747.775351264673, 4387.868615126624, 4773.71776920293, 7363.381294244164, 5399.876098335874, 4901.06309885569, 7261.401268900179]
Time
6.2606360912323
The result for the 4th execution is
Query Result
[11529.0, 11740.0, 11705.0, 11608.0, 11876.0, 11623.0, 11845.0, 12073.0, 11624.0, 11787.0, 12077.0, 12321.0, 11792.0, 11585.0, 11717.0, 11515.0, 11887.0, 11941.0, 11730.0, 11993.0, 11999.0, 11915.0, 11600.0, 11453.0, 11820.0]
Noised Result
[5853.89058050572, 5112.091854338527, 5039.24077418606, 4822.170180835715, 4645.8246901594885, 5569.632071959286, 4595.01689896444, 4792.042775114273, 4473.360674747966, 5049.115398214854, 7324.548797912269, 5254.260815736735, 5172.8331209755315, 5740.267391518181, 4579.160993661397, 4625.320424986019, 4987.872541490824, 6131.85708578718, 4393.411336166775, 5276.685787690787, 5269.312998993147, 6511.5275692677105, 5911.136377565109, 5856.097411077204, 5101.861549323921]
Time
6.285428762435913
The result for the 5th execution is
Query Result
[11529.0, 11740.0, 11705.0, 11608.0, 11876.0, 11623.0, 11845.0, 12073.0, 11624.0, 11787.0, 12077.0, 12321.0, 11792.0, 11585.0, 11717.0, 11515.0, 11887.0, 11941.0, 11730.0, 11993.0, 11999.0, 11915.0, 11600.0, 11453.0, 11820.0]
Noised Result
[4978.643650087288, 5431.080128817469, 5148.441718054808, 4408.176168013534, 5168.995131905595, 6986.712811000134, 5085.756306719689, 5435.515831489262, 6147.0594353041, 7211.399219473412, 4743.190768773675, 5606.479575977752, 4808.172180355821, 4790.364945022395, 4986.446561523509, 4657.669626708508, 8967.148441403098, 3553.192352457595, 4807.060844971288, 4874.080408931665, 5539.491007612748, 5220.575886238073, 4181.562002615186, 4206.407744374101, 5180.262545363677]
Time
6.24168062210083
The result for the 6th execution is
Query Result
[11529.0, 11740.0, 11705.0, 11608.0, 11876.0, 11623.0, 11845.0, 12073.0, 11624.0, 11787.0, 12077.0, 12321.0, 11792.0, 11585.0, 11717.0, 11515.0, 11887.0, 11941.0, 11730.0, 11993.0, 11999.0, 11915.0, 11600.0, 11453.0, 11820.0]
Noised Result
[4887.596571654369, 5987.244536705066, 4549.618947563524, 4845.867583250054, 4873.265706226985, 4766.251106598882, 5025.003743570028, 4507.54710469858, 5189.116845590062, 4583.274051905255, 5976.870337273139, 5563.129673976933, 5094.95453806941, 4704.277415163116, 5318.652119365437, 4918.573914956909, 5145.670389809764, 5259.805385005903, 5614.261976871339, 6525.8759754582325, 5989.543207055571, 4457.436382863516, 5074.805935566485, 4336.547570148968, 5277.9858646374805]
Time
6.256595849990845
The result for the 7th execution is
Query Result
[11529.0, 11740.0, 11705.0, 11608.0, 11876.0, 11623.0, 11845.0, 12073.0, 11624.0, 11787.0, 12077.0, 12321.0, 11792.0, 11585.0, 11717.0, 11515.0, 11887.0, 11941.0, 11730.0, 11993.0, 11999.0, 11915.0, 11600.0, 11453.0, 11820.0]
Noised Result
[4568.972321165815, 5607.7708349705845, 4941.38182173827, 5032.094233344424, 4890.256759546715, 5482.053473364097, 5818.94624366801, 4666.575908452596, 4695.815884834799, 5689.451921682728, 4640.609310746164, 4618.789828208663, 4539.540951282846, 4301.232144892307, 4475.343086586998, 4303.34115999391, 4952.453926235794, 4738.894958386274, 5131.628979338662, 4526.414343300707, 4871.389019854871, 5023.222675192997, 5074.462247345271, 4253.551969975014, 5038.2601300672695]
Time
6.244194030761719
The result for the 8th execution is
Query Result
[11529.0, 11740.0, 11705.0, 11608.0, 11876.0, 11623.0, 11845.0, 12073.0, 11624.0, 11787.0, 12077.0, 12321.0, 11792.0, 11585.0, 11717.0, 11515.0, 11887.0, 11941.0, 11730.0, 11993.0, 11999.0, 11915.0, 11600.0, 11453.0, 11820.0]
Noised Result
[5800.348687546524, 4528.884878089321, 4961.792698339597, 4287.188999187209, 4967.745271982999, 5669.632398432694, 4984.239231761933, 5582.251061085227, 4962.629706165095, 5425.67473311375, 4785.156969502392, 4705.922247692688, 5621.337204974619, 4352.0851331101685, 5485.43473248291, 6321.622461471278, 5751.576719438703, 7596.851461257698, 5366.26956015551, 5199.012474976577, 5227.365140909424, 5171.769737620608, 4589.187854470556, 5235.899287283769, 5724.443289213322]
Time
6.3803184032440186
The result for the 9th execution is
Query Result
[11529.0, 11740.0, 11705.0, 11608.0, 11876.0, 11623.0, 11845.0, 12073.0, 11624.0, 11787.0, 12077.0, 12321.0, 11792.0, 11585.0, 11717.0, 11515.0, 11887.0, 11941.0, 11730.0, 11993.0, 11999.0, 11915.0, 11600.0, 11453.0, 11820.0]
Noised Result
[4673.771092346198, 4988.089393490016, 4925.381360723314, 4399.1444134569165, 4513.920891033302, 4100.896092058285, 5356.4369979676085, 4979.562796471919, 4601.279539405508, 5608.271696224767, 5221.114499053442, 5496.027195112176, 5527.358845861037, 6238.781150383866, 4921.910401297574, 4374.782849755545, 5882.192195012627, 6184.96208069276, 5324.045957382243, 4930.317988399798, 5974.875793036966, 5042.993488772664, 4271.281278646093, 4236.843992285456, 5114.861376851766]
Time
6.3020594120025635
The result for the 10th execution is
Query Result
[11529.0, 11740.0, 11705.0, 11608.0, 11876.0, 11623.0, 11845.0, 12073.0, 11624.0, 11787.0, 12077.0, 12321.0, 11792.0, 11585.0, 11717.0, 11515.0, 11887.0, 11941.0, 11730.0, 11993.0, 11999.0, 11915.0, 11600.0, 11453.0, 11820.0]
Noised Result
[4550.444158062585, 5195.086444706303, 4536.991791585195, 5815.228308862331, 6253.385992396749, 5073.6612385748185, 4958.121785811653, 5649.2831606340405, 4229.290460087611, 5031.909278839472, 5497.483662216949, 4449.788840714942, 4443.979150989918, 4507.453547909907, 4452.867339214913, 5982.7282321815965, 6089.767050098939, 5707.979528402112, 4431.622108844749, 4940.053732970653, 5546.77529035788, 5494.113513578977, 5176.518693441806, 6386.735745456851, 4910.906769896957]
Time
6.159857988357544
The result for the 11th execution is
Query Result
[11529.0, 11740.0, 11705.0, 11608.0, 11876.0, 11623.0, 11845.0, 12073.0, 11624.0, 11787.0, 12077.0, 12321.0, 11792.0, 11585.0, 11717.0, 11515.0, 11887.0, 11941.0, 11730.0, 11993.0, 11999.0, 11915.0, 11600.0, 11453.0, 11820.0]
Noised Result
[5115.000907068159, 4943.786931714614, 4566.738500426609, 4862.408311124803, 4864.549653126931, 4405.484756528543, 5899.435801799898, 4784.587792905912, 4845.173495069053, 4946.179800262934, 4669.162437615768, 5114.747673546997, 5316.464916464754, 6253.884055142964, 5001.1696409067945, 5007.279321102452, 4442.248334063539, 5945.08936657436, 4905.7434619336755, 4704.331567958252, 5265.252882826913, 4637.410539543353, 4843.355188392264, 4545.99148643917, 4964.657999777634]
Time
6.274082183837891
The result for the 12th execution is
Query Result
[11529.0, 11740.0, 11705.0, 11608.0, 11876.0, 11623.0, 11845.0, 12073.0, 11624.0, 11787.0, 12077.0, 12321.0, 11792.0, 11585.0, 11717.0, 11515.0, 11887.0, 11941.0, 11730.0, 11993.0, 11999.0, 11915.0, 11600.0, 11453.0, 11820.0]
Noised Result
[5434.5428028135375, 5274.419364287173, 5059.213440665002, 4677.7506910945995, 5170.491488649885, 4809.0296613476585, 4900.6828614973365, 5197.2827589962, 5459.94913033433, 5244.469015050647, 5006.813996820371, 5026.753378407296, 5600.006467930035, 5014.811813311056, 5657.815838146268, 4773.911025296844, 5204.041442776586, 5454.015055871438, 5055.303981471858, 5198.179478196589, 5198.5212396816205, 7722.3323760992225, 4342.7612696888855, 5352.403393427727, 4786.8460368385295]
Time
6.271084308624268
The result for the 13th execution is
Query Result
[11529.0, 11740.0, 11705.0, 11608.0, 11876.0, 11623.0, 11845.0, 12073.0, 11624.0, 11787.0, 12077.0, 12321.0, 11792.0, 11585.0, 11717.0, 11515.0, 11887.0, 11941.0, 11730.0, 11993.0, 11999.0, 11915.0, 11600.0, 11453.0, 11820.0]
Noised Result
[5407.525581482681, 5080.0395233445815, 6989.17557951782, 6694.100989371858, 5034.003833946567, 4820.48012799494, 5287.577875028369, 4886.725256603002, 4557.689889123119, 4913.030371474216, 5319.639269912082, 5773.489918756426, 4514.916563486083, 5868.137180357342, 6094.470764933654, 4363.39766449114, 5115.033498248226, 4207.493457504677, 5737.441930535962, 5834.528114119025, 5429.673698842476, 5014.585298095673, 5911.989562819173, 4479.525791738316, 4475.126848650478]
Time
6.098865985870361
The result for the 14th execution is
Query Result
[11529.0, 11740.0, 11705.0, 11608.0, 11876.0, 11623.0, 11845.0, 12073.0, 11624.0, 11787.0, 12077.0, 12321.0, 11792.0, 11585.0, 11717.0, 11515.0, 11887.0, 11941.0, 11730.0, 11993.0, 11999.0, 11915.0, 11600.0, 11453.0, 11820.0]
Noised Result
[4038.6909473579617, 5519.145307682185, 5124.7350614390525, 4015.892434795306, 5264.98279704059, 5573.388135922645, 5131.39537134785, 5016.991933252877, 5508.133681630147, 4703.295903664254, 5153.096049665783, 6456.9648608569405, 4528.263700521718, 6292.487192444123, 4801.174499075409, 4838.269302061957, 5372.568951981605, 6200.466972350593, 4345.027381951617, 5335.055521692806, 4867.617018814544, 4990.0926450898205, 4504.329156171165, 5624.597874099502, 5591.700827671042]
Time
6.269557952880859
The result for the 15th execution is
Query Result
[11529.0, 11740.0, 11705.0, 11608.0, 11876.0, 11623.0, 11845.0, 12073.0, 11624.0, 11787.0, 12077.0, 12321.0, 11792.0, 11585.0, 11717.0, 11515.0, 11887.0, 11941.0, 11730.0, 11993.0, 11999.0, 11915.0, 11600.0, 11453.0, 11820.0]
Noised Result
[5308.507870906031, 5178.126942785376, 4980.375121868921, 4995.14627395539, 4992.654965574527, 4277.1412783176565, 5371.40977722767, 5893.153320727306, 4998.62440676622, 4985.53295883699, 7284.543742862239, 4890.54180555831, 5324.818364734345, 5048.647953613323, 4523.932808724582, 4541.470388355397, 5531.496852468209, 5617.247571798624, 4496.75486431961, 4888.788756960737, 5706.770769256834, 6089.425448049291, 4391.054718044081, 5570.253519019514, 7420.4753360736795]
Time
6.235862493515015
The result for the 16th execution is
Query Result
[11529.0, 11740.0, 11705.0, 11608.0, 11876.0, 11623.0, 11845.0, 12073.0, 11624.0, 11787.0, 12077.0, 12321.0, 11792.0, 11585.0, 11717.0, 11515.0, 11887.0, 11941.0, 11730.0, 11993.0, 11999.0, 11915.0, 11600.0, 11453.0, 11820.0]
Noised Result
[4475.988682179441, 4955.509179531077, 4147.613862307226, 4847.0655894739975, 4174.935123022075, 4939.0434238242815, 5501.426266211622, 8582.583039554953, 4407.17997595826, 4477.213072308932, 5105.683902482317, 5868.139627248645, 6066.837803140611, 5068.881763334238, 4993.520920297904, 4906.8817087237585, 5771.834989752917, 5031.094409553245, 5511.526471484364, 7179.952680809378, 4841.798570340109, 5395.441184772909, 5108.478751567149, 4928.106670961166, 5643.908889306578]
Time
6.220974683761597
The result for the 17th execution is
Query Result
[11529.0, 11740.0, 11705.0, 11608.0, 11876.0, 11623.0, 11845.0, 12073.0, 11624.0, 11787.0, 12077.0, 12321.0, 11792.0, 11585.0, 11717.0, 11515.0, 11887.0, 11941.0, 11730.0, 11993.0, 11999.0, 11915.0, 11600.0, 11453.0, 11820.0]
Noised Result
[4929.897728873748, 5367.366964656098, 4040.223702086797, 5046.223937590271, 5084.635323229804, 5002.6668096546755, 4848.662991963603, 4486.997398050241, 5832.43815159658, 4953.35701671297, 8099.67163012731, 6191.616262646396, 5619.828709343221, 4983.560305782601, 5531.081737219557, 4559.446047142732, 7048.867133204716, 5181.24038711017, 4559.885983280394, 5438.919322588739, 5217.064589263857, 4110.98770745668, 4674.1961154564715, 5148.091488024064, 4522.843827382727]
Time
6.306329965591431
The result for the 18th execution is
Query Result
[11529.0, 11740.0, 11705.0, 11608.0, 11876.0, 11623.0, 11845.0, 12073.0, 11624.0, 11787.0, 12077.0, 12321.0, 11792.0, 11585.0, 11717.0, 11515.0, 11887.0, 11941.0, 11730.0, 11993.0, 11999.0, 11915.0, 11600.0, 11453.0, 11820.0]
Noised Result
[4287.779526399996, 5270.297394227752, 5050.604177888324, 4483.017869643536, 6976.430245883666, 4498.7014081870375, 5270.7525430741625, 4796.419844206999, 5053.811578550878, 7654.557477490648, 4945.740875189473, 5033.337561000544, 5610.322903159828, 5265.329600639983, 4294.877586322288, 4720.87561567933, 6056.57587319461, 4902.299045999342, 5993.273498772207, 5384.717001095652, 5008.532719551624, 5379.553015027729, 5012.825935708, 5129.306194770934, 5105.437528807848]
Time
6.276176929473877
The result for the 19th execution is
Query Result
[11529.0, 11740.0, 11705.0, 11608.0, 11876.0, 11623.0, 11845.0, 12073.0, 11624.0, 11787.0, 12077.0, 12321.0, 11792.0, 11585.0, 11717.0, 11515.0, 11887.0, 11941.0, 11730.0, 11993.0, 11999.0, 11915.0, 11600.0, 11453.0, 11820.0]
Noised Result
[6000.608900831258, 5030.349893434032, 4823.394493608465, 4280.964869465517, 6073.544296794187, 4451.440072714756, 5858.080609317062, 4748.001142913861, 6084.933083707556, 4916.402778778765, 4478.550063771578, 5501.596648697851, 6560.953737929335, 4747.796713915883, 4734.363586261346, 4609.556456990261, 5292.008813201419, 5315.408424098117, 5079.838711930734, 4898.853029166492, 5912.42021654411, 4971.520289967484, 4762.105792453699, 4415.853073622573, 4812.833018241662]
Time
6.148259401321411
