The result for the 0th execution is
Query Result
[2720019.4121472244, 2835894.282625002, 2760699.7566585997, 2865417.530207791, 2787411.8115976905, 2785106.699887135, 2801806.693251025, 2744348.3736281106, 2780514.4290772323, 2855014.5367263085, 2801530.809516005, 2747741.292394577, 2870253.5975333103, 2756300.288831114, 2752934.990517395, 2748918.5063033043, 2776952.6599566997, 2749537.127971379, 2766627.949587367, 2764061.9979970944, 2840495.1870375713, 2772855.943581495, 2817262.233039793, 2844715.1197668896, 2809049.573360803]
Noised Result
[1391852.8231805041, 1326170.3118614596, 1354755.4400008766, 1631385.102124459, 1697474.7784415726, 1085529.0507670164, 1679268.8917503678, 1310867.8121447756, 1015902.6045071166, 1341062.713490006, 1624241.406744965, 1236579.3541796543, 1508052.0417116855, 1234514.57643202, 1741600.7535316658, 1202445.5915389974, 1439658.3492595656, 1277035.2058147683, 1416680.608959913, 1430213.2926852726, 1330229.1746361328, 1229123.3702616235, 1291648.5797659673, 1344737.2871489343, 1284668.9118006588]
Time
28.609216451644897
The result for the 1th execution is
Query Result
[2720019.4121472244, 2835894.282625002, 2760699.7566585997, 2865417.530207791, 2787411.8115976905, 2785106.699887135, 2801806.693251025, 2744348.3736281106, 2780514.4290772323, 2855014.5367263085, 2801530.809516005, 2747741.292394577, 2870253.5975333103, 2756300.288831114, 2752934.990517395, 2748918.5063033043, 2776952.6599566997, 2749537.127971379, 2766627.949587367, 2764061.9979970944, 2840495.1870375713, 2772855.943581495, 2817262.233039793, 2844715.1197668896, 2809049.573360803]
Noised Result
[1444869.1777024323, 1354872.4532420982, 1304226.4830064485, 1681141.9532582494, 1372949.5349379657, 1212353.3874539472, 1229315.010682473, 1588036.8706360324, 1218703.3830845335, 1472166.7471475208, 1327450.1236327852, 1578247.831065056, 1198065.709137619, 1959013.9235092844, 1329638.5073968784, 1612424.1210632578, 1518795.9552883245, 1089810.687329674, 1373089.39826936, 1534156.265977846, 1174569.8465235215, 1230697.5153306494, 1330295.5868849035, 1159166.4557275022, 1381355.6352005515]
Time
28.33412528038025
The result for the 2th execution is
Query Result
[2720019.4121472244, 2835894.282625002, 2760699.7566585997, 2865417.530207791, 2787411.8115976905, 2785106.699887135, 2801806.693251025, 2744348.3736281106, 2780514.4290772323, 2855014.5367263085, 2801530.809516005, 2747741.292394577, 2870253.5975333103, 2756300.288831114, 2752934.990517395, 2748918.5063033043, 2776952.6599566997, 2749537.127971379, 2766627.949587367, 2764061.9979970944, 2840495.1870375713, 2772855.943581495, 2817262.233039793, 2844715.1197668896, 2809049.573360803]
Noised Result
[1401979.83047235, 1410801.4481215035, 1143526.8000747326, 1004005.1468535158, 1253312.99890888, 1292292.939862316, 1315959.131214212, 1796845.5510474695, 1347792.7939907815, 1326502.3591045665, 938361.6176006747, 1176599.6301684757, 1450130.8174370665, 1325458.6183128995, 1223157.5974586688, 1390885.4380696393, 1555351.137133896, 1131717.635936395, 1280223.7065137883, 1411635.4263939112, 1524697.0311487613, 1178255.2460033742, 1836235.4580006439, 1304357.3829900564, 1403237.6836240287]
Time
28.29618191719055
The result for the 3th execution is
Query Result
[2720019.4121472244, 2835894.282625002, 2760699.7566585997, 2865417.530207791, 2787411.8115976905, 2785106.699887135, 2801806.693251025, 2744348.3736281106, 2780514.4290772323, 2855014.5367263085, 2801530.809516005, 2747741.292394577, 2870253.5975333103, 2756300.288831114, 2752934.990517395, 2748918.5063033043, 2776952.6599566997, 2749537.127971379, 2766627.949587367, 2764061.9979970944, 2840495.1870375713, 2772855.943581495, 2817262.233039793, 2844715.1197668896, 2809049.573360803]
Noised Result
[1259351.4349169384, 1382573.2269371755, 1468507.148346149, 1948700.4220537448, 1321935.1682586276, 1325706.0065560902, 1397576.605721164, 1328118.066515798, 1315500.0205490768, 1305173.6146457347, 1424275.7919722677, 1170117.2390388793, 1510310.8781277013, 1182276.163358797, 972366.953515985, 1039994.4173573863, 1679924.6856686943, 1261060.6183232625, 1231075.1786003553, 1418468.7074325248, 1441794.8612104726, 1176237.9766759858, 1243929.5988203883, 1122082.7151759854, 1122788.6142464594]
Time
27.979198217391968
The result for the 4th execution is
Query Result
[2720019.4121472244, 2835894.282625002, 2760699.7566585997, 2865417.530207791, 2787411.8115976905, 2785106.699887135, 2801806.693251025, 2744348.3736281106, 2780514.4290772323, 2855014.5367263085, 2801530.809516005, 2747741.292394577, 2870253.5975333103, 2756300.288831114, 2752934.990517395, 2748918.5063033043, 2776952.6599566997, 2749537.127971379, 2766627.949587367, 2764061.9979970944, 2840495.1870375713, 2772855.943581495, 2817262.233039793, 2844715.1197668896, 2809049.573360803]
Noised Result
[1243962.416061338, 1208060.1989332545, 1336053.8069045758, 1349838.0504284962, 1195083.9915274393, 1436420.6601185838, 1299405.8282715434, 1578754.5726267812, 1262459.8933778242, 1923807.0491861645, 1309823.8099137177, 1389133.8599848263, 1982906.1560552455, 1220275.9948516698, 1035621.1977701089, 1439541.4711892644, 1330682.3142992537, 1268809.0973706131, 1046278.9045704422, 1147382.2086369954, 1612623.3918004867, 1417805.0584034324, 1134629.2222356987, 1359711.4824212685, 1267820.861069209]
Time
28.332058429718018
The result for the 5th execution is
Query Result
[2720019.4121472244, 2835894.282625002, 2760699.7566585997, 2865417.530207791, 2787411.8115976905, 2785106.699887135, 2801806.693251025, 2744348.3736281106, 2780514.4290772323, 2855014.5367263085, 2801530.809516005, 2747741.292394577, 2870253.5975333103, 2756300.288831114, 2752934.990517395, 2748918.5063033043, 2776952.6599566997, 2749537.127971379, 2766627.949587367, 2764061.9979970944, 2840495.1870375713, 2772855.943581495, 2817262.233039793, 2844715.1197668896, 2809049.573360803]
Noised Result
[1336972.8377142367, 1326554.5857759553, 1168176.0568970768, 1396762.0740918063, 1321570.5551618724, 1186066.7167343278, 1485832.5882725182, 997249.5898625839, 1447737.4597586943, 1331917.7131185846, 1297582.5209217716, 1267309.6330566255, 1406590.3296311342, 1277835.1812816018, 1532468.7706754594, 1125337.7582338038, 1149786.066722369, 1385682.5589625605, 12825250.21623931, 1748890.902858402, 1480084.6311144677, 1338796.8471822478, 1085513.1450136844, 1338964.242579641, 1477571.400566226]
Time
28.769636392593384
The result for the 6th execution is
Query Result
[2720019.4121472244, 2835894.282625002, 2760699.7566585997, 2865417.530207791, 2787411.8115976905, 2785106.699887135, 2801806.693251025, 2744348.3736281106, 2780514.4290772323, 2855014.5367263085, 2801530.809516005, 2747741.292394577, 2870253.5975333103, 2756300.288831114, 2752934.990517395, 2748918.5063033043, 2776952.6599566997, 2749537.127971379, 2766627.949587367, 2764061.9979970944, 2840495.1870375713, 2772855.943581495, 2817262.233039793, 2844715.1197668896, 2809049.573360803]
Noised Result
[1117428.027993543, 1308365.3735169473, 1267738.9422447744, 1407755.4936034533, 1227843.867033389, 1231357.0575713604, 1186844.58568375, 1448608.0495012945, 1634870.110290207, 1440653.8390543035, 1197653.2424085364, 1330919.7941098257, 1421507.921703188, 1346743.25287987, 1292847.2155068899, 1632688.1671225126, 1314030.8373571401, 1405728.5404295581, 1264244.0019522756, 1373528.0268604632, 1216245.147462589, 1354432.2618315676, 1447291.8823965471, 1153729.0935180201, 1134871.761003605]
Time
29.25729203224182
The result for the 7th execution is
Query Result
[2720019.4121472244, 2835894.282625002, 2760699.7566585997, 2865417.530207791, 2787411.8115976905, 2785106.699887135, 2801806.693251025, 2744348.3736281106, 2780514.4290772323, 2855014.5367263085, 2801530.809516005, 2747741.292394577, 2870253.5975333103, 2756300.288831114, 2752934.990517395, 2748918.5063033043, 2776952.6599566997, 2749537.127971379, 2766627.949587367, 2764061.9979970944, 2840495.1870375713, 2772855.943581495, 2817262.233039793, 2844715.1197668896, 2809049.573360803]
Noised Result
[1407479.7269221141, 1321862.8398470092, 2028167.1054014638, 1302018.4558127609, 1221081.364838444, 1431935.8488340809, 1102155.0454853491, 1278933.915298212, 1394527.371231108, 1492312.2129033105, 1364113.7700670701, 1222357.0732374731, 1332347.963585487, 1811075.3163129985, 1110783.9300311378, 1305601.9226975213, 1085161.1913842678, 1396203.925553484, 1414910.9944679504, 1503752.2243704556, 1114334.210210129, 1315134.187703737, 1539283.8094035361, 1576174.7352837007, 973217.89878207]
Time
29.006874084472656
The result for the 8th execution is
Query Result
[2720019.4121472244, 2835894.282625002, 2760699.7566585997, 2865417.530207791, 2787411.8115976905, 2785106.699887135, 2801806.693251025, 2744348.3736281106, 2780514.4290772323, 2855014.5367263085, 2801530.809516005, 2747741.292394577, 2870253.5975333103, 2756300.288831114, 2752934.990517395, 2748918.5063033043, 2776952.6599566997, 2749537.127971379, 2766627.949587367, 2764061.9979970944, 2840495.1870375713, 2772855.943581495, 2817262.233039793, 2844715.1197668896, 2809049.573360803]
Noised Result
[1187406.282438517, 1612036.968959798, 1332235.5359899595, 1445863.8389608588, 1225841.3065405202, 1611594.0580807952, 1172117.9047121208, 1294866.6191684688, 1499897.6719432145, 1756892.613010388, 1636032.4742862568, 1306097.4494848608, 1426933.1617287577, 1322843.5048167477, 1391677.504456202, 1307033.616483786, 1218013.7911988152, 1148372.814225541, 1433218.923682091, 1301797.0828544088, 1514724.1575736825, 1448379.4328664315, 1664067.1658269, 1412630.6688767867, 1235392.9020225205]
Time
28.661271572113037
The result for the 9th execution is
Query Result
[2720019.4121472244, 2835894.282625002, 2760699.7566585997, 2865417.530207791, 2787411.8115976905, 2785106.699887135, 2801806.693251025, 2744348.3736281106, 2780514.4290772323, 2855014.5367263085, 2801530.809516005, 2747741.292394577, 2870253.5975333103, 2756300.288831114, 2752934.990517395, 2748918.5063033043, 2776952.6599566997, 2749537.127971379, 2766627.949587367, 2764061.9979970944, 2840495.1870375713, 2772855.943581495, 2817262.233039793, 2844715.1197668896, 2809049.573360803]
Noised Result
[1317816.9928778813, 1444607.5372568443, 1350165.035362357, 1799247.607423193, 1446144.121348546, 1405721.8199132963, 1815933.1603556464, 1513361.7158554827, 1376866.8995955018, 1490911.4604944526, 1406093.5309604462, 1043185.7016731417, 1277349.852892736, 1508532.0193020129, 1138317.6261636333, 1091367.6514198866, 1435175.7215506358, 1268253.3648720116, 1342413.9494087237, 1407504.942758339, 1258829.5423484042, 1533956.5241350008, 1466281.1426489288, 1145942.552753991, 1309688.7268494954]
Time
28.771982192993164
The result for the 10th execution is
Query Result
[2720019.4121472244, 2835894.282625002, 2760699.7566585997, 2865417.530207791, 2787411.8115976905, 2785106.699887135, 2801806.693251025, 2744348.3736281106, 2780514.4290772323, 2855014.5367263085, 2801530.809516005, 2747741.292394577, 2870253.5975333103, 2756300.288831114, 2752934.990517395, 2748918.5063033043, 2776952.6599566997, 2749537.127971379, 2766627.949587367, 2764061.9979970944, 2840495.1870375713, 2772855.943581495, 2817262.233039793, 2844715.1197668896, 2809049.573360803]
Noised Result
[1812301.0669206171, 1359756.0398424924, 1253809.8124383634, 1309485.170332553, 1521583.3833420838, 1003140.0055628691, 1339656.7180405762, 1195673.1933111337, 1388561.8920423232, 1341164.959541259, 1659166.1676537748, 1322827.3645624432, 1684200.4596703833, 1602354.8871393972, 1472563.0384047148, 1360722.8838238895, 1247265.8173920736, 1230294.7719709487, 1457876.5823089732, 1064080.2201195078, 1266818.8629207932, 1402556.5125868465, 1374997.1182789318, 1338905.9095667459, 1177254.4360667155]
Time
28.055413007736206
The result for the 11th execution is
Query Result
[2720019.4121472244, 2835894.282625002, 2760699.7566585997, 2865417.530207791, 2787411.8115976905, 2785106.699887135, 2801806.693251025, 2744348.3736281106, 2780514.4290772323, 2855014.5367263085, 2801530.809516005, 2747741.292394577, 2870253.5975333103, 2756300.288831114, 2752934.990517395, 2748918.5063033043, 2776952.6599566997, 2749537.127971379, 2766627.949587367, 2764061.9979970944, 2840495.1870375713, 2772855.943581495, 2817262.233039793, 2844715.1197668896, 2809049.573360803]
Noised Result
[1320886.0114218837, 1781047.7342336169, 1268098.6930206579, 1358760.9125925472, 1314462.325854544, 1481293.972834743, 1574277.7270999434, 1354864.5769193564, 1179401.353254586, 1280381.9955764941, 1093630.6460592123, 912852.2486098085, 1337008.5580480148, 1009588.983606085, 1219091.7023419705, 1281702.8513862411, 1300532.3882574418, 1061260.566191312, 1238471.4386362091, 1439333.6294177822, 1665379.4943525677, 1728158.1981335059, 1332962.5231087375, 1354309.9190404299, 1799311.0671575118]
Time
28.226502418518066
The result for the 12th execution is
Query Result
[2720019.4121472244, 2835894.282625002, 2760699.7566585997, 2865417.530207791, 2787411.8115976905, 2785106.699887135, 2801806.693251025, 2744348.3736281106, 2780514.4290772323, 2855014.5367263085, 2801530.809516005, 2747741.292394577, 2870253.5975333103, 2756300.288831114, 2752934.990517395, 2748918.5063033043, 2776952.6599566997, 2749537.127971379, 2766627.949587367, 2764061.9979970944, 2840495.1870375713, 2772855.943581495, 2817262.233039793, 2844715.1197668896, 2809049.573360803]
Noised Result
[1437043.1356445535, 1309149.9905475453, 1248769.942059082, 1278737.5812689592, 1610242.7073731378, 1292080.0921501925, 1318222.4873174701, 1175611.6886503352, 1321789.215370003, 1422149.4029961783, 1197719.5540470781, 1195913.65276861, 1265541.3881457765, 1283872.7085541305, 1258334.914356358, 1157005.428213386, 1083765.5784973295, 1307189.3257421032, 1265140.2233800413, 1064258.1424717037, 1782195.5451741107, 1300466.607234704, 1423862.8991809303, 1640045.8117469319, 1233484.9244630279]
Time
28.059232473373413
The result for the 13th execution is
Query Result
[2720019.4121472244, 2835894.282625002, 2760699.7566585997, 2865417.530207791, 2787411.8115976905, 2785106.699887135, 2801806.693251025, 2744348.3736281106, 2780514.4290772323, 2855014.5367263085, 2801530.809516005, 2747741.292394577, 2870253.5975333103, 2756300.288831114, 2752934.990517395, 2748918.5063033043, 2776952.6599566997, 2749537.127971379, 2766627.949587367, 2764061.9979970944, 2840495.1870375713, 2772855.943581495, 2817262.233039793, 2844715.1197668896, 2809049.573360803]
Noised Result
[1381797.2849405291, 1574494.0715726211, 1621055.120089276, 1533934.8873722355, 1175248.337562005, 1417879.574466644, 1002712.4381523321, 1154312.7244600132, 1735504.4967824712, 1096946.5294841812, 966027.9278939212, 1233683.6708438864, 1403587.984515509, 1279687.3704012218, 1215604.1024293608, 795677.9989087502, 1302319.0094258192, 1218817.6376512542, 1491324.694140162, 1298754.0341363167, 1423123.0519899388, 1393242.779774888, 1378636.4025220047, 1528481.9262468894, 1548830.8945779947]
Time
28.878695487976074
The result for the 14th execution is
Query Result
[2720019.4121472244, 2835894.282625002, 2760699.7566585997, 2865417.530207791, 2787411.8115976905, 2785106.699887135, 2801806.693251025, 2744348.3736281106, 2780514.4290772323, 2855014.5367263085, 2801530.809516005, 2747741.292394577, 2870253.5975333103, 2756300.288831114, 2752934.990517395, 2748918.5063033043, 2776952.6599566997, 2749537.127971379, 2766627.949587367, 2764061.9979970944, 2840495.1870375713, 2772855.943581495, 2817262.233039793, 2844715.1197668896, 2809049.573360803]
Noised Result
[1288037.8012807905, 1312704.904655333, 1307771.5021777528, 1409756.742303175, 1083144.185218823, 1427005.652362727, 1291926.4275407752, 1292605.125409435, 1175140.9318265198, 1553669.0455378918, 1537334.124697285, 1211128.3632523634, 1448214.015685372, 1143012.347457711, 1261405.9883026814, 1505377.089801836, 1357990.168010062, 970479.5941786421, 1246114.9890993389, 1587798.6456193114, 1665380.5398780871, 1031957.1578540443, 1641953.8326556259, 1521845.8751531085, 1534128.668948536]
Time
28.603394985198975
The result for the 15th execution is
Query Result
[2720019.4121472244, 2835894.282625002, 2760699.7566585997, 2865417.530207791, 2787411.8115976905, 2785106.699887135, 2801806.693251025, 2744348.3736281106, 2780514.4290772323, 2855014.5367263085, 2801530.809516005, 2747741.292394577, 2870253.5975333103, 2756300.288831114, 2752934.990517395, 2748918.5063033043, 2776952.6599566997, 2749537.127971379, 2766627.949587367, 2764061.9979970944, 2840495.1870375713, 2772855.943581495, 2817262.233039793, 2844715.1197668896, 2809049.573360803]
Noised Result
[1223842.7234403915, 1720679.0740754846, 1272045.6749074194, 1789530.0019460255, 1432809.7149180751, 1547949.478404525, 1180121.1484497313, 1240920.286624408, 1280664.8289113338, 1369513.3464125467, 1405509.205583176, 1313463.7180680726, 1241556.4445571154, 1037094.7010226755, 3763089.352270799, 996136.4669868052, 1186080.2736662328, 1529911.9552694913, 1341864.2787669403, 1314610.5193144425, 1422331.9574846206, 1411495.26214805, 1420773.8823778688, 1350373.355930906, 1357828.4039291702]
Time
29.279937505722046
The result for the 16th execution is
Query Result
[2720019.4121472244, 2835894.282625002, 2760699.7566585997, 2865417.530207791, 2787411.8115976905, 2785106.699887135, 2801806.693251025, 2744348.3736281106, 2780514.4290772323, 2855014.5367263085, 2801530.809516005, 2747741.292394577, 2870253.5975333103, 2756300.288831114, 2752934.990517395, 2748918.5063033043, 2776952.6599566997, 2749537.127971379, 2766627.949587367, 2764061.9979970944, 2840495.1870375713, 2772855.943581495, 2817262.233039793, 2844715.1197668896, 2809049.573360803]
Noised Result
[1113573.0248715554, 1718243.0903924187, 1077610.4374146347, 1165235.3084324002, 1544859.4425367275, 1376941.470619176, 1798679.7657611356, 991047.192992476, 907286.4318791846, 1408359.4102442754, 1454475.49174461, 1348914.4742260794, 1391969.1307523926, 974726.478666896, 1103669.3833621014, 980494.5823562383, 1370427.452072175, 1117417.9436475723, 1328846.5360282375, 1542536.2488268353, 2163239.276180922, 1025859.4720202109, 1116825.5909534749, 1263718.2422414403, 1660718.219711821]
Time
28.13458800315857
The result for the 17th execution is
Query Result
[2720019.4121472244, 2835894.282625002, 2760699.7566585997, 2865417.530207791, 2787411.8115976905, 2785106.699887135, 2801806.693251025, 2744348.3736281106, 2780514.4290772323, 2855014.5367263085, 2801530.809516005, 2747741.292394577, 2870253.5975333103, 2756300.288831114, 2752934.990517395, 2748918.5063033043, 2776952.6599566997, 2749537.127971379, 2766627.949587367, 2764061.9979970944, 2840495.1870375713, 2772855.943581495, 2817262.233039793, 2844715.1197668896, 2809049.573360803]
Noised Result
[1119749.3538558984, 1387825.8846021935, 1394379.0159200076, 1338031.1504572635, 1350794.456200669, 1314934.638196651, 1475993.9452094433, 1223651.1716521424, 1241285.180122927, 1391465.6311705732, 1376947.1453164443, 1213842.5846228646, 1348503.7276456575, 1356031.8121208923, 1477178.4921549005, 1378091.2876887764, 1197565.4959875103, 1423856.4706065608, 988594.7504729105, 1188537.5347764578, 1588432.3670177797, 1345048.7682200186, 1305931.2938216054, 1035716.1692729171, 1284597.879121044]
Time
28.208913564682007
The result for the 18th execution is
Query Result
[2720019.4121472244, 2835894.282625002, 2760699.7566585997, 2865417.530207791, 2787411.8115976905, 2785106.699887135, 2801806.693251025, 2744348.3736281106, 2780514.4290772323, 2855014.5367263085, 2801530.809516005, 2747741.292394577, 2870253.5975333103, 2756300.288831114, 2752934.990517395, 2748918.5063033043, 2776952.6599566997, 2749537.127971379, 2766627.949587367, 2764061.9979970944, 2840495.1870375713, 2772855.943581495, 2817262.233039793, 2844715.1197668896, 2809049.573360803]
Noised Result
[1169487.0237822, 1570120.5915348013, 1344950.4033956823, 1403324.8074370953, 1538745.569354629, 1494915.863060029, 1176805.627769242, 1307931.623681269, 1313401.8106420476, 1232246.7848906831, 1468471.0430867486, 1278656.9871581956, 1313238.9053173794, 1318642.1261517452, 1436142.5050828152, 1439533.9806334, 1536811.7638444467, 1177761.1722292292, 1358420.6949837466, 1621185.9046259397, 1327001.5692099668, 1689523.0230218894, 1145875.1947844725, 1017930.848333915, 1163576.8761403288]
Time
28.59118366241455
The result for the 19th execution is
Query Result
[2720019.4121472244, 2835894.282625002, 2760699.7566585997, 2865417.530207791, 2787411.8115976905, 2785106.699887135, 2801806.693251025, 2744348.3736281106, 2780514.4290772323, 2855014.5367263085, 2801530.809516005, 2747741.292394577, 2870253.5975333103, 2756300.288831114, 2752934.990517395, 2748918.5063033043, 2776952.6599566997, 2749537.127971379, 2766627.949587367, 2764061.9979970944, 2840495.1870375713, 2772855.943581495, 2817262.233039793, 2844715.1197668896, 2809049.573360803]
Noised Result
[1286209.9248959422, 1658092.743413294, 1115251.8642256418, 1337516.6591636643, 1182928.1119811037, 1357293.4961869249, 1033609.3682757211, 1330044.8747046974, 1477146.2125239093, 1492066.3164145972, 1229432.741867218, 1279259.9342105333, 1369911.8839968515, 1163940.6151242629, 995250.049518297, 1544947.5665906393, 1196385.7828303745, 1256711.956921439, 1591174.7225671741, 1256219.7488869508, 1408852.708528696, 1729691.9538473934, 1279063.2499783796, 1434800.958048451, 1325584.3983798586]
Time
27.96621084213257
