The result for the 0th execution is
Query Result
[178785.7374441998, 174557.9006419002, 181130.7630288004, 178007.17005079967, 178629.31758949996, 183981.52651319987, 179508.7996199997, 182054.26327950045, 178433.18352369996, 180642.11739460056, 178696.36429789953, 179316.70240189988, 181096.2497966003, 180508.6027004996, 182030.6539569999, 184468.80146289954, 180275.23035500004, 179953.9629626, 173598.87351550037, 182313.25241839906, 178368.3961764003, 178718.52346579998, 180338.00750239936, 176499.9877864996, 184757.59741450014]
Noised Result
[107311.01941716256, 81639.90714054274, 91346.4307156937, 79201.3413737963, 91774.25392187323, 96126.23697612861, 86571.80333886434, 91397.61980144703, 90827.26405283537, 86134.84242798865, 101048.22877472086, 80271.65779672746, 109681.51715825782, 91546.94358464025, 99740.92860798891, 96355.22680219807, 93786.55800334991, 111808.0363927677, 83723.25160680602, 101330.477042794, 93142.54426649286, 82085.5160606346, 94021.91184946884, 107957.0577616341, 94252.14688297875]
Time
3.4630353450775146
The result for the 1th execution is
Query Result
[178785.7374441998, 174557.9006419002, 181130.7630288004, 178007.17005079967, 178629.31758949996, 183981.52651319987, 179508.7996199997, 182054.26327950045, 178433.18352369996, 180642.11739460056, 178696.36429789953, 179316.70240189988, 181096.2497966003, 180508.6027004996, 182030.6539569999, 184468.80146289954, 180275.23035500004, 179953.9629626, 173598.87351550037, 182313.25241839906, 178368.3961764003, 178718.52346579998, 180338.00750239936, 176499.9877864996, 184757.59741450014]
Noised Result
[87464.37373961387, 72531.13389167166, 117274.88526619112, 94692.97067147099, 94376.63299222871, 91486.7421234264, 112403.21495590803, 83321.03725542182, 98561.8430699206, 93849.74313608209, 86947.68406265692, 111377.25468391906, 95190.36874835039, 88414.63053323452, 93502.99269890033, 97044.65055121448, 89845.45858879064, 88142.58671278658, 85903.66809171568, 126228.1716831922, 77474.10677308339, 89228.19058795605, 88927.1023312678, 90609.23669026014, 90003.07932793045]
Time
3.4899890422821045
The result for the 2th execution is
Query Result
[178785.7374441998, 174557.9006419002, 181130.7630288004, 178007.17005079967, 178629.31758949996, 183981.52651319987, 179508.7996199997, 182054.26327950045, 178433.18352369996, 180642.11739460056, 178696.36429789953, 179316.70240189988, 181096.2497966003, 180508.6027004996, 182030.6539569999, 184468.80146289954, 180275.23035500004, 179953.9629626, 173598.87351550037, 182313.25241839906, 178368.3961764003, 178718.52346579998, 180338.00750239936, 176499.9877864996, 184757.59741450014]
Noised Result
[71567.50204517241, 84131.49961764745, 80897.47938145176, 94986.27972707499, 89128.86418882386, 92001.55721546424, 96853.58720511518, 94897.62941629619, 92502.97832462894, 88054.26572835504, 81252.87689971467, 100635.66694730421, 85473.18584064835, 80826.19247527028, 96182.34671640689, 102443.7226293159, 91669.9579559837, 81532.14646486776, 86014.42234576828, 97199.45919846135, 114289.27042830481, 91631.0385079, 91423.02581847788, 85068.01879197627, 91830.04101455251]
Time
3.4903039932250977
The result for the 3th execution is
Query Result
[178785.7374441998, 174557.9006419002, 181130.7630288004, 178007.17005079967, 178629.31758949996, 183981.52651319987, 179508.7996199997, 182054.26327950045, 178433.18352369996, 180642.11739460056, 178696.36429789953, 179316.70240189988, 181096.2497966003, 180508.6027004996, 182030.6539569999, 184468.80146289954, 180275.23035500004, 179953.9629626, 173598.87351550037, 182313.25241839906, 178368.3961764003, 178718.52346579998, 180338.00750239936, 176499.9877864996, 184757.59741450014]
Noised Result
[87418.5721004069, 116177.92738495061, 83923.34558392067, 100807.72083746953, 91196.97750967008, 96588.61560607968, 116683.90001119707, 86950.79219645252, 99234.77323833303, 82776.82348800106, 79830.11389277602, 104466.461266029, 89185.16147194608, 78593.44616633593, 114663.72553044278, 82899.14106319913, 89679.78087197599, 90595.04642083966, 76298.9764548773, 75302.56778099832, 91290.67365444647, 99267.22846526181, 86122.07309907742, 85298.8147959167, 83553.55023674677]
Time
3.4866857528686523
The result for the 4th execution is
Query Result
[178785.7374441998, 174557.9006419002, 181130.7630288004, 178007.17005079967, 178629.31758949996, 183981.52651319987, 179508.7996199997, 182054.26327950045, 178433.18352369996, 180642.11739460056, 178696.36429789953, 179316.70240189988, 181096.2497966003, 180508.6027004996, 182030.6539569999, 184468.80146289954, 180275.23035500004, 179953.9629626, 173598.87351550037, 182313.25241839906, 178368.3961764003, 178718.52346579998, 180338.00750239936, 176499.9877864996, 184757.59741450014]
Noised Result
[84671.87539547269, 85134.46618296122, 85580.28196725629, 105921.28117979846, 85926.964448544, 86984.06568689599, 101723.64082264558, 107211.59340898975, 89376.13264766156, 95817.19785020247, 67543.08225706927, 85321.25171556672, 94405.3833308665, 114019.98769900005, 94527.47651427878, 108245.06368947306, 77577.27592333828, 92841.14736493748, 92687.70222909267, 90644.96224388815, 106778.87567807008, 103617.77640666907, 91424.59167039521, 84067.29394632338, 94001.30947144187]
Time
3.5377306938171387
The result for the 5th execution is
Query Result
[178785.7374441998, 174557.9006419002, 181130.7630288004, 178007.17005079967, 178629.31758949996, 183981.52651319987, 179508.7996199997, 182054.26327950045, 178433.18352369996, 180642.11739460056, 178696.36429789953, 179316.70240189988, 181096.2497966003, 180508.6027004996, 182030.6539569999, 184468.80146289954, 180275.23035500004, 179953.9629626, 173598.87351550037, 182313.25241839906, 178368.3961764003, 178718.52346579998, 180338.00750239936, 176499.9877864996, 184757.59741450014]
Noised Result
[90446.46035783505, 71098.218852817, 95864.77792839835, 93445.00364812833, 79423.89934405376, 95635.67223131002, 89716.38916219313, 85106.76063065746, 95251.90672640671, 94378.66330720241, 100597.64334262891, 90423.78947649096, 102302.227647163, 127964.1319583498, 90338.57700999275, 95528.575293812, 82680.67127557631, 82432.43194821799, 102280.3503617894, 93301.76190004217, 80458.17763318634, 88160.48393405124, 81362.5843719546, 94935.69276541552, 99741.62482398476]
Time
3.4462239742279053
The result for the 6th execution is
Query Result
[178785.7374441998, 174557.9006419002, 181130.7630288004, 178007.17005079967, 178629.31758949996, 183981.52651319987, 179508.7996199997, 182054.26327950045, 178433.18352369996, 180642.11739460056, 178696.36429789953, 179316.70240189988, 181096.2497966003, 180508.6027004996, 182030.6539569999, 184468.80146289954, 180275.23035500004, 179953.9629626, 173598.87351550037, 182313.25241839906, 178368.3961764003, 178718.52346579998, 180338.00750239936, 176499.9877864996, 184757.59741450014]
Noised Result
[86776.36955668991, 90285.86875856017, 85350.4400743389, 90996.18461048821, 89686.43490466863, 103187.77076022381, 92742.08343616313, 84113.55795514288, 81683.67988364788, 82386.14433140801, 97248.66595809595, 92624.89957430608, 91964.09522074669, 88685.46949877973, 98275.67565984593, 99856.3010603427, 93819.45271740842, 102897.33767715543, 83188.38900980975, 83649.79855691137, 90410.20300394544, 94776.67637873937, 85233.24619153814, 92125.06985794197, 95043.67827507884]
Time
3.4162497520446777
The result for the 7th execution is
Query Result
[178785.7374441998, 174557.9006419002, 181130.7630288004, 178007.17005079967, 178629.31758949996, 183981.52651319987, 179508.7996199997, 182054.26327950045, 178433.18352369996, 180642.11739460056, 178696.36429789953, 179316.70240189988, 181096.2497966003, 180508.6027004996, 182030.6539569999, 184468.80146289954, 180275.23035500004, 179953.9629626, 173598.87351550037, 182313.25241839906, 178368.3961764003, 178718.52346579998, 180338.00750239936, 176499.9877864996, 184757.59741450014]
Noised Result
[86857.53481930634, 89022.55759453426, 87449.46455391869, 82115.73655877615, 89522.25786556868, 93821.19447876666, 87475.95670313311, 84558.2251295835, 100835.12640951872, 101775.35202452612, 74355.85201877991, 89807.77846132402, 91466.70392382861, 100310.82366498126, 81909.78491132037, 82916.24417864376, 77588.0395847994, 93476.9395557552, 96716.50696803274, 107721.87039832817, 78401.56257815607, 114518.22371168167, 88987.10965747753, 100921.20146288458, 85141.99136584174]
Time
3.468576192855835
The result for the 8th execution is
Query Result
[178785.7374441998, 174557.9006419002, 181130.7630288004, 178007.17005079967, 178629.31758949996, 183981.52651319987, 179508.7996199997, 182054.26327950045, 178433.18352369996, 180642.11739460056, 178696.36429789953, 179316.70240189988, 181096.2497966003, 180508.6027004996, 182030.6539569999, 184468.80146289954, 180275.23035500004, 179953.9629626, 173598.87351550037, 182313.25241839906, 178368.3961764003, 178718.52346579998, 180338.00750239936, 176499.9877864996, 184757.59741450014]
Noised Result
[87828.95153591858, 78650.25253963679, 113059.27978498212, 95932.40708071571, 79301.97335734719, 82915.08662675496, 82957.92834574275, 85152.23311407474, 81096.96257534348, 78077.27178057659, 89579.62576053543, 99194.77805418393, 86721.65445451993, 92335.00189967312, 80878.75515325836, 84467.96966929, 113703.65844234935, 105178.36487330319, 92122.09890578588, 90524.94938967453, 81933.04970647974, 91147.74067490471, 97718.38578171744, 94962.0869657839, 83785.65890689916]
Time
3.594219446182251
The result for the 9th execution is
Query Result
[178785.7374441998, 174557.9006419002, 181130.7630288004, 178007.17005079967, 178629.31758949996, 183981.52651319987, 179508.7996199997, 182054.26327950045, 178433.18352369996, 180642.11739460056, 178696.36429789953, 179316.70240189988, 181096.2497966003, 180508.6027004996, 182030.6539569999, 184468.80146289954, 180275.23035500004, 179953.9629626, 173598.87351550037, 182313.25241839906, 178368.3961764003, 178718.52346579998, 180338.00750239936, 176499.9877864996, 184757.59741450014]
Noised Result
[86461.25769690145, 80481.13809997581, 82993.95280233244, 96628.53714712102, 94605.1085624402, 94844.98794169705, 88426.51009654655, 80169.07325148501, 81793.22906567436, 90191.66375769404, 79857.3468252193, 79271.93768873342, 99699.10747856896, 82323.95774349729, 92365.33321040387, 104905.30265361021, 90314.16471167367, 84935.53224942068, 97997.55444676042, 83571.63111742993, 102008.52445231049, 97656.76320314586, 101848.31625344585, 93089.68949759542, 98433.52666303534]
Time
3.478926420211792
The result for the 10th execution is
Query Result
[178785.7374441998, 174557.9006419002, 181130.7630288004, 178007.17005079967, 178629.31758949996, 183981.52651319987, 179508.7996199997, 182054.26327950045, 178433.18352369996, 180642.11739460056, 178696.36429789953, 179316.70240189988, 181096.2497966003, 180508.6027004996, 182030.6539569999, 184468.80146289954, 180275.23035500004, 179953.9629626, 173598.87351550037, 182313.25241839906, 178368.3961764003, 178718.52346579998, 180338.00750239936, 176499.9877864996, 184757.59741450014]
Noised Result
[92087.96864400896, 85360.48528317355, 65620.78101947361, 106436.90116990692, 87277.63764104756, 121495.64686544472, 89200.96163233508, 103810.96424661562, 87372.16164840874, 81068.39627755957, 95094.53442906932, 85847.21007921739, 82045.09492783692, 79887.70262446527, 92739.79243400505, 97999.55204991803, 89894.92081318104, 105675.34651516589, 93861.37692244227, 82345.22935243935, 74778.62305759138, 80446.64934219596, 102262.90506816746, 81423.71678885931, 87375.5754050865]
Time
3.470320224761963
The result for the 11th execution is
Query Result
[178785.7374441998, 174557.9006419002, 181130.7630288004, 178007.17005079967, 178629.31758949996, 183981.52651319987, 179508.7996199997, 182054.26327950045, 178433.18352369996, 180642.11739460056, 178696.36429789953, 179316.70240189988, 181096.2497966003, 180508.6027004996, 182030.6539569999, 184468.80146289954, 180275.23035500004, 179953.9629626, 173598.87351550037, 182313.25241839906, 178368.3961764003, 178718.52346579998, 180338.00750239936, 176499.9877864996, 184757.59741450014]
Noised Result
[91753.64374481529, 94458.01022011276, 96283.73825087576, 76880.41490436418, 95875.59195581074, 93785.35273917342, 81062.5401888497, 87264.09220792275, 74917.963061532, 94811.68935667677, 90767.83891690557, 90012.12572370618, 89917.83661121559, 91627.22020795183, 64246.277568271646, 114507.81631371964, 114995.99930574918, 121310.85109443581, 73710.87009563207, 102722.18967264523, 105534.06528441592, 93181.09184945255, 94473.75655048128, 81809.04378057219, 113157.94827595988]
Time
3.4969327449798584
The result for the 12th execution is
Query Result
[178785.7374441998, 174557.9006419002, 181130.7630288004, 178007.17005079967, 178629.31758949996, 183981.52651319987, 179508.7996199997, 182054.26327950045, 178433.18352369996, 180642.11739460056, 178696.36429789953, 179316.70240189988, 181096.2497966003, 180508.6027004996, 182030.6539569999, 184468.80146289954, 180275.23035500004, 179953.9629626, 173598.87351550037, 182313.25241839906, 178368.3961764003, 178718.52346579998, 180338.00750239936, 176499.9877864996, 184757.59741450014]
Noised Result
[83365.71322595769, 89424.78028528565, 94763.35287076031, 78620.90827696468, 87781.44880065505, 90260.47512016991, 82079.77839932281, 102248.88573567229, 94591.7375348557, 81673.82903526162, 84416.30156823814, 101677.80862567322, 82677.7643768593, 95279.3453849944, 98132.47706424311, 98886.4299522548, 92938.16879036628, 105670.4814212528, 78073.86311586348, 92945.04983103264, 97657.85189307848, 91266.74688513407, 82977.79037686904, 88349.93384861639, 95734.31236359356]
Time
3.4554007053375244
The result for the 13th execution is
Query Result
[178785.7374441998, 174557.9006419002, 181130.7630288004, 178007.17005079967, 178629.31758949996, 183981.52651319987, 179508.7996199997, 182054.26327950045, 178433.18352369996, 180642.11739460056, 178696.36429789953, 179316.70240189988, 181096.2497966003, 180508.6027004996, 182030.6539569999, 184468.80146289954, 180275.23035500004, 179953.9629626, 173598.87351550037, 182313.25241839906, 178368.3961764003, 178718.52346579998, 180338.00750239936, 176499.9877864996, 184757.59741450014]
Noised Result
[93659.04702492364, 81623.02962295967, 84881.22790903106, 83457.45427552193, 83298.72788617578, 98211.20403901642, 95259.29127027579, 81723.62726875182, 99426.32939366181, 99447.34660015104, 72494.17584565075, 80008.37897485148, 82208.60807042773, 95059.57319622641, 90114.06487640816, 106692.4924985277, 91486.90393261581, 85992.06053511034, 81742.52209185419, 99779.55938007472, 88411.26863912464, 87992.7563240589, 96591.28400173402, 89503.05265172121, 87751.33212607205]
Time
3.48945951461792
The result for the 14th execution is
Query Result
[178785.7374441998, 174557.9006419002, 181130.7630288004, 178007.17005079967, 178629.31758949996, 183981.52651319987, 179508.7996199997, 182054.26327950045, 178433.18352369996, 180642.11739460056, 178696.36429789953, 179316.70240189988, 181096.2497966003, 180508.6027004996, 182030.6539569999, 184468.80146289954, 180275.23035500004, 179953.9629626, 173598.87351550037, 182313.25241839906, 178368.3961764003, 178718.52346579998, 180338.00750239936, 176499.9877864996, 184757.59741450014]
Noised Result
[110531.27168533838, 94095.31663410027, 77289.19530431152, 84806.55747162845, 96598.57821675963, 89727.64593891082, 94588.47544118618, 96321.30380931159, 92920.45622432757, 87496.3716498532, 101046.56337437629, 90068.71259172229, 85471.77873990139, 81785.20122157753, 91966.20108351125, 92151.99702474472, 104492.68654893283, 82015.71646774115, 94569.05861808958, 97003.82199001536, 98033.63801972504, 101835.25346594528, 118019.16463139631, 89267.58848044547, 92871.0764365326]
Time
3.4292359352111816
The result for the 15th execution is
Query Result
[178785.7374441998, 174557.9006419002, 181130.7630288004, 178007.17005079967, 178629.31758949996, 183981.52651319987, 179508.7996199997, 182054.26327950045, 178433.18352369996, 180642.11739460056, 178696.36429789953, 179316.70240189988, 181096.2497966003, 180508.6027004996, 182030.6539569999, 184468.80146289954, 180275.23035500004, 179953.9629626, 173598.87351550037, 182313.25241839906, 178368.3961764003, 178718.52346579998, 180338.00750239936, 176499.9877864996, 184757.59741450014]
Noised Result
[88730.06901838136, 90783.67446029061, 92131.84461724221, 90795.43522675923, 96246.07033792185, 84377.5375543587, 92357.55621857669, 104906.7697011099, 93058.5992278773, 82125.6450396379, 96922.53663690572, 88702.769032209, 95882.2524421679, 97854.51136317852, 87800.83642715965, 79412.43865079503, 74457.28013543804, 83106.35731916226, 94867.8282740938, 91297.6251083418, 68264.95079457277, 86309.18901636035, 87899.10871752724, 99760.82862832883, 95280.79424674874]
Time
3.5787863731384277
The result for the 16th execution is
Query Result
[178785.7374441998, 174557.9006419002, 181130.7630288004, 178007.17005079967, 178629.31758949996, 183981.52651319987, 179508.7996199997, 182054.26327950045, 178433.18352369996, 180642.11739460056, 178696.36429789953, 179316.70240189988, 181096.2497966003, 180508.6027004996, 182030.6539569999, 184468.80146289954, 180275.23035500004, 179953.9629626, 173598.87351550037, 182313.25241839906, 178368.3961764003, 178718.52346579998, 180338.00750239936, 176499.9877864996, 184757.59741450014]
Noised Result
[81384.82099272968, 96372.78777214236, 90649.78512483998, 89612.72076150004, 93990.47583847604, 96014.31223439192, 80244.09452400412, 94793.38644344796, 91078.69228991536, 90008.54706654661, 88681.17556874618, 122072.80805463759, 76509.31978642356, 95621.96347048422, 106831.11829978073, 94940.47795600277, 87014.82000248447, 80372.68990909796, 89508.18244446808, 81412.59369843328, 99791.39894573725, 94837.42870766499, 83333.27852608368, 77339.47107696452, 106578.42870179894]
Time
3.483020782470703
The result for the 17th execution is
Query Result
[178785.7374441998, 174557.9006419002, 181130.7630288004, 178007.17005079967, 178629.31758949996, 183981.52651319987, 179508.7996199997, 182054.26327950045, 178433.18352369996, 180642.11739460056, 178696.36429789953, 179316.70240189988, 181096.2497966003, 180508.6027004996, 182030.6539569999, 184468.80146289954, 180275.23035500004, 179953.9629626, 173598.87351550037, 182313.25241839906, 178368.3961764003, 178718.52346579998, 180338.00750239936, 176499.9877864996, 184757.59741450014]
Noised Result
[115077.32323525667, 113460.66939459354, 89094.36944956673, 91160.23837870512, 91034.35734827729, 126609.90521837847, 103039.61910032987, 95813.133679051, 106815.92584621764, 102148.70184302104, 101814.18719822748, 94634.9093018356, 94829.26386726006, 101790.27185689905, 92949.45873029488, 92180.93370089855, 95930.5916152782, 87716.12829317825, 87516.34829491058, 105809.67576108468, 88848.06597911305, 97978.59023164824, 83646.54101644637, 91713.04424968788, 90712.49514332667]
Time
3.530165910720825
The result for the 18th execution is
Query Result
[178785.7374441998, 174557.9006419002, 181130.7630288004, 178007.17005079967, 178629.31758949996, 183981.52651319987, 179508.7996199997, 182054.26327950045, 178433.18352369996, 180642.11739460056, 178696.36429789953, 179316.70240189988, 181096.2497966003, 180508.6027004996, 182030.6539569999, 184468.80146289954, 180275.23035500004, 179953.9629626, 173598.87351550037, 182313.25241839906, 178368.3961764003, 178718.52346579998, 180338.00750239936, 176499.9877864996, 184757.59741450014]
Noised Result
[83300.72377653442, 85595.54883708328, 111719.31898132185, 78001.08000483364, 116782.62773933483, 108058.08822402256, 88050.5245511207, 93790.68746455971, 95728.63676315497, 82767.69991221029, 97715.55600072407, 100940.11531000245, 99553.90046960543, 79582.66864629573, 83565.34918076285, 102545.51552655835, 85867.45165589935, 99219.02355935666, 84394.03331028816, 99015.81856232022, 78182.88156977866, 88315.75487004318, 106300.18008483059, 101577.23650310059, 93826.61569547167]
Time
3.417445182800293
The result for the 19th execution is
Query Result
[178785.7374441998, 174557.9006419002, 181130.7630288004, 178007.17005079967, 178629.31758949996, 183981.52651319987, 179508.7996199997, 182054.26327950045, 178433.18352369996, 180642.11739460056, 178696.36429789953, 179316.70240189988, 181096.2497966003, 180508.6027004996, 182030.6539569999, 184468.80146289954, 180275.23035500004, 179953.9629626, 173598.87351550037, 182313.25241839906, 178368.3961764003, 178718.52346579998, 180338.00750239936, 176499.9877864996, 184757.59741450014]
Noised Result
[95639.37144356492, 79003.04642703169, 100585.27812954091, 100179.24980865388, 80458.19029635639, 97544.29663187308, 85549.42935941563, 90472.90227595891, 101125.86634525043, 106631.59828126532, 79805.50292599585, 83601.23388841648, 140882.20092614423, 99033.25350455551, 86321.42643300472, 95915.63864660189, 88496.08976863755, 150925.80693538746, 82266.11415640918, 95473.0422858615, 78240.36412262617, 112332.083248266, 90648.6025290684, 80498.87522283559, 89447.38354181143]
Time
3.415937662124634
