The result for the 0th execution is
Query Result
[1602.0, 1517.0, 1557.0, 1626.0, 1444.0, 1538.0, 1593.0, 1525.0, 1692.0, 1621.0, 1475.0, 1501.0, 1548.0, 1545.0, 1582.0, 1646.0, 1501.0, 1527.0, 1535.0, 1535.0, 1549.0, 1628.0, 1479.0, 1526.0, 1493.0, 1545.0, 1552.0, 1578.0, 1478.0, 1443.0, 1578.0, 1573.0, 1518.0, 1389.0, 1601.0, 1587.0, 1582.0, 1498.0, 1605.0, 1616.0, 1599.0, 1468.0, 1578.0, 1455.0, 1541.0, 1557.0, 1623.0, 1626.0, 1426.0, 1545.0]
Noised Result
[-2381.9864937698317, -2015.926873243056, -2951.29597860634, -3048.547757048009, -2555.905976054362, -2554.468630110975, -2767.5820164543843, -2675.709907208273, -2874.705834772457, -3210.4238804413317, -3158.392605037996, -2579.5589614881396, -2810.718610715778, -2689.0422007910192, -1297.1379733314534, -3009.326356197117, -2397.4124890087114, -2715.315125245775, -3323.5235237015586, -2807.2967842413004, -2557.2173036043528, -4221.090941131362, -2780.6207331364208, -2605.402477415652, -2413.4902604009176, -2807.5505819939112, -2735.0493857313604, -201.86335076863588, -2055.4758122757466, -2627.4690626555166, -2327.1324874050983, -3842.557004405324, -2274.8943258028535, -3096.465957446613, -2290.4486590908587, -3481.4273928448656, -3097.7859285327268, -2440.430296900926, -2816.4528514535546, -2904.2417879307695, -2227.901451298404, -2927.268204972076, -4105.4077901069495, -206.03323513976966, -3009.1506999311177, -3020.5939633739526, -3503.1328836445764, -2293.0717579953343, -2834.4765122387066, -1560.715364966541]
Time
4.520577907562256
The result for the 1th execution is
Query Result
[1602.0, 1517.0, 1557.0, 1626.0, 1444.0, 1538.0, 1593.0, 1525.0, 1692.0, 1621.0, 1475.0, 1501.0, 1548.0, 1545.0, 1582.0, 1646.0, 1501.0, 1527.0, 1535.0, 1535.0, 1549.0, 1628.0, 1479.0, 1526.0, 1493.0, 1545.0, 1552.0, 1578.0, 1478.0, 1443.0, 1578.0, 1573.0, 1518.0, 1389.0, 1601.0, 1587.0, 1582.0, 1498.0, 1605.0, 1616.0, 1599.0, 1468.0, 1578.0, 1455.0, 1541.0, 1557.0, 1623.0, 1626.0, 1426.0, 1545.0]
Noised Result
[-2490.8397333860157, -2540.418448971505, -2905.1547511887266, -844.1240396057792, -3025.6061577505698, -2686.8070814962443, -2574.2601837593284, -2541.422279388229, -2188.543725063734, -2321.4332634705106, -2838.992415072001, -2950.1484499306507, -2815.422907949073, -2474.906302000492, -2826.9532248820087, -3303.2850504947446, -2796.5910100879455, -2615.8361801230435, -2208.5890212559743, -2715.9081773251264, -2223.4975677997872, -2749.099546066139, -3074.100205383841, -3157.9117517155455, -2857.078365593716, -2134.537341233903, -2139.2452350061003, -2463.5948562190515, -2392.325313480058, -3171.8973974913024, -2431.6105505575138, -3297.5188512960085, -2766.0799070741737, -2923.027989879238, -1841.0300707466467, -2529.333158898429, -3129.7173752786175, -2059.0817515926246, -1499.5527141726343, 31734.745938975277, -2634.647442208885, -2557.5854166531153, -2926.425377286725, -2506.72388479511, -3770.6764190280437, -2087.852837801021, -2795.83291500738, -2140.557451297511, -2512.3458248925895, -2272.7781482014725]
Time
4.348909854888916
The result for the 2th execution is
Query Result
[1602.0, 1517.0, 1557.0, 1626.0, 1444.0, 1538.0, 1593.0, 1525.0, 1692.0, 1621.0, 1475.0, 1501.0, 1548.0, 1545.0, 1582.0, 1646.0, 1501.0, 1527.0, 1535.0, 1535.0, 1549.0, 1628.0, 1479.0, 1526.0, 1493.0, 1545.0, 1552.0, 1578.0, 1478.0, 1443.0, 1578.0, 1573.0, 1518.0, 1389.0, 1601.0, 1587.0, 1582.0, 1498.0, 1605.0, 1616.0, 1599.0, 1468.0, 1578.0, 1455.0, 1541.0, 1557.0, 1623.0, 1626.0, 1426.0, 1545.0]
Noised Result
[-2815.3218826760713, -2900.0025601443294, -2513.194621463339, -2551.648627607803, -2810.641039154993, -2747.778440140472, -2575.524330165356, -3168.6076114488596, -2668.9457405818016, -2125.3957778894137, -3338.1914193242465, -3713.5109536642703, -2727.920210273265, -2728.213949235181, -2581.580316481428, -1873.272395951421, -3047.3305146884495, -3133.545270250962, -1622.5938163847477, -2459.2012126939376, -2128.166455652815, -2938.979167908865, -2662.130659221396, -2485.186496179713, -3097.361190806767, -2267.58422387762, -2556.9542901172217, -3382.14966138363, -978.762111713645, -2916.2854085139315, -3149.9801931347356, -3545.6995436481557, -3192.189420648414, -2701.8991660959573, -2430.089941710428, -3029.0528267002082, -2524.0581177067215, -2365.393815008537, -2880.4472334043653, -3097.8422465892418, -2967.1203503375855, -2964.3955329148557, -3486.5137503280757, -2726.287128484808, -2512.9924559331293, -2859.2588128034995, -2409.5464732391274, -1065.5978282680685, -4053.8510671948316, -1625.554541501795]
Time
4.4920878410339355
The result for the 3th execution is
Query Result
[1602.0, 1517.0, 1557.0, 1626.0, 1444.0, 1538.0, 1593.0, 1525.0, 1692.0, 1621.0, 1475.0, 1501.0, 1548.0, 1545.0, 1582.0, 1646.0, 1501.0, 1527.0, 1535.0, 1535.0, 1549.0, 1628.0, 1479.0, 1526.0, 1493.0, 1545.0, 1552.0, 1578.0, 1478.0, 1443.0, 1578.0, 1573.0, 1518.0, 1389.0, 1601.0, 1587.0, 1582.0, 1498.0, 1605.0, 1616.0, 1599.0, 1468.0, 1578.0, 1455.0, 1541.0, 1557.0, 1623.0, 1626.0, 1426.0, 1545.0]
Noised Result
[-2566.0752729399724, -2805.966395016854, -2434.6634960680312, -2799.720255817886, -2769.756910217899, -1864.0423435302223, -2266.2024710889145, -1097.046855368575, -2944.415576026362, -4213.716699795076, -2698.638871072272, -3542.484413716191, -2029.6971774391745, -2384.6956657658775, -2109.136384234171, -2125.7249818769174, -2897.071927569099, -924.0211160840727, -2667.300909196662, -2910.5741586954678, -1581.2514398455305, -2948.0258437619405, -3974.8733041861988, -2416.0987282079113, -2873.4734687859823, -1879.3080874110187, -2681.1205991624847, -1961.5281586748624, -2194.3548379364515, -2630.1576783029236, -2604.9528518870266, -2545.090952682026, -3059.1393559865246, -1788.6185018344995, -3210.0470592956544, -2484.0832290588305, -2635.7092819561353, -2460.15191126445, -2812.592836966456, -1978.8734836035492, -3007.619731240625, -3687.666249564405, -2771.945006803616, -3073.4236827364093, -2978.353317942907, -3436.6762061770223, -4513.355818729806, -4336.546023588018, -2815.660104790305, -2837.4226662267297]
Time
4.555581092834473
The result for the 4th execution is
Query Result
[1602.0, 1517.0, 1557.0, 1626.0, 1444.0, 1538.0, 1593.0, 1525.0, 1692.0, 1621.0, 1475.0, 1501.0, 1548.0, 1545.0, 1582.0, 1646.0, 1501.0, 1527.0, 1535.0, 1535.0, 1549.0, 1628.0, 1479.0, 1526.0, 1493.0, 1545.0, 1552.0, 1578.0, 1478.0, 1443.0, 1578.0, 1573.0, 1518.0, 1389.0, 1601.0, 1587.0, 1582.0, 1498.0, 1605.0, 1616.0, 1599.0, 1468.0, 1578.0, 1455.0, 1541.0, 1557.0, 1623.0, 1626.0, 1426.0, 1545.0]
Noised Result
[-2696.7537907147566, -2794.067523554756, -1825.4486054520585, -2057.9266996978977, -2951.001473794633, -2969.068512937708, -3023.799393299004, -2758.457993989616, -2409.3180531337907, -3315.4027108296095, -3152.322080257366, -2952.7395552951057, -2755.768599921409, -2729.911688786458, -3033.259573127707, -2999.1102831476137, -2380.4663216034282, -3815.046042494876, -2896.92075062215, -1344.2232680497737, -2509.585657036639, -3808.0321308321354, -2694.2372203227646, -2398.0341439370936, -2793.9780258879564, -3316.198321717029, -3766.9379704051844, -3265.1075458644755, -1223.218675874049, -2780.3003093904235, -2533.6067728411067, -2269.1928626281297, -3513.6240105460356, -3030.744990684453, -3174.7725346033794, -3111.1394244853855, -2275.004004674641, -2294.795987625119, -2744.2286103226857, -2423.5521697354548, -2152.9188982981254, -1486.1128463424257, -3496.9766366963795, -2814.7319158981095, -1744.5759492694506, -2036.1651264350471, -2287.21195988936, -2781.387849952613, -2257.9964119390625, -2219.867026031196]
Time
4.3737218379974365
The result for the 5th execution is
Query Result
[1602.0, 1517.0, 1557.0, 1626.0, 1444.0, 1538.0, 1593.0, 1525.0, 1692.0, 1621.0, 1475.0, 1501.0, 1548.0, 1545.0, 1582.0, 1646.0, 1501.0, 1527.0, 1535.0, 1535.0, 1549.0, 1628.0, 1479.0, 1526.0, 1493.0, 1545.0, 1552.0, 1578.0, 1478.0, 1443.0, 1578.0, 1573.0, 1518.0, 1389.0, 1601.0, 1587.0, 1582.0, 1498.0, 1605.0, 1616.0, 1599.0, 1468.0, 1578.0, 1455.0, 1541.0, 1557.0, 1623.0, 1626.0, 1426.0, 1545.0]
Noised Result
[-3005.026382398858, -2638.7940979479213, -1832.6602812296137, -835.4452665237577, -2970.907535367854, -1504.1377670427892, -2616.619172214966, -2534.9989226130847, -2377.4977705457604, -3237.3314648390005, -2428.9577108177155, -2820.01320088379, -2447.9106850772287, -2719.561752085845, -2579.7850335173766, -2243.184788917999, -2740.9026157836456, -2999.854249626029, -2656.6922585415273, -2311.7983919722597, -3131.158784165332, -2773.7690782445256, -2806.2786034715223, -2641.1078941371716, -2597.422308338781, -1995.1148818039937, -2536.805877049765, -3290.5982358408346, -2417.156619207153, -3264.5787021342803, -2805.7278306068206, -2960.217493516592, -2505.2457455138333, -3855.9212701470387, -2364.5939322593026, -2476.4910586203355, -2342.8010191854323, -2837.039593264918, -2846.9664730888467, -2695.771404742037, -2976.2796982640775, -2845.2742280661273, -2462.0846310447178, -2786.9136125321115, -3376.835626393794, -2100.6260446466486, -2792.1831881355424, -2083.228651137973, -2920.83592116661, -2719.6947038169956]
Time
4.438896417617798
The result for the 6th execution is
Query Result
[1602.0, 1517.0, 1557.0, 1626.0, 1444.0, 1538.0, 1593.0, 1525.0, 1692.0, 1621.0, 1475.0, 1501.0, 1548.0, 1545.0, 1582.0, 1646.0, 1501.0, 1527.0, 1535.0, 1535.0, 1549.0, 1628.0, 1479.0, 1526.0, 1493.0, 1545.0, 1552.0, 1578.0, 1478.0, 1443.0, 1578.0, 1573.0, 1518.0, 1389.0, 1601.0, 1587.0, 1582.0, 1498.0, 1605.0, 1616.0, 1599.0, 1468.0, 1578.0, 1455.0, 1541.0, 1557.0, 1623.0, 1626.0, 1426.0, 1545.0]
Noised Result
[-2072.9424570709252, -2114.736474298432, -2435.87708659724, -2027.7515175706053, -1924.078575762098, -2958.998075525212, -2205.9736495787047, -2567.4444208367795, -2707.980196018622, -2066.9110573193543, -2455.974046225097, -3026.5849650522014, -2706.7156001048984, -2584.4919877868565, -2791.2767524028072, -2566.8008520745593, -2449.190457745813, -1703.8685723504614, -2433.8090616948884, -2650.154843078219, -2871.637925873409, -2714.1702448966626, -3435.0801697024226, -3431.9118813039413, -2496.9311248672016, -2511.6950589004095, -2765.9769088066514, -3235.908845197263, -3097.6557699376426, -3349.502176971785, -2291.2783607104607, -3023.82024485048, -2766.9052306130466, -2814.2065284947544, -2737.7934848958434, -2683.0277968791047, -2732.446202513545, -3477.4086317355077, -2675.870717769065, -2554.2140366594695, -3895.0992540061998, -2179.251253504268, -2580.2662682665714, -2996.2940344266717, -819.194638504966, -3058.241529277625, -1999.0490160687878, -3973.950595361939, -2086.0433598015434, -2653.803505495775]
Time
4.478136301040649
The result for the 7th execution is
Query Result
[1602.0, 1517.0, 1557.0, 1626.0, 1444.0, 1538.0, 1593.0, 1525.0, 1692.0, 1621.0, 1475.0, 1501.0, 1548.0, 1545.0, 1582.0, 1646.0, 1501.0, 1527.0, 1535.0, 1535.0, 1549.0, 1628.0, 1479.0, 1526.0, 1493.0, 1545.0, 1552.0, 1578.0, 1478.0, 1443.0, 1578.0, 1573.0, 1518.0, 1389.0, 1601.0, 1587.0, 1582.0, 1498.0, 1605.0, 1616.0, 1599.0, 1468.0, 1578.0, 1455.0, 1541.0, 1557.0, 1623.0, 1626.0, 1426.0, 1545.0]
Noised Result
[-2886.898924648698, -2551.359947756156, -3007.1428036263014, -2992.2081419903116, -3028.137533567049, -3026.9837028166958, -2272.8694711757125, -2891.9006212598565, -3470.909896337538, -2882.426881823146, -2646.2428238959324, -2692.716872051662, -3537.776405490479, -2548.268383409613, -2735.765444502731, -2538.304487034864, -2780.4678287817965, -2824.4168015947153, -3390.218530649785, -2705.6999583101538, -3201.7439455384556, -2178.02513454336, -4622.0436233810215, -2941.0184733059396, -3364.279697664001, -2312.5571616782177, -2182.3747353121125, -3335.618468443635, -3126.995313688957, -3987.9739401031084, -2591.2871044887615, -3171.916824946795, -2532.2096560478017, -3089.8735843902696, -5302.02398660017, -2624.342177372147, -3013.0766178370977, -3332.94924299185, -2166.645257207041, -2891.9296441934675, -2378.3698526409407, -3410.641442220168, -2461.1587378752974, -2580.584471208965, -1986.3495963371433, -2748.6556641173615, -2633.4058709381297, -2722.9823805738797, -2143.1334168480525, -2617.7633690307825]
Time
4.493044137954712
The result for the 8th execution is
Query Result
[1602.0, 1517.0, 1557.0, 1626.0, 1444.0, 1538.0, 1593.0, 1525.0, 1692.0, 1621.0, 1475.0, 1501.0, 1548.0, 1545.0, 1582.0, 1646.0, 1501.0, 1527.0, 1535.0, 1535.0, 1549.0, 1628.0, 1479.0, 1526.0, 1493.0, 1545.0, 1552.0, 1578.0, 1478.0, 1443.0, 1578.0, 1573.0, 1518.0, 1389.0, 1601.0, 1587.0, 1582.0, 1498.0, 1605.0, 1616.0, 1599.0, 1468.0, 1578.0, 1455.0, 1541.0, 1557.0, 1623.0, 1626.0, 1426.0, 1545.0]
Noised Result
[-2385.3095208475456, -780.3319784468799, -2196.696908713229, -2677.2345159944653, -3007.7531854069666, -2128.4792705182917, -2299.706439617598, -2744.818868513978, -3906.859031007688, -3264.1552141204866, -2177.184594758102, -2783.821469024098, -2757.154804270812, -2391.3716334552482, -3591.321374860754, -2669.705390420945, -3905.716960780941, -2893.9138151266884, -3987.341901695989, -2535.187437581505, -2135.8729921463955, -3247.4903819481324, -2756.538951170315, -3051.2766329541037, -2838.3735781653763, -2340.560425519668, -3523.078739644714, -2416.794948757851, -1774.1175466513223, -2774.1929349968323, -3814.4338889445844, -1532.467507837864, -2271.0854537665796, -2096.564746061255, -2722.3007094021764, -2519.058329944914, -2852.959069340614, -3202.032598320384, -2651.984526831824, -2630.292907262986, -3207.732771079667, -1313.9073485325016, -2756.3796650170098, -2739.582306660308, -2703.0347905177546, -2823.06483493587, -1974.8715359227626, -3722.056197790216, -2794.5096917891915, -3005.8777500845063]
Time
4.566951036453247
The result for the 9th execution is
Query Result
[1602.0, 1517.0, 1557.0, 1626.0, 1444.0, 1538.0, 1593.0, 1525.0, 1692.0, 1621.0, 1475.0, 1501.0, 1548.0, 1545.0, 1582.0, 1646.0, 1501.0, 1527.0, 1535.0, 1535.0, 1549.0, 1628.0, 1479.0, 1526.0, 1493.0, 1545.0, 1552.0, 1578.0, 1478.0, 1443.0, 1578.0, 1573.0, 1518.0, 1389.0, 1601.0, 1587.0, 1582.0, 1498.0, 1605.0, 1616.0, 1599.0, 1468.0, 1578.0, 1455.0, 1541.0, 1557.0, 1623.0, 1626.0, 1426.0, 1545.0]
Noised Result
[-2497.872379755793, -4655.43857179545, -2495.5203559225056, -2594.8048353631684, -3422.3712981788403, -2562.635952118567, -2362.375327136572, -2597.5630156164934, -2589.172211803613, -2758.9498185868147, -2190.453702582998, -2276.577223005452, -3072.44957744144, -3327.3793577694896, -1331.3938161498772, -2478.8824258558457, -3300.0395451005706, -2761.464925926475, -3084.167312176478, -2044.6807085346127, -3014.269864852391, -2299.442094754877, -2505.8280009900245, -2976.6878753108585, -3093.667680327435, -3113.9451281560596, -2306.162186752975, -2521.0052395687544, -2810.214184176342, -3640.570923655533, -2388.467769808972, -2922.4327709158497, -2221.770874603848, -2771.7202013309243, -2730.6886179195835, -2982.193067341269, -2329.871771457213, -2554.375847066578, -2905.2542726968804, -2092.018540433111, -2625.3541846827884, -2332.914403771996, -1909.751527325322, -2340.275528975082, -2408.4784441419006, -2603.614199579842, -2610.9740736972904, -2578.5042021683407, -2814.8966832806586, -3667.1805262061007]
Time
4.564236640930176
The result for the 10th execution is
Query Result
[1602.0, 1517.0, 1557.0, 1626.0, 1444.0, 1538.0, 1593.0, 1525.0, 1692.0, 1621.0, 1475.0, 1501.0, 1548.0, 1545.0, 1582.0, 1646.0, 1501.0, 1527.0, 1535.0, 1535.0, 1549.0, 1628.0, 1479.0, 1526.0, 1493.0, 1545.0, 1552.0, 1578.0, 1478.0, 1443.0, 1578.0, 1573.0, 1518.0, 1389.0, 1601.0, 1587.0, 1582.0, 1498.0, 1605.0, 1616.0, 1599.0, 1468.0, 1578.0, 1455.0, 1541.0, 1557.0, 1623.0, 1626.0, 1426.0, 1545.0]
Noised Result
[-3149.3904878367066, -2870.4537671634084, -1875.2673138763907, -1850.0925341242237, -2825.9915095085257, -2132.504253489657, -2488.313781022643, -2450.9146676749615, -2352.0515241255725, -2685.563576349692, -2859.341552900335, -3979.202286784741, -2504.904214542573, -2056.696532250474, -3056.0141435425858, 3506.769160401798, -2964.1815208590497, -2906.790160380927, -2491.5775634109887, -2564.9378705871777, -2737.730556685385, -3298.5216538754485, -2778.1429622121254, -2832.6507268263713, -2610.645752806078, -2968.151792794938, -2418.7812887056143, -1571.8956243737612, -3455.402829891459, -2573.7917215009, -3274.080927252865, -2569.5703585729584, -2800.156097203401, -2789.9726408745173, -2801.4835216061592, -2684.243302994372, -2959.8436037257015, -2143.877039954152, -2462.037089469458, -2661.9442148480766, -2779.9663025503028, -3533.738680138731, -2486.5900831250515, -3387.4947247987075, -2710.1169243126246, -3396.584225319264, -2647.927990008526, -3108.1602644968434, -3296.6346274088337, -3223.571088344752]
Time
4.496402025222778
The result for the 11th execution is
Query Result
[1602.0, 1517.0, 1557.0, 1626.0, 1444.0, 1538.0, 1593.0, 1525.0, 1692.0, 1621.0, 1475.0, 1501.0, 1548.0, 1545.0, 1582.0, 1646.0, 1501.0, 1527.0, 1535.0, 1535.0, 1549.0, 1628.0, 1479.0, 1526.0, 1493.0, 1545.0, 1552.0, 1578.0, 1478.0, 1443.0, 1578.0, 1573.0, 1518.0, 1389.0, 1601.0, 1587.0, 1582.0, 1498.0, 1605.0, 1616.0, 1599.0, 1468.0, 1578.0, 1455.0, 1541.0, 1557.0, 1623.0, 1626.0, 1426.0, 1545.0]
Noised Result
[-3191.7991360130454, -2867.2909383404276, -2220.2788997587495, -2676.352412854611, -2874.4109922206794, -2254.6185575078453, -4595.94125702564, -2736.3400604760623, -2763.19219280416, -2633.691062553772, -3190.78593923244, -3620.9071204364245, -2712.254501533735, -3075.6687509683006, -3038.5652727452407, -2700.2938576960278, -2316.8104384931885, -3097.4326585511735, -2519.9976915499465, -1667.244138943281, -2685.870346075864, -2825.637352858417, -1619.3985754399346, -2763.2835996154395, -1341.5287282909512, -4465.269686228473, -3067.805601780392, -2587.403827774768, -2013.7671732775157, -1832.5871290937162, -2176.8364820710003, -3027.8882275062288, -2248.6672325793206, -3018.3199934449667, -2675.5423895453728, -2633.7820087452287, -2505.690318750746, -3299.066331312729, -2401.8631630520395, -3017.8348575419195, -3805.60389546867, -3137.577673087976, -2779.7496476061115, -2553.9736406834304, -3109.5603999890163, -2438.5469695433917, -2527.527952553074, -3743.1731889535604, -3067.391971391653, -2862.060599630898]
Time
4.472784519195557
The result for the 12th execution is
Query Result
[1602.0, 1517.0, 1557.0, 1626.0, 1444.0, 1538.0, 1593.0, 1525.0, 1692.0, 1621.0, 1475.0, 1501.0, 1548.0, 1545.0, 1582.0, 1646.0, 1501.0, 1527.0, 1535.0, 1535.0, 1549.0, 1628.0, 1479.0, 1526.0, 1493.0, 1545.0, 1552.0, 1578.0, 1478.0, 1443.0, 1578.0, 1573.0, 1518.0, 1389.0, 1601.0, 1587.0, 1582.0, 1498.0, 1605.0, 1616.0, 1599.0, 1468.0, 1578.0, 1455.0, 1541.0, 1557.0, 1623.0, 1626.0, 1426.0, 1545.0]
Noised Result
[-2727.5158806362656, -2169.3860077594013, -2981.3575211663738, -2715.4491159441664, -2583.037168961911, -2371.1811741932497, -2593.431624058229, -2983.862648795075, -2232.3508258455954, -2728.5038645564587, -2710.3101268557275, -3350.8462383288224, -3308.245828154101, -2996.557557533155, -1620.0016868629746, -2659.531263907889, -3797.129159474651, -3244.151405327565, -2751.530320489674, -3018.87208081648, -2355.6404373729556, -2331.2852254449904, -2559.9955924453475, -3524.518819906969, -2774.243145382075, -2758.6799823970455, -2565.8053078363, -2551.280186436702, 20716023.709261343, -2789.223276473649, -2960.2576908724914, -4000.7171464666435, -2777.769291827537, -2718.678670959589, -3636.3537120045294, -2744.2326294484756, -2479.2394110957307, -2121.8119940045244, -2595.819570400148, -3599.0143441972623, -2395.365840365294, -3092.9074022779732, -3860.9934939243376, -2710.4527853068375, -3010.6085359788303, -2052.4227844938832, -3767.888125198856, -3040.0669720622427, -2998.20359004852, -2542.7365603150824]
Time
4.459881782531738
The result for the 13th execution is
Query Result
[1602.0, 1517.0, 1557.0, 1626.0, 1444.0, 1538.0, 1593.0, 1525.0, 1692.0, 1621.0, 1475.0, 1501.0, 1548.0, 1545.0, 1582.0, 1646.0, 1501.0, 1527.0, 1535.0, 1535.0, 1549.0, 1628.0, 1479.0, 1526.0, 1493.0, 1545.0, 1552.0, 1578.0, 1478.0, 1443.0, 1578.0, 1573.0, 1518.0, 1389.0, 1601.0, 1587.0, 1582.0, 1498.0, 1605.0, 1616.0, 1599.0, 1468.0, 1578.0, 1455.0, 1541.0, 1557.0, 1623.0, 1626.0, 1426.0, 1545.0]
Noised Result
[-2413.059992003779, -2314.114397060055, -2187.164872225854, -1985.8112386823855, -2488.0338804415132, -4071.7345397534045, -2548.4378678665703, -2782.766294969672, -2234.508717699298, -2267.8547088806445, -2850.139016973435, -2539.75937147223, -3016.753806858377, -2626.863543926167, -2616.3934826285617, -2549.7165763454686, -2534.5168237910584, -3437.976328015585, -2891.5501016973726, -2275.8048044204465, -2231.999564146694, -4327.724576761417, -2882.059411725235, -2848.0891945421426, -2658.137103996009, -3732.438931996683, -3028.7587127314055, -5438.851976888223, -2425.8949665081245, -2276.359529233131, -2966.592729460105, -2569.9400411749934, -2515.9916102167663, -3298.5883343451433, -2595.290854304923, -2610.7424422320887, -2064.160594397829, -2964.281713081391, -3009.431638154727, -3863.2301209270663, -2711.8538187648987, -3515.258944370039, -1604.4570583812301, -2547.7266856967335, -2735.92557227293, -3017.667546598689, -2338.0070204097656, -2586.011217594823, -2413.424873020087, -2545.0551961120063]
Time
4.470375299453735
The result for the 14th execution is
Query Result
[1602.0, 1517.0, 1557.0, 1626.0, 1444.0, 1538.0, 1593.0, 1525.0, 1692.0, 1621.0, 1475.0, 1501.0, 1548.0, 1545.0, 1582.0, 1646.0, 1501.0, 1527.0, 1535.0, 1535.0, 1549.0, 1628.0, 1479.0, 1526.0, 1493.0, 1545.0, 1552.0, 1578.0, 1478.0, 1443.0, 1578.0, 1573.0, 1518.0, 1389.0, 1601.0, 1587.0, 1582.0, 1498.0, 1605.0, 1616.0, 1599.0, 1468.0, 1578.0, 1455.0, 1541.0, 1557.0, 1623.0, 1626.0, 1426.0, 1545.0]
Noised Result
[-2570.5655981541313, -2793.7801956157314, -2664.8290675015846, -3316.541662375241, -2822.9796087273066, -1388.086669484689, -2575.5278156495224, -2450.283478497665, -1620.8766380824873, -2110.8658693780985, -2793.2453015203237, -3113.0069993774596, -1990.112677894805, -2321.6579592987364, -3298.5297175203386, -2755.2990223389447, -3260.9885666209366, -3133.109364598846, -2775.438985375571, -1939.8150046593937, -2780.8321394016066, -1963.143776690862, -2984.7102549829206, -3481.495232818759, -2617.3451280093605, -3338.1035181084753, -2296.1095265191907, -1842.1361313998186, -3222.2426149687562, -2927.352210102862, -2676.404471656336, -2800.297092227627, -2535.144780632447, -1438.467895899541, -3333.284110274798, -2759.396698888233, -2533.3213107925344, -2635.8399641239066, -2677.3619372961466, -3662.8332538398527, -2595.112933402288, -2686.0105827254592, -2631.673324354299, -3198.3609643376913, -3838.453176123545, -3446.424394948521, -3114.584101525562, -2679.8491217123155, -2726.0329772266964, -2262.148861009492]
Time
4.54349946975708
The result for the 15th execution is
Query Result
[1602.0, 1517.0, 1557.0, 1626.0, 1444.0, 1538.0, 1593.0, 1525.0, 1692.0, 1621.0, 1475.0, 1501.0, 1548.0, 1545.0, 1582.0, 1646.0, 1501.0, 1527.0, 1535.0, 1535.0, 1549.0, 1628.0, 1479.0, 1526.0, 1493.0, 1545.0, 1552.0, 1578.0, 1478.0, 1443.0, 1578.0, 1573.0, 1518.0, 1389.0, 1601.0, 1587.0, 1582.0, 1498.0, 1605.0, 1616.0, 1599.0, 1468.0, 1578.0, 1455.0, 1541.0, 1557.0, 1623.0, 1626.0, 1426.0, 1545.0]
Noised Result
[-2768.5677009299825, -3121.182675398283, -3075.3867916904874, -2774.02666896741, -2776.12474813576, -2610.058323180938, -2328.806312383483, -2107.1062953157334, -2954.7154287720914, -2754.9537039811385, -3798.6357067507834, -2517.655027930296, -2862.990829763639, -4045.8035544656896, -3932.977395327567, -3127.1558231441395, -1642.2895403492266, -3062.261447130649, -2416.275312387105, -2537.5140232235726, -2434.029707318368, -3966.0653869091857, -1639.3623538104057, -2404.0905998171384, -2523.2942695948423, -2858.1549078737044, -3375.227924856945, -2442.9113983813713, -2994.173103340504, -3347.960780884, -2172.422118117594, -3281.320109897699, -3255.7746676199677, -2785.4516317500406, -2579.0942757836783, -2473.1827684223445, -3115.200166549499, -2816.2640617430243, -2987.599577186432, -2109.1426163185342, -2495.674395217661, -1177.795370912575, -2711.4489292267945, -3024.8397606299677, -2929.778948658509, -1993.8466433864783, -2562.2695648433278, -2805.524846496634, -2101.882594880903, -1745.8529003425097]
Time
4.453132629394531
The result for the 16th execution is
Query Result
[1602.0, 1517.0, 1557.0, 1626.0, 1444.0, 1538.0, 1593.0, 1525.0, 1692.0, 1621.0, 1475.0, 1501.0, 1548.0, 1545.0, 1582.0, 1646.0, 1501.0, 1527.0, 1535.0, 1535.0, 1549.0, 1628.0, 1479.0, 1526.0, 1493.0, 1545.0, 1552.0, 1578.0, 1478.0, 1443.0, 1578.0, 1573.0, 1518.0, 1389.0, 1601.0, 1587.0, 1582.0, 1498.0, 1605.0, 1616.0, 1599.0, 1468.0, 1578.0, 1455.0, 1541.0, 1557.0, 1623.0, 1626.0, 1426.0, 1545.0]
Noised Result
[-3039.3652361443983, -1584.2534628444587, -2417.334070244807, -2718.041918362111, -2679.6905859570825, -2360.049348048347, -3020.494728625137, -4211.910827695016, -2558.0066826298266, -2428.715021907195, -2547.2083741549027, -2081.276693040719, -2255.3455840873935, -2472.1948642791176, -2168.212423262482, -3057.9561726528163, -2901.9277091132317, -3851.407208140341, -2998.827020291531, -3633.2371299284277, -2858.088855901827, -2306.1783336424924, -1984.2355664429442, -3243.5028373995137, -2616.09700943322, -2554.6370585870677, -2810.488483704686, -3033.7560261572316, -2827.2658420947914, -2164.0698985933113, -2550.723679883687, -1911.547319971024, -2771.105591747599, -1897.2972785341944, -2573.731876226508, -3239.2111461949034, -3120.9163277572698, -3196.0826687705885, -2585.513797514926, -3836.5313163508163, -2469.8631057542, -2351.5613272213564, -2026.6126560506164, -3168.578039166119, -1706.2409367631499, -2661.6467538174657, -2975.620596759136, -2629.4742814259307, -2583.6572373789395, -2645.094559344565]
Time
4.489975690841675
The result for the 17th execution is
Query Result
[1602.0, 1517.0, 1557.0, 1626.0, 1444.0, 1538.0, 1593.0, 1525.0, 1692.0, 1621.0, 1475.0, 1501.0, 1548.0, 1545.0, 1582.0, 1646.0, 1501.0, 1527.0, 1535.0, 1535.0, 1549.0, 1628.0, 1479.0, 1526.0, 1493.0, 1545.0, 1552.0, 1578.0, 1478.0, 1443.0, 1578.0, 1573.0, 1518.0, 1389.0, 1601.0, 1587.0, 1582.0, 1498.0, 1605.0, 1616.0, 1599.0, 1468.0, 1578.0, 1455.0, 1541.0, 1557.0, 1623.0, 1626.0, 1426.0, 1545.0]
Noised Result
[-1753.832784222643, -1525.5297091673128, -2296.840364192511, -2403.786348726127, -3714.7016735257266, -3673.10698809898, -2569.2605779976325, -3058.4876721257533, -2873.9949990968316, -2548.1685583143003, -3027.4791555619595, -2636.0733757311136, -2650.4850645198726, -2244.9204561962943, -3522.031020467378, -1950.777720866875, -2704.6825082753444, -3096.7922114637704, -2388.1431529128567, -2841.8041686248635, -2780.6046295176625, -1348.1040946083008, -2535.699699135613, -1235.507232002326, -2037.8114850525894, -2627.2022300053986, -2859.9691988103464, -2403.1913319573214, -2275.9657721890444, -2685.8271327176462, -2748.8760745545906, -2058.096508497667, -3559.4251084322023, -2313.398128209559, -2162.9032635195813, -2117.9714588379916, -2775.5630818172162, -2909.879475323427, -2947.0707825495483, -2502.9179130823677, -3739.5546472160695, -2983.867743231939, -2360.3205017297755, -2620.3409186866493, -2134.1025316755117, -2775.7963496915595, -2376.960971366327, -2506.062208922641, -2854.396967207425, -3743.793773891629]
Time
4.490446329116821
The result for the 18th execution is
Query Result
[1602.0, 1517.0, 1557.0, 1626.0, 1444.0, 1538.0, 1593.0, 1525.0, 1692.0, 1621.0, 1475.0, 1501.0, 1548.0, 1545.0, 1582.0, 1646.0, 1501.0, 1527.0, 1535.0, 1535.0, 1549.0, 1628.0, 1479.0, 1526.0, 1493.0, 1545.0, 1552.0, 1578.0, 1478.0, 1443.0, 1578.0, 1573.0, 1518.0, 1389.0, 1601.0, 1587.0, 1582.0, 1498.0, 1605.0, 1616.0, 1599.0, 1468.0, 1578.0, 1455.0, 1541.0, 1557.0, 1623.0, 1626.0, 1426.0, 1545.0]
Noised Result
[-2513.860733283402, -2516.0454005321803, -2898.005616485233, -2217.3814805170878, -1819.172275573152, -2434.7919506012277, -2494.5811094622536, -2888.667121109114, -2163.9670643350255, -2955.020055097947, -4244.216759345138, -3102.4212179996994, -2654.4629812154835, -3072.424605327795, -3227.5629714789084, -2606.7529787059366, -4226.102305458381, -1937.400076168186, -2904.196839382216, -1605.2184182138776, -3493.713348964273, -1276.6779305494101, -2796.0550344269436, -2677.957367523649, -2575.862422966693, -2075.2730376402787, -2589.6498236789494, -2685.708263664443, -2553.768929589369, -1156.517437158272, -2354.8512136787235, -2578.354480348315, -2406.7396120968883, -2803.7457539612587, -2646.854473580348, -2901.9122289852303, -3266.965306498684, -2511.2067999071223, -2409.2253236310053, -2669.7250151967573, -2746.711361327373, -3040.6273452823752, -2629.9147830084794, -2771.587788315584, -3827.31977842583, -2769.637860699296, -2631.728220607885, -3325.99694072879, -3457.380702905153, -2669.1536823061256]
Time
4.424241065979004
The result for the 19th execution is
Query Result
[1602.0, 1517.0, 1557.0, 1626.0, 1444.0, 1538.0, 1593.0, 1525.0, 1692.0, 1621.0, 1475.0, 1501.0, 1548.0, 1545.0, 1582.0, 1646.0, 1501.0, 1527.0, 1535.0, 1535.0, 1549.0, 1628.0, 1479.0, 1526.0, 1493.0, 1545.0, 1552.0, 1578.0, 1478.0, 1443.0, 1578.0, 1573.0, 1518.0, 1389.0, 1601.0, 1587.0, 1582.0, 1498.0, 1605.0, 1616.0, 1599.0, 1468.0, 1578.0, 1455.0, 1541.0, 1557.0, 1623.0, 1626.0, 1426.0, 1545.0]
Noised Result
[-2543.7465817055772, -2456.147971086649, -1818.1252126206464, -2511.9486616604745, -2435.4698132079047, -2268.0484765748774, -2691.7034886452575, -2076.0614704697286, -2402.098721150611, -2131.4921606854323, -3421.2183382944104, -3741.9522566409723, -2793.879526487376, -2151.7851982604325, -3657.227338083647, -2728.662529912812, -2855.7678958474066, -3379.2173808233993, -2486.3983701043735, -2686.455969608772, -2334.6753119039995, -2328.9389899241205, -2738.6463893909695, -2655.87334906212, -2288.0890148182143, -2739.680641991813, -2583.1221555700636, -2917.2700036021233, -3062.896677234653, -2746.6020714610095, -2684.57002889785, -2434.788521694026, -1736.9152315789042, -2824.520863792473, -2244.6007115727884, -2446.3320046282706, -3241.266023761009, -1320.8861995183443, -2906.451837328157, -2450.205354641314, -2154.4736619471246, -3213.293987259285, -2632.029091618293, -5023.437087745389, -2729.4026059072357, -2824.232671862522, -2852.610342830546, -2684.274932349775, -2485.670654585138, -2544.3260441858297]
Time
4.485262870788574
