The result for the 0th execution is
Query Result
[365541.31464479957, 354595.01237649895, 355266.41305460193, 367146.95912100043, 350285.61253259995, 358930.7472158012, 335115.5118889009, 350842.7559774011, 341934.1614588988, 360109.82293700037, 364872.00455929915, 334897.3674181992, 377721.1868949996, 316781.7920492998, 322217.5306327995, 311377.1336412005, 321449.45382389985, 371200.0205161989, 362094.3465016991, 351387.0598025007, 366826.4801416996, 353692.87767350057, 341125.04411569936, 343207.3316316993, 350126.3749764003]
Noised Result
[-4415.262357809805, -4367.11535865899, -4000.8951536658005, -4211.1959842770075, -4090.54224012707, -4020.4044109447514, -3712.8020832708135, -3765.965030149996, -3647.8832402260905, -4145.742075004725, -4266.001330586785, -4714.632977156417, -3860.3906123102506, -4346.845044372261, -4613.6874560067035, -3758.528283371663, -4236.4052958590355, -4399.075683467737, -3749.8609054168, -4803.599070322237, -4506.108857660829, -4219.108879358121, -5371.3978865876825, -4779.249809578223, -4184.600037899009]
Time
11.806557178497314
The result for the 1th execution is
Query Result
[365541.31464479957, 354595.01237649895, 355266.41305460193, 367146.95912100043, 350285.61253259995, 358930.7472158012, 335115.5118889009, 350842.7559774011, 341934.1614588988, 360109.82293700037, 364872.00455929915, 334897.3674181992, 377721.1868949996, 316781.7920492998, 322217.5306327995, 311377.1336412005, 321449.45382389985, 371200.0205161989, 362094.3465016991, 351387.0598025007, 366826.4801416996, 353692.87767350057, 341125.04411569936, 343207.3316316993, 350126.3749764003]
Noised Result
[-3984.7117871803193, -4332.292428447399, -4399.769327533956, -4383.109822044306, -4249.96901965444, -4204.437079055604, -3819.60497516129, -3991.6534765745228, -4304.372159099379, -3851.1985131139736, -5073.23048903707, -3491.74108245952, -3978.80099962188, -4146.4433848533745, -3076.8568726544017, -4215.969858352197, -4064.2180465195106, -4094.3342477652495, -3952.123553267401, -5073.564409301043, -4628.419333315105, -4610.042582096787, -6079.218533655322, -3704.7254469382115, -3985.8834927843873]
Time
12.04755687713623
The result for the 2th execution is
Query Result
[365541.31464479957, 354595.01237649895, 355266.41305460193, 367146.95912100043, 350285.61253259995, 358930.7472158012, 335115.5118889009, 350842.7559774011, 341934.1614588988, 360109.82293700037, 364872.00455929915, 334897.3674181992, 377721.1868949996, 316781.7920492998, 322217.5306327995, 311377.1336412005, 321449.45382389985, 371200.0205161989, 362094.3465016991, 351387.0598025007, 366826.4801416996, 353692.87767350057, 341125.04411569936, 343207.3316316993, 350126.3749764003]
Noised Result
[-5726.972448515717, -4089.359800846245, -4902.172613037538, -3184.7871369647264, -3873.1000600958214, -3655.515034616513, -4657.274867253467, -5858.495399885902, -4005.998253905488, -4591.251332026151, -4465.189939499424, -4196.269582086614, -3839.61040671971, -4071.03232226361, -6020.52880965776, -4477.673554464186, -2714.245620672948, -4987.217266767198, -4215.1420922947345, -3919.9569791746717, -4368.040731118054, -3110.6002658931734, -4615.126864738514, -1880.9959891991393, -4804.668253801581]
Time
12.166937828063965
The result for the 3th execution is
Query Result
[365541.31464479957, 354595.01237649895, 355266.41305460193, 367146.95912100043, 350285.61253259995, 358930.7472158012, 335115.5118889009, 350842.7559774011, 341934.1614588988, 360109.82293700037, 364872.00455929915, 334897.3674181992, 377721.1868949996, 316781.7920492998, 322217.5306327995, 311377.1336412005, 321449.45382389985, 371200.0205161989, 362094.3465016991, 351387.0598025007, 366826.4801416996, 353692.87767350057, 341125.04411569936, 343207.3316316993, 350126.3749764003]
Noised Result
[-4335.932755759894, -3724.638771505435, -6653.761303784975, -4390.298094731089, -3646.7562640602027, -3975.68277173157, -2265.0019585461264, -4224.285498068652, -4299.608580523947, -4991.124861119884, -3849.0446183204176, -4571.221797720412, -5022.52494478709, -5153.89355339534, -4171.070245251762, -3241.140161109623, -4520.630911808395, -4915.734337180866, -3958.926664977721, -5480.115188867028, -2562.8514034747577, -4559.303749294086, -4588.041348961609, -3175.3004789543525, -2576.071151672868]
Time
11.871930360794067
The result for the 4th execution is
Query Result
[365541.31464479957, 354595.01237649895, 355266.41305460193, 367146.95912100043, 350285.61253259995, 358930.7472158012, 335115.5118889009, 350842.7559774011, 341934.1614588988, 360109.82293700037, 364872.00455929915, 334897.3674181992, 377721.1868949996, 316781.7920492998, 322217.5306327995, 311377.1336412005, 321449.45382389985, 371200.0205161989, 362094.3465016991, 351387.0598025007, 366826.4801416996, 353692.87767350057, 341125.04411569936, 343207.3316316993, 350126.3749764003]
Noised Result
[-4452.194156949588, -4366.660056887028, -5306.620473110946, -4186.376382262397, -3424.439908165099, -3852.6871159241146, -2777.723745143833, -4028.3990041219313, -2546.529355176643, -3939.5002060122133, -4051.7072927369563, -3051.2771207369537, -3681.335888188246, -4093.033578187873, -3674.9337924881356, -3986.3036827897004, -3396.0171411342326, -3367.657216036985, -4207.4991832949845, -4683.188127831854, -4417.988833016665, -2343.64933196161, -2023.3862599589506, -4316.562617594268, -6200.9362849414165]
Time
11.960752725601196
The result for the 5th execution is
Query Result
[365541.31464479957, 354595.01237649895, 355266.41305460193, 367146.95912100043, 350285.61253259995, 358930.7472158012, 335115.5118889009, 350842.7559774011, 341934.1614588988, 360109.82293700037, 364872.00455929915, 334897.3674181992, 377721.1868949996, 316781.7920492998, 322217.5306327995, 311377.1336412005, 321449.45382389985, 371200.0205161989, 362094.3465016991, 351387.0598025007, 366826.4801416996, 353692.87767350057, 341125.04411569936, 343207.3316316993, 350126.3749764003]
Noised Result
[-3405.5704226680464, -3457.176982553012, -4278.9029775973095, -4484.402766331217, -5386.293101882365, -3771.419452275043, -4950.80559656836, -4074.0501525468353, -5118.580345202968, -4187.914835079534, -3843.249330421252, -3932.8889388154475, -3542.3249609665527, -4095.5539594400425, -4560.550903518651, -3956.824356538985, -3888.5466366372684, -3653.8995523536705, -4319.899263881038, -5047.298920856593, -3916.1964331100608, -4224.190027993496, -5168.179319434199, -5512.756105127706, -3876.405487059449]
Time
12.117018699645996
The result for the 6th execution is
Query Result
[365541.31464479957, 354595.01237649895, 355266.41305460193, 367146.95912100043, 350285.61253259995, 358930.7472158012, 335115.5118889009, 350842.7559774011, 341934.1614588988, 360109.82293700037, 364872.00455929915, 334897.3674181992, 377721.1868949996, 316781.7920492998, 322217.5306327995, 311377.1336412005, 321449.45382389985, 371200.0205161989, 362094.3465016991, 351387.0598025007, 366826.4801416996, 353692.87767350057, 341125.04411569936, 343207.3316316993, 350126.3749764003]
Noised Result
[-3802.139696652408, -4424.504176032328, -3911.2150049707434, -3002.838292354204, -3622.5801452959004, -3558.499421748679, -4024.1753045795813, -3983.180036718335, -4907.9541954207925, -4437.6767502856, -3893.680343833077, -4736.216631337597, -3639.7794777699482, -3096.3301714812555, -4190.123681905219, -4201.888038511155, -3959.2560499399015, -2988.4708437010822, -3929.6970978644777, -3386.7697585889127, -4112.932077873592, -3894.5696694077906, -4177.764346640054, -3955.303978838254, -3400.6419721215716]
Time
11.97270917892456
The result for the 7th execution is
Query Result
[365541.31464479957, 354595.01237649895, 355266.41305460193, 367146.95912100043, 350285.61253259995, 358930.7472158012, 335115.5118889009, 350842.7559774011, 341934.1614588988, 360109.82293700037, 364872.00455929915, 334897.3674181992, 377721.1868949996, 316781.7920492998, 322217.5306327995, 311377.1336412005, 321449.45382389985, 371200.0205161989, 362094.3465016991, 351387.0598025007, 366826.4801416996, 353692.87767350057, 341125.04411569936, 343207.3316316993, 350126.3749764003]
Noised Result
[-5004.165679167369, -5164.687849273789, -3407.2531211240293, -5191.961126120459, -4006.6480327715362, -4075.058906128069, -3538.1035108444275, -4287.226942047039, -4694.385966872795, -6407.613538205458, -4125.372988994392, -4164.349548866361, -2778.2142633670446, -3940.0644484827726, -3914.879114442555, -4589.319752102765, -3839.861546351398, -4469.189845095282, -3839.791078399742, -4277.993192926805, -4027.353860518225, -4447.912391827958, -3614.5606550909615, -3983.2895023823494, -4127.951901881231]
Time
11.842713356018066
The result for the 8th execution is
Query Result
[365541.31464479957, 354595.01237649895, 355266.41305460193, 367146.95912100043, 350285.61253259995, 358930.7472158012, 335115.5118889009, 350842.7559774011, 341934.1614588988, 360109.82293700037, 364872.00455929915, 334897.3674181992, 377721.1868949996, 316781.7920492998, 322217.5306327995, 311377.1336412005, 321449.45382389985, 371200.0205161989, 362094.3465016991, 351387.0598025007, 366826.4801416996, 353692.87767350057, 341125.04411569936, 343207.3316316993, 350126.3749764003]
Noised Result
[-3990.7845603353235, -5278.72785517745, -3806.689869790429, -4200.1359494018725, -3820.4087159076107, -3900.3220955682846, -3951.241457617084, -4427.190005905999, -4208.858086146939, -4135.588155498087, -3787.853804199758, -3589.3552802725353, -3889.0160246728055, -1815.6402951590562, -4728.9196250845425, -4769.971482496087, -3818.793161043831, -4216.862272319666, -3842.9993836105687, -4059.240701740091, -4433.0384546322275, -3235.398766951428, -2576.69077843143, -4195.431060190964, -3227.713747320384]
Time
11.58948802947998
The result for the 9th execution is
Query Result
[365541.31464479957, 354595.01237649895, 355266.41305460193, 367146.95912100043, 350285.61253259995, 358930.7472158012, 335115.5118889009, 350842.7559774011, 341934.1614588988, 360109.82293700037, 364872.00455929915, 334897.3674181992, 377721.1868949996, 316781.7920492998, 322217.5306327995, 311377.1336412005, 321449.45382389985, 371200.0205161989, 362094.3465016991, 351387.0598025007, 366826.4801416996, 353692.87767350057, 341125.04411569936, 343207.3316316993, 350126.3749764003]
Noised Result
[-4288.82444422882, -4659.417631703459, -3221.877175263665, -4067.4053131924748, -3595.2688806180413, -4523.794761849786, -4253.210444828339, -3171.7360221707736, -2923.767740834189, -5234.1573841573345, -4961.9937647329025, -3864.3548410201647, -2841.1277348304357, -4435.167154835139, -4049.9606329205017, -5013.219008309361, -4403.785209393537, -4119.7277505388865, -3820.4241197165757, -3401.2490971813686, -5133.280462528217, -4041.364389397545, -4767.567614032578, -5869.621199751136, -5042.423784296193]
Time
11.949649333953857
The result for the 10th execution is
Query Result
[365541.31464479957, 354595.01237649895, 355266.41305460193, 367146.95912100043, 350285.61253259995, 358930.7472158012, 335115.5118889009, 350842.7559774011, 341934.1614588988, 360109.82293700037, 364872.00455929915, 334897.3674181992, 377721.1868949996, 316781.7920492998, 322217.5306327995, 311377.1336412005, 321449.45382389985, 371200.0205161989, 362094.3465016991, 351387.0598025007, 366826.4801416996, 353692.87767350057, 341125.04411569936, 343207.3316316993, 350126.3749764003]
Noised Result
[-4119.47841633278, -4171.985703449063, -3754.6782809847946, -4885.271881001694, -4150.358270545609, -4076.992889952394, -4264.063879948308, -3779.619537776186, -3674.404199602217, -3521.3007510455973, -3781.9650821913046, -4785.177624434853, -2419.4628376934243, -3571.2680999537133, -4481.634076430679, -6073.499826314373, -4377.738074759738, -6488.468324785342, -3726.511001225419, -4221.165259904983, -4435.453111769347, -2179.1715799738104, -3624.595389876451, -4476.283658573125, -5166.296293487812]
Time
12.155141353607178
The result for the 11th execution is
Query Result
[365541.31464479957, 354595.01237649895, 355266.41305460193, 367146.95912100043, 350285.61253259995, 358930.7472158012, 335115.5118889009, 350842.7559774011, 341934.1614588988, 360109.82293700037, 364872.00455929915, 334897.3674181992, 377721.1868949996, 316781.7920492998, 322217.5306327995, 311377.1336412005, 321449.45382389985, 371200.0205161989, 362094.3465016991, 351387.0598025007, 366826.4801416996, 353692.87767350057, 341125.04411569936, 343207.3316316993, 350126.3749764003]
Noised Result
[-4019.4015662887277, -3745.0801143169456, -6265.075413723028, -3382.031130752014, -4007.0024705736214, -4063.1714369234287, -5609.325913676874, -3945.236127518303, -4327.320166162612, -4797.64982827369, -2917.01232824369, -3677.9171683658305, -2856.44872287381, -4116.108504660333, -4697.296482355388, -3803.4631667293797, -4840.572797972132, -4576.999608238739, -4485.23532730464, -4050.6660892036934, -4941.135894995635, -2999.7089914232465, -3561.3002353921856, -3962.2521103139106, -4573.873158250364]
Time
12.27764081954956
The result for the 12th execution is
Query Result
[365541.31464479957, 354595.01237649895, 355266.41305460193, 367146.95912100043, 350285.61253259995, 358930.7472158012, 335115.5118889009, 350842.7559774011, 341934.1614588988, 360109.82293700037, 364872.00455929915, 334897.3674181992, 377721.1868949996, 316781.7920492998, 322217.5306327995, 311377.1336412005, 321449.45382389985, 371200.0205161989, 362094.3465016991, 351387.0598025007, 366826.4801416996, 353692.87767350057, 341125.04411569936, 343207.3316316993, 350126.3749764003]
Noised Result
[-2620.1494738207507, -5279.888558371094, -3907.3349607719083, -4310.970250917704, -4233.102908045468, -2319.0008272785167, -3606.5062045844998, -3975.988713016798, -4671.832018020107, -3882.664219636179, -3627.9278950193293, -2721.787454753302, -4490.878627238666, -4352.150003776788, -2296.955808860419, -4126.102280100707, -3699.2908972330215, -4270.173281316752, -4126.516400859307, -4508.02050611564, -3671.3040166434275, -4075.1755282813483, -4173.210672470989, -5569.931903796758, -3846.8249253285567]
Time
11.412039756774902
The result for the 13th execution is
Query Result
[365541.31464479957, 354595.01237649895, 355266.41305460193, 367146.95912100043, 350285.61253259995, 358930.7472158012, 335115.5118889009, 350842.7559774011, 341934.1614588988, 360109.82293700037, 364872.00455929915, 334897.3674181992, 377721.1868949996, 316781.7920492998, 322217.5306327995, 311377.1336412005, 321449.45382389985, 371200.0205161989, 362094.3465016991, 351387.0598025007, 366826.4801416996, 353692.87767350057, 341125.04411569936, 343207.3316316993, 350126.3749764003]
Noised Result
[-4309.514279486237, -4191.6808559932215, -3939.7977081409554, -3700.306466289775, -4189.223730047221, -2900.09470411308, -3714.826008768042, -3001.283251270331, -4176.959915654576, -4105.1517786933855, -3963.44732485447, -4987.68448448723, -3683.349916741412, -3955.3072276770654, -4450.396341725908, -6145.746227588743, -3429.968220628969, -4308.316007559614, -3769.166388817912, -3799.999095419058, -3581.4993313070763, -3757.874457475001, -4428.603922648905, -4458.625598860288, -4026.7485816595154]
Time
11.399284601211548
The result for the 14th execution is
Query Result
[365541.31464479957, 354595.01237649895, 355266.41305460193, 367146.95912100043, 350285.61253259995, 358930.7472158012, 335115.5118889009, 350842.7559774011, 341934.1614588988, 360109.82293700037, 364872.00455929915, 334897.3674181992, 377721.1868949996, 316781.7920492998, 322217.5306327995, 311377.1336412005, 321449.45382389985, 371200.0205161989, 362094.3465016991, 351387.0598025007, 366826.4801416996, 353692.87767350057, 341125.04411569936, 343207.3316316993, 350126.3749764003]
Noised Result
[-4796.8865253885015, -3724.1356127746794, -4071.7690477769693, -3559.0609177369442, -4950.078058090945, -4244.102729166179, -4073.5164120656145, -3777.0252030299525, -3033.681742042542, -3094.731332249758, -5769.425834528176, -3473.609705027745, -3387.522170379052, -5611.757304405604, -3501.298986703722, -3531.9100779369674, -2829.080965044667, -3891.953625690101, -4145.163578764288, -3717.5858782726173, -4531.517269203568, -3475.5626909334214, -4747.636392127868, -3983.3632287186265, -4118.0155373548805]
Time
11.821502685546875
The result for the 15th execution is
Query Result
[365541.31464479957, 354595.01237649895, 355266.41305460193, 367146.95912100043, 350285.61253259995, 358930.7472158012, 335115.5118889009, 350842.7559774011, 341934.1614588988, 360109.82293700037, 364872.00455929915, 334897.3674181992, 377721.1868949996, 316781.7920492998, 322217.5306327995, 311377.1336412005, 321449.45382389985, 371200.0205161989, 362094.3465016991, 351387.0598025007, 366826.4801416996, 353692.87767350057, 341125.04411569936, 343207.3316316993, 350126.3749764003]
Noised Result
[-4061.560896549876, -3834.2947075452985, -3589.252234738984, -3458.1916224547504, -4033.106638574708, -3388.5476112552988, -4472.662369509331, -3907.2292447152304, -2081.728231265527, -4273.351169336492, -5298.712223468841, -4113.653796989338, -4420.694892573963, -3826.028056488545, -3800.1417805867886, -4013.0928503847363, -4002.3326821322635, -3432.3657621711936, -5028.347285996149, -3940.959036575745, -3985.9007592968046, -3317.9100442796307, -4072.98346891001, -4310.8120127423035, -4508.7428258390255]
Time
11.892763376235962
The result for the 16th execution is
Query Result
[365541.31464479957, 354595.01237649895, 355266.41305460193, 367146.95912100043, 350285.61253259995, 358930.7472158012, 335115.5118889009, 350842.7559774011, 341934.1614588988, 360109.82293700037, 364872.00455929915, 334897.3674181992, 377721.1868949996, 316781.7920492998, 322217.5306327995, 311377.1336412005, 321449.45382389985, 371200.0205161989, 362094.3465016991, 351387.0598025007, 366826.4801416996, 353692.87767350057, 341125.04411569936, 343207.3316316993, 350126.3749764003]
Noised Result
[-3822.608318836019, -4176.731855676108, -4000.2217312156254, -5423.998781171753, -4611.983798334891, -7022.660030746652, -4525.185642292173, -4583.33896897012, -3949.775143022629, -4584.513239272105, -3300.745920202922, -2689.996667393283, -2685.1697161132784, -4151.503599342353, -3942.946800286506, -5324.150638115844, -4326.261704417008, -3956.814856237601, -3665.442460232196, -4154.503415420181, -4061.9704599657452, -3641.796269120473, -3679.8801626017785, -3404.3141024811193, -4834.664259415049]
Time
11.589609861373901
The result for the 17th execution is
Query Result
[365541.31464479957, 354595.01237649895, 355266.41305460193, 367146.95912100043, 350285.61253259995, 358930.7472158012, 335115.5118889009, 350842.7559774011, 341934.1614588988, 360109.82293700037, 364872.00455929915, 334897.3674181992, 377721.1868949996, 316781.7920492998, 322217.5306327995, 311377.1336412005, 321449.45382389985, 371200.0205161989, 362094.3465016991, 351387.0598025007, 366826.4801416996, 353692.87767350057, 341125.04411569936, 343207.3316316993, 350126.3749764003]
Noised Result
[-3696.7641042640253, -4705.197126463941, -4263.770133769064, -3731.712996602785, -2282.8165623251425, -3364.096606895625, -4107.957061305857, -4036.262693709784, -3345.8825545180553, -4163.493218889182, -3952.510590980429, -4456.9264530058845, -4497.872212271983, -3516.689428941192, -4865.527395577813, -3865.5254659603534, -6160.138713393715, -4730.649829257874, -5043.4518278260075, -4000.465123357657, -4275.497117435217, -3867.3573225543187, -3373.9212849606847, -4345.2803132333975, -4744.3852015144475]
Time
11.984206676483154
The result for the 18th execution is
Query Result
[365541.31464479957, 354595.01237649895, 355266.41305460193, 367146.95912100043, 350285.61253259995, 358930.7472158012, 335115.5118889009, 350842.7559774011, 341934.1614588988, 360109.82293700037, 364872.00455929915, 334897.3674181992, 377721.1868949996, 316781.7920492998, 322217.5306327995, 311377.1336412005, 321449.45382389985, 371200.0205161989, 362094.3465016991, 351387.0598025007, 366826.4801416996, 353692.87767350057, 341125.04411569936, 343207.3316316993, 350126.3749764003]
Noised Result
[-1298.3776202500221, -3569.4109745753567, -4090.5238491404816, -4390.126809721629, -4695.736698820026, -4893.266798326449, -4219.186644741834, -4813.095840705964, -3402.2927651054133, -3787.994371935667, -2988.1792369706523, -5563.089429439369, -3794.311695052843, -4258.586392960441, -4539.545725265414, -5716.805380078818, -3882.164379497108, -2961.508080141469, -3436.3751575332817, -3553.902330310455, -3756.7140262428165, -4038.5339774368967, -4456.743057449623, -3992.9912413451784, -4338.850921834332]
Time
11.832361459732056
The result for the 19th execution is
Query Result
[365541.31464479957, 354595.01237649895, 355266.41305460193, 367146.95912100043, 350285.61253259995, 358930.7472158012, 335115.5118889009, 350842.7559774011, 341934.1614588988, 360109.82293700037, 364872.00455929915, 334897.3674181992, 377721.1868949996, 316781.7920492998, 322217.5306327995, 311377.1336412005, 321449.45382389985, 371200.0205161989, 362094.3465016991, 351387.0598025007, 366826.4801416996, 353692.87767350057, 341125.04411569936, 343207.3316316993, 350126.3749764003]
Noised Result
[-4820.932845286735, -5306.577370221425, -3940.7958554117604, -4444.187378753121, -4265.599747406572, -4629.3893610949535, -4670.3837078386105, -5285.683400411585, -4690.8367872600975, -3913.2381917676285, -3667.3606390137775, -2863.2610177191737, -4504.169141632056, -4136.079492296569, -4275.909541384165, -3911.391540772047, -5218.313318274156, -3066.2335447219925, -2982.8523331698534, -4152.753767488023, -5664.366693520081, -3407.4561813791515, -3095.873304515435, -4339.847914087279, -4073.532644447113]
Time
11.588102340698242
