The result for the 0th execution is
Query Result
[178785.7374441998, 174557.9006419002, 181130.7630288004, 178007.17005079967, 178629.31758949996, 183981.52651319987, 179508.7996199997, 182054.26327950045, 178433.18352369996, 180642.11739460056, 178696.36429789953, 179316.70240189988, 181096.2497966003, 180508.6027004996, 182030.6539569999, 184468.80146289954, 180275.23035500004, 179953.9629626, 173598.87351550037, 182313.25241839906, 178368.3961764003, 178718.52346579998, 180338.00750239936, 176499.9877864996, 184757.59741450014, 180573.7660357003, 177992.5390310998, 179124.12054029957, 180323.0249267001, 181473.55916239964, 182039.68933760046, 177833.91269379997, 183240.49122879942, 180618.9906626006, 181229.51971180082, 182358.42777890043, 174869.40165339998, 185311.45806310017, 184284.32333159973, 175125.19995449932, 180636.35561729936, 178430.37718429964, 178886.7568025999, 183465.09969600005, 180332.41804820052, 174354.03241559965, 175975.1614043996, 179908.0860250997, 182143.98752300013, 184142.4632920999]
Noised Result
[94789.71461052788, 83394.95702377579, 114745.63960467574, 112583.51947667668, 104323.18016667438, 109505.88423503353, 102359.76392669484, 106660.68955516853, 105362.95055699111, 107696.80858276098, 100424.60591627617, 102099.22441373639, 107304.59344359634, 95682.00060296632, 108778.86625815633, 117669.03619056637, 102326.87171036341, 94709.51993602779, 98300.4000295339, 107736.07063641737, 108066.81149966153, 114808.16556088705, 103051.45959994732, 91256.579166223, 106990.05416534143, 104181.18502140128, 113311.51105244696, 109890.52709638228, 107090.4309043571, 116501.99684301505, 106895.83689265927, 103307.55524727218, 108952.54111390549, 98519.17675846015, 102355.49092748566, 98165.01779459607, 98948.39054997673, 110111.64235833322, 98903.69245057524, 83730.26656460122, 108177.71598167226, 90895.14223184288, 107661.44280606159, 104728.78037111658, 91042.87063632006, 80762.68284683189, 89753.11995656443, 109292.3145932892, 112836.43820161514, 108032.04411692068]
Time
6.933066368103027
The result for the 1th execution is
Query Result
[178785.7374441998, 174557.9006419002, 181130.7630288004, 178007.17005079967, 178629.31758949996, 183981.52651319987, 179508.7996199997, 182054.26327950045, 178433.18352369996, 180642.11739460056, 178696.36429789953, 179316.70240189988, 181096.2497966003, 180508.6027004996, 182030.6539569999, 184468.80146289954, 180275.23035500004, 179953.9629626, 173598.87351550037, 182313.25241839906, 178368.3961764003, 178718.52346579998, 180338.00750239936, 176499.9877864996, 184757.59741450014, 180573.7660357003, 177992.5390310998, 179124.12054029957, 180323.0249267001, 181473.55916239964, 182039.68933760046, 177833.91269379997, 183240.49122879942, 180618.9906626006, 181229.51971180082, 182358.42777890043, 174869.40165339998, 185311.45806310017, 184284.32333159973, 175125.19995449932, 180636.35561729936, 178430.37718429964, 178886.7568025999, 183465.09969600005, 180332.41804820052, 174354.03241559965, 175975.1614043996, 179908.0860250997, 182143.98752300013, 184142.4632920999]
Noised Result
[90848.13761259151, 100049.46517556671, 100132.26364760222, 114890.7449823899, 107811.47074996663, 118252.93498359217, 107829.56148449845, 128981.65170788016, 102888.64952185952, 112160.51337264512, 112738.60347877254, 113540.02234956171, 96238.35329973203, 109233.06055635761, 115992.36346483123, 108256.81869408386, 111645.628390772, 113298.0103950555, 98449.77354052053, 107261.68193060212, 100814.91852029726, 115565.21563622878, 106060.44710374156, 106661.63632056388, 109354.815728658, 104476.84840513472, 105501.86369535397, 110964.67113333305, 112577.66417419605, 102957.37931759935, 99915.830026977, 96143.56184658456, 104522.59579758266, 94659.18325714585, 105893.66458031602, 119803.53616049624, 102061.94764895499, 111856.47670825882, 100613.71449944582, 103321.72940834906, 125160.46976234093, 102628.96683324447, 104908.5118574469, 114509.29511888782, 97122.34513784038, 98128.40102244806, 108328.11394362064, 107532.51409692239, 97420.90647482015, 112454.69078393941]
Time
7.044163227081299
The result for the 2th execution is
Query Result
[178785.7374441998, 174557.9006419002, 181130.7630288004, 178007.17005079967, 178629.31758949996, 183981.52651319987, 179508.7996199997, 182054.26327950045, 178433.18352369996, 180642.11739460056, 178696.36429789953, 179316.70240189988, 181096.2497966003, 180508.6027004996, 182030.6539569999, 184468.80146289954, 180275.23035500004, 179953.9629626, 173598.87351550037, 182313.25241839906, 178368.3961764003, 178718.52346579998, 180338.00750239936, 176499.9877864996, 184757.59741450014, 180573.7660357003, 177992.5390310998, 179124.12054029957, 180323.0249267001, 181473.55916239964, 182039.68933760046, 177833.91269379997, 183240.49122879942, 180618.9906626006, 181229.51971180082, 182358.42777890043, 174869.40165339998, 185311.45806310017, 184284.32333159973, 175125.19995449932, 180636.35561729936, 178430.37718429964, 178886.7568025999, 183465.09969600005, 180332.41804820052, 174354.03241559965, 175975.1614043996, 179908.0860250997, 182143.98752300013, 184142.4632920999]
Noised Result
[107614.40653491355, 86016.13441547696, 102248.97624699332, 98584.89488297765, 95236.12318307458, 110401.73712698865, 96458.39635177777, 96033.7417545935, 115920.26913916404, 102475.87434884232, 102024.50587177485, 103665.15676748207, 106405.29585696387, 109539.46863626692, 105181.57044978352, 114620.56303046028, 91863.81374824487, 107686.111296053, 106605.78884882526, 108928.59924471477, 97535.96907628015, 103309.45988963601, 98254.56837260474, 94753.86947645794, 112820.45762647851, 106046.98123420103, 99230.2097419832, 101936.88831799915, 110984.91626540155, 107509.14785362457, 105434.87187184836, 101415.66791929209, 113401.36930874873, 110615.85754674912, 85361.9520086151, 91009.11692572368, 95989.6167027246, 100954.45590563714, 114093.48717758594, 94609.64409381518, 86366.7872512947, 102732.73897928592, 120929.28818345818, 102566.22933325895, 104780.79699826274, 98659.95771631991, 106401.43422301949, 101726.75510855575, 109263.57387735022, 122558.0322521014]
Time
7.079417943954468
The result for the 3th execution is
Query Result
[178785.7374441998, 174557.9006419002, 181130.7630288004, 178007.17005079967, 178629.31758949996, 183981.52651319987, 179508.7996199997, 182054.26327950045, 178433.18352369996, 180642.11739460056, 178696.36429789953, 179316.70240189988, 181096.2497966003, 180508.6027004996, 182030.6539569999, 184468.80146289954, 180275.23035500004, 179953.9629626, 173598.87351550037, 182313.25241839906, 178368.3961764003, 178718.52346579998, 180338.00750239936, 176499.9877864996, 184757.59741450014, 180573.7660357003, 177992.5390310998, 179124.12054029957, 180323.0249267001, 181473.55916239964, 182039.68933760046, 177833.91269379997, 183240.49122879942, 180618.9906626006, 181229.51971180082, 182358.42777890043, 174869.40165339998, 185311.45806310017, 184284.32333159973, 175125.19995449932, 180636.35561729936, 178430.37718429964, 178886.7568025999, 183465.09969600005, 180332.41804820052, 174354.03241559965, 175975.1614043996, 179908.0860250997, 182143.98752300013, 184142.4632920999]
Noised Result
[105486.28039049002, 102732.68344177247, 89073.64835007772, 92774.07445720644, 105059.9013348218, 114482.12932313493, 131077.8211850834, 101458.63713335294, 113433.31262736466, 107482.65838336376, 105776.97027577076, 98983.35769271725, 90784.9259842612, 115887.70164696718, 87866.35131825678, 121666.29315632355, 101458.26027051956, 92537.69002256813, 103457.7977828597, 111136.2708156763, 92826.37647200923, 86968.97691457067, 105822.5828790271, 98210.31665194649, 114572.99971688232, 109640.53864091143, 101286.8519888162, 103411.63140241402, 101535.34412865974, 108988.54507206938, 108035.57651930457, 111992.0068690081, 107089.32629559484, 109345.8638286998, 92573.41263976114, 110723.89638897311, 99766.19541261427, 116414.32052411498, 108386.3469710593, 95709.2912642292, 109820.2984983034, 100113.43906508494, 103269.50636210026, 112227.66867225654, 105464.7740208965, 93076.83258366943, 89767.17994841663, 89432.48128678495, 104113.68453270204, 111523.85708141736]
Time
6.8249571323394775
The result for the 4th execution is
Query Result
[178785.7374441998, 174557.9006419002, 181130.7630288004, 178007.17005079967, 178629.31758949996, 183981.52651319987, 179508.7996199997, 182054.26327950045, 178433.18352369996, 180642.11739460056, 178696.36429789953, 179316.70240189988, 181096.2497966003, 180508.6027004996, 182030.6539569999, 184468.80146289954, 180275.23035500004, 179953.9629626, 173598.87351550037, 182313.25241839906, 178368.3961764003, 178718.52346579998, 180338.00750239936, 176499.9877864996, 184757.59741450014, 180573.7660357003, 177992.5390310998, 179124.12054029957, 180323.0249267001, 181473.55916239964, 182039.68933760046, 177833.91269379997, 183240.49122879942, 180618.9906626006, 181229.51971180082, 182358.42777890043, 174869.40165339998, 185311.45806310017, 184284.32333159973, 175125.19995449932, 180636.35561729936, 178430.37718429964, 178886.7568025999, 183465.09969600005, 180332.41804820052, 174354.03241559965, 175975.1614043996, 179908.0860250997, 182143.98752300013, 184142.4632920999]
Noised Result
[97315.77249870534, 93493.29421593223, 110136.04102282021, 106122.40518383832, 94419.55929600533, 102835.28434401924, 104420.34177223999, 112542.7184614463, 105272.46303704711, 106959.89907364637, 110742.16693094955, 97657.55543612264, 143189.6230930947, 110252.57109645603, 100784.18493532481, 109465.38299454417, 95659.5068297328, 109612.58205096278, 97842.42525851904, 94179.495748621, 85882.76561994472, 106044.355622476, 120731.59052348018, 87018.01551109683, 108092.04139814776, 105081.72074904462, 117677.11036660918, 95150.09686474288, 113758.54567239559, 118520.04786746521, 109422.54860401913, 101340.13214735274, 106025.61774883544, 99098.9083001715, 99168.90723261276, 115523.74721800693, 99460.97671335956, 106782.54231873287, 109275.29525545196, 99801.95676562443, 97892.87028161851, 101391.36306404804, 102977.55471944215, 101767.94942071401, 104855.6385135543, 104138.43637181635, 129628.14695556316, 115097.37547454746, 111999.37480024886, 113472.02431521143]
Time
6.829241991043091
The result for the 5th execution is
Query Result
[178785.7374441998, 174557.9006419002, 181130.7630288004, 178007.17005079967, 178629.31758949996, 183981.52651319987, 179508.7996199997, 182054.26327950045, 178433.18352369996, 180642.11739460056, 178696.36429789953, 179316.70240189988, 181096.2497966003, 180508.6027004996, 182030.6539569999, 184468.80146289954, 180275.23035500004, 179953.9629626, 173598.87351550037, 182313.25241839906, 178368.3961764003, 178718.52346579998, 180338.00750239936, 176499.9877864996, 184757.59741450014, 180573.7660357003, 177992.5390310998, 179124.12054029957, 180323.0249267001, 181473.55916239964, 182039.68933760046, 177833.91269379997, 183240.49122879942, 180618.9906626006, 181229.51971180082, 182358.42777890043, 174869.40165339998, 185311.45806310017, 184284.32333159973, 175125.19995449932, 180636.35561729936, 178430.37718429964, 178886.7568025999, 183465.09969600005, 180332.41804820052, 174354.03241559965, 175975.1614043996, 179908.0860250997, 182143.98752300013, 184142.4632920999]
Noised Result
[104360.19107252527, 126333.60949036063, 105979.5125979724, 107715.50700681399, 119696.94516884946, 101806.65559686221, 102632.64975015642, 90161.180811295, 101510.3074388215, 102198.04824237166, 105109.30770168241, 103657.67986522445, 99107.84850507231, 104735.22263713012, 94725.70120509723, 112846.14733123026, 103041.03281000128, 94709.8131954399, 95177.22801888044, 103133.05381238103, 103551.59691232683, 110000.43915716246, 119440.19453472483, 110954.8246747838, 92393.09998776024, 106703.24687718728, 96442.41354648679, 95481.10190951855, 114182.51106578941, 99698.23859498506, 100251.55058725238, 92490.05690867119, 107061.83090378676, 104596.0367479706, 93512.34815663047, 107854.00024495112, 99346.84796200556, 108566.33577096174, 117419.16001201591, 111498.70718476018, 123009.60418105821, 100225.0359518938, 105116.5898653845, 104049.89299731572, 93690.20068317812, 94554.98192786117, 116841.73395497572, 110383.789589631, 106121.26145798672, 106856.37868726114]
Time
6.87607216835022
The result for the 6th execution is
Query Result
[178785.7374441998, 174557.9006419002, 181130.7630288004, 178007.17005079967, 178629.31758949996, 183981.52651319987, 179508.7996199997, 182054.26327950045, 178433.18352369996, 180642.11739460056, 178696.36429789953, 179316.70240189988, 181096.2497966003, 180508.6027004996, 182030.6539569999, 184468.80146289954, 180275.23035500004, 179953.9629626, 173598.87351550037, 182313.25241839906, 178368.3961764003, 178718.52346579998, 180338.00750239936, 176499.9877864996, 184757.59741450014, 180573.7660357003, 177992.5390310998, 179124.12054029957, 180323.0249267001, 181473.55916239964, 182039.68933760046, 177833.91269379997, 183240.49122879942, 180618.9906626006, 181229.51971180082, 182358.42777890043, 174869.40165339998, 185311.45806310017, 184284.32333159973, 175125.19995449932, 180636.35561729936, 178430.37718429964, 178886.7568025999, 183465.09969600005, 180332.41804820052, 174354.03241559965, 175975.1614043996, 179908.0860250997, 182143.98752300013, 184142.4632920999]
Noised Result
[104968.3120993924, 110901.79781941563, 113873.76762309088, 106389.83206845017, 93611.6763370569, 110800.891451626, 107791.95333761699, 120453.04260784756, 95216.81399543244, 103605.0072065934, 92032.57100761605, 109754.24175931478, 115320.07849986144, 113563.57537256723, 112253.92809233596, 119999.23360798805, 98356.51393996477, 95881.97794172773, 104753.89416037078, 107607.81216782265, 106523.56891577176, 99196.32006981621, 112299.60330872923, 111584.95198459721, 118131.05522205349, 88835.67863397114, 153565.19135031122, 122403.67241405684, 100949.57426054007, 104421.08921106323, 105489.13115289317, 108659.94261022101, 103392.96197350025, 105572.55157904587, 100927.45162082666, 104363.14592112639, 120764.80841451243, 111010.09879447002, 107626.4366764302, 99740.12143370864, 98699.01191493681, 99174.58283607331, 102745.01306665222, 109464.70766895912, 94860.89126475452, 99377.20226425587, 94508.12594898272, 116263.9156159109, 104465.45367738967, 109951.92381456262]
Time
6.926912784576416
The result for the 7th execution is
Query Result
[178785.7374441998, 174557.9006419002, 181130.7630288004, 178007.17005079967, 178629.31758949996, 183981.52651319987, 179508.7996199997, 182054.26327950045, 178433.18352369996, 180642.11739460056, 178696.36429789953, 179316.70240189988, 181096.2497966003, 180508.6027004996, 182030.6539569999, 184468.80146289954, 180275.23035500004, 179953.9629626, 173598.87351550037, 182313.25241839906, 178368.3961764003, 178718.52346579998, 180338.00750239936, 176499.9877864996, 184757.59741450014, 180573.7660357003, 177992.5390310998, 179124.12054029957, 180323.0249267001, 181473.55916239964, 182039.68933760046, 177833.91269379997, 183240.49122879942, 180618.9906626006, 181229.51971180082, 182358.42777890043, 174869.40165339998, 185311.45806310017, 184284.32333159973, 175125.19995449932, 180636.35561729936, 178430.37718429964, 178886.7568025999, 183465.09969600005, 180332.41804820052, 174354.03241559965, 175975.1614043996, 179908.0860250997, 182143.98752300013, 184142.4632920999]
Noised Result
[106221.38868326205, 92151.06842062667, 103119.93297605006, 98323.7333373017, 103387.58680768454, 105144.53026192434, 149768.7104665501, 108401.74638333514, 104049.04263572581, 115243.38031922546, 93044.32035576488, 98673.98171012847, 108850.57639774994, 108018.54588935862, 103310.51161792481, 100302.94206515492, 102960.16225356949, 97273.90112409332, 94181.1788544933, 105177.38729389507, 97641.62876526423, 111358.43671902598, 97256.14166556904, 123974.05500156301, 111002.17336425526, 117746.31758287933, 103932.2261960279, 95363.76138284696, 110743.77760794845, 113081.85538683852, 103895.89430045156, 111166.65880217042, 107145.02122976693, 103994.12093421923, 103214.98618586708, 103907.95759427828, 105314.24757252721, 93853.35136496127, 134986.70388380036, 103521.0490065412, 102131.93230123306, 96838.55777668889, 103594.63811645328, 109533.54391569967, 89994.34887764913, 92280.05690681314, 92917.76901653803, 102032.64263863889, 93866.26888771253, 105270.34034446016]
Time
6.828571319580078
The result for the 8th execution is
Query Result
[178785.7374441998, 174557.9006419002, 181130.7630288004, 178007.17005079967, 178629.31758949996, 183981.52651319987, 179508.7996199997, 182054.26327950045, 178433.18352369996, 180642.11739460056, 178696.36429789953, 179316.70240189988, 181096.2497966003, 180508.6027004996, 182030.6539569999, 184468.80146289954, 180275.23035500004, 179953.9629626, 173598.87351550037, 182313.25241839906, 178368.3961764003, 178718.52346579998, 180338.00750239936, 176499.9877864996, 184757.59741450014, 180573.7660357003, 177992.5390310998, 179124.12054029957, 180323.0249267001, 181473.55916239964, 182039.68933760046, 177833.91269379997, 183240.49122879942, 180618.9906626006, 181229.51971180082, 182358.42777890043, 174869.40165339998, 185311.45806310017, 184284.32333159973, 175125.19995449932, 180636.35561729936, 178430.37718429964, 178886.7568025999, 183465.09969600005, 180332.41804820052, 174354.03241559965, 175975.1614043996, 179908.0860250997, 182143.98752300013, 184142.4632920999]
Noised Result
[98703.36424303436, 88235.87922625442, 110476.94328472715, 99266.69233088789, 107109.25335757536, 100849.92931574585, 88897.09222284799, 117126.34977227397, 106225.87595321969, 104577.72411721319, 110100.21970215082, 103410.60646425094, 107803.99891886662, 122865.32011753606, 113299.85013294371, 98606.55867924471, 95909.23506110373, 100517.95342392773, 101765.84847455868, 108474.62246878487, 99851.96421637693, 106750.67277071989, 104247.3676169548, 101427.30619208529, 112331.44899951288, 106680.69455630062, 101271.49145087982, 114060.9497289783, 114456.19254734887, 115287.81828421952, 111704.19401211193, 95627.01105570189, 106948.47784521757, 100604.31043815892, 122861.6280311241, 92741.80481143101, 90904.25771895035, 124286.66143244476, 139452.59677984857, 94303.11654499176, 126675.55180868747, 113199.52964109746, 106495.81890904708, 101387.35021925991, 92185.67825579419, 96165.84753757942, 101877.21568960109, 98849.27329547642, 89996.71495702156, 119408.01480882756]
Time
6.997634410858154
The result for the 9th execution is
Query Result
[178785.7374441998, 174557.9006419002, 181130.7630288004, 178007.17005079967, 178629.31758949996, 183981.52651319987, 179508.7996199997, 182054.26327950045, 178433.18352369996, 180642.11739460056, 178696.36429789953, 179316.70240189988, 181096.2497966003, 180508.6027004996, 182030.6539569999, 184468.80146289954, 180275.23035500004, 179953.9629626, 173598.87351550037, 182313.25241839906, 178368.3961764003, 178718.52346579998, 180338.00750239936, 176499.9877864996, 184757.59741450014, 180573.7660357003, 177992.5390310998, 179124.12054029957, 180323.0249267001, 181473.55916239964, 182039.68933760046, 177833.91269379997, 183240.49122879942, 180618.9906626006, 181229.51971180082, 182358.42777890043, 174869.40165339998, 185311.45806310017, 184284.32333159973, 175125.19995449932, 180636.35561729936, 178430.37718429964, 178886.7568025999, 183465.09969600005, 180332.41804820052, 174354.03241559965, 175975.1614043996, 179908.0860250997, 182143.98752300013, 184142.4632920999]
Noised Result
[103829.12988040899, 94451.99140052001, 97030.89086507545, 89346.42797345096, 112011.25014645062, 104459.70544603275, 113972.16213248527, 99747.39316498519, 97599.355041364, 108871.20489715517, 103647.6702892483, 94203.74284072392, 111827.77152524478, 114132.8209997878, 104041.72358628816, 106877.25232839276, 101254.56289982311, 102887.02666390709, 92179.68199003214, 107815.1436561135, 101282.82306838631, 105598.99175498336, 110220.02131220463, 117797.47892357997, 104685.10216362185, 84618.52542734481, 130076.2317678428, 98868.12459131211, 101231.30549248014, 125120.70362673765, 124522.84241508115, 100547.15666130207, 136431.89838647115, 93860.67009846831, 111481.02858712601, 97711.59555594549, 99633.61347571953, 94242.19399760388, 93420.72644025461, 100646.56660463875, 97459.94592008971, 111158.86662642074, 94712.36353196748, 105128.0434265439, 107173.56486467173, 98286.90820901188, 119160.21179532276, 104212.88044301751, 105011.57883587337, 105573.3487151278]
Time
7.122950792312622
The result for the 10th execution is
Query Result
[178785.7374441998, 174557.9006419002, 181130.7630288004, 178007.17005079967, 178629.31758949996, 183981.52651319987, 179508.7996199997, 182054.26327950045, 178433.18352369996, 180642.11739460056, 178696.36429789953, 179316.70240189988, 181096.2497966003, 180508.6027004996, 182030.6539569999, 184468.80146289954, 180275.23035500004, 179953.9629626, 173598.87351550037, 182313.25241839906, 178368.3961764003, 178718.52346579998, 180338.00750239936, 176499.9877864996, 184757.59741450014, 180573.7660357003, 177992.5390310998, 179124.12054029957, 180323.0249267001, 181473.55916239964, 182039.68933760046, 177833.91269379997, 183240.49122879942, 180618.9906626006, 181229.51971180082, 182358.42777890043, 174869.40165339998, 185311.45806310017, 184284.32333159973, 175125.19995449932, 180636.35561729936, 178430.37718429964, 178886.7568025999, 183465.09969600005, 180332.41804820052, 174354.03241559965, 175975.1614043996, 179908.0860250997, 182143.98752300013, 184142.4632920999]
Noised Result
[89343.38944301695, 93117.0000034922, 111279.9964324865, 88050.83734465553, 92197.57295001166, 100527.9947187754, 95738.14868320373, 111717.10902044678, 92192.71743351761, 110340.44052091488, 110032.36649325863, 103663.4515562357, 112388.44820250274, 105825.45583645403, 122802.79893389024, 113749.84644803245, 102451.8292287176, 106786.19240068567, 132300.3821994541, 113399.9967739984, 90087.05547558876, 106636.49925544126, 122136.33643505296, 87861.49323146517, 108124.36138311602, 82638.25230448063, 103177.06893689372, 100383.41368837487, 102316.56849475876, 104484.94135217993, 108379.28534922839, 103209.22226091143, 108836.50793502151, 92836.79597271397, 93522.28943643678, 106598.32057087703, 118228.26877016817, 132919.89462952228, 104937.47145071854, 94451.44985856887, 99699.49099188524, 105980.26390953106, 92802.80009718085, 115852.72303164184, 93258.09673177588, 93192.76265787732, 104254.79381670631, 87326.0109715964, 121108.7040485545, 109608.36892393949]
Time
6.989605903625488
The result for the 11th execution is
Query Result
[178785.7374441998, 174557.9006419002, 181130.7630288004, 178007.17005079967, 178629.31758949996, 183981.52651319987, 179508.7996199997, 182054.26327950045, 178433.18352369996, 180642.11739460056, 178696.36429789953, 179316.70240189988, 181096.2497966003, 180508.6027004996, 182030.6539569999, 184468.80146289954, 180275.23035500004, 179953.9629626, 173598.87351550037, 182313.25241839906, 178368.3961764003, 178718.52346579998, 180338.00750239936, 176499.9877864996, 184757.59741450014, 180573.7660357003, 177992.5390310998, 179124.12054029957, 180323.0249267001, 181473.55916239964, 182039.68933760046, 177833.91269379997, 183240.49122879942, 180618.9906626006, 181229.51971180082, 182358.42777890043, 174869.40165339998, 185311.45806310017, 184284.32333159973, 175125.19995449932, 180636.35561729936, 178430.37718429964, 178886.7568025999, 183465.09969600005, 180332.41804820052, 174354.03241559965, 175975.1614043996, 179908.0860250997, 182143.98752300013, 184142.4632920999]
Noised Result
[98385.04562876181, 98854.21812914815, 91424.52703620435, 115876.12012864719, 104586.39302884183, 129386.96212918026, 108805.37158644828, 133249.81161391846, 89989.26511249748, 106783.49957983401, 102777.78293858486, 98412.69094374875, 112714.51379068238, 124140.91417319354, 127680.151629944, 103116.82715361236, 110288.81634020279, 107880.33850029286, 100501.6789970068, 111286.1559222665, 107654.80329710546, 102993.55527335656, 100772.47378040536, 102031.63675478188, 144550.070140658, 108797.72054953303, 106930.44989081418, 102471.07445402397, 107321.72095782249, 106920.72521801853, 113536.63119831924, 148344.70975762414, 107186.63837982458, 96296.65568195182, 110050.01855763012, 90342.94665119791, 119641.36711287321, 115835.03487661273, 121659.33299337683, 99693.85686278739, 113037.86096685896, 138027.39568414405, 140204.14777782076, 115495.76211455477, 123565.33020519733, 101689.47752260436, 100062.87987633064, 82854.51633452057, 114025.89976905618, 89655.50527821746]
Time
7.016389846801758
The result for the 12th execution is
Query Result
[178785.7374441998, 174557.9006419002, 181130.7630288004, 178007.17005079967, 178629.31758949996, 183981.52651319987, 179508.7996199997, 182054.26327950045, 178433.18352369996, 180642.11739460056, 178696.36429789953, 179316.70240189988, 181096.2497966003, 180508.6027004996, 182030.6539569999, 184468.80146289954, 180275.23035500004, 179953.9629626, 173598.87351550037, 182313.25241839906, 178368.3961764003, 178718.52346579998, 180338.00750239936, 176499.9877864996, 184757.59741450014, 180573.7660357003, 177992.5390310998, 179124.12054029957, 180323.0249267001, 181473.55916239964, 182039.68933760046, 177833.91269379997, 183240.49122879942, 180618.9906626006, 181229.51971180082, 182358.42777890043, 174869.40165339998, 185311.45806310017, 184284.32333159973, 175125.19995449932, 180636.35561729936, 178430.37718429964, 178886.7568025999, 183465.09969600005, 180332.41804820052, 174354.03241559965, 175975.1614043996, 179908.0860250997, 182143.98752300013, 184142.4632920999]
Noised Result
[104660.71385902226, 93833.54074141862, 113157.3325362011, 103062.56763439444, 90484.99073161348, 107939.0115707665, 106489.3382119494, 91275.08263317305, 105240.80834980852, 111955.48576806017, 110516.64666124989, 103181.09544137878, 96464.76877584573, 110923.07051783314, 115349.73252294265, 123597.3056233005, 104849.38948718965, 109212.20496332811, 111053.38771915084, 117424.52610084438, 114051.76482136901, 130835.02662606613, 106764.84303736346, 99514.05178387828, 90885.73444645632, 102162.73967799114, 104194.94582944036, 112341.25972689447, 90156.3482452459, 98332.56977873191, 84368.76797689326, 98747.87383308526, 99777.07330816962, 105238.3338644916, 86976.9642100391, 100065.07002769657, 105647.94257631773, 110068.40788310445, 112708.09300383317, 98328.34851021743, 103249.7396294897, 92597.57965410136, 91302.01519040068, 122821.1953203969, 102596.5562458953, 100273.63507059005, 85104.41176767109, 106783.39189577813, 108867.21779918775, 106115.68304145656]
Time
6.921104907989502
The result for the 13th execution is
Query Result
[178785.7374441998, 174557.9006419002, 181130.7630288004, 178007.17005079967, 178629.31758949996, 183981.52651319987, 179508.7996199997, 182054.26327950045, 178433.18352369996, 180642.11739460056, 178696.36429789953, 179316.70240189988, 181096.2497966003, 180508.6027004996, 182030.6539569999, 184468.80146289954, 180275.23035500004, 179953.9629626, 173598.87351550037, 182313.25241839906, 178368.3961764003, 178718.52346579998, 180338.00750239936, 176499.9877864996, 184757.59741450014, 180573.7660357003, 177992.5390310998, 179124.12054029957, 180323.0249267001, 181473.55916239964, 182039.68933760046, 177833.91269379997, 183240.49122879942, 180618.9906626006, 181229.51971180082, 182358.42777890043, 174869.40165339998, 185311.45806310017, 184284.32333159973, 175125.19995449932, 180636.35561729936, 178430.37718429964, 178886.7568025999, 183465.09969600005, 180332.41804820052, 174354.03241559965, 175975.1614043996, 179908.0860250997, 182143.98752300013, 184142.4632920999]
Noised Result
[103014.04008408682, 102745.13063025521, 124737.51600397725, 104236.54069821663, 103178.9733465528, 111341.44115273858, 95045.79493147958, 105717.71624333826, 108963.50578707832, 105100.2034648286, 105985.93805713372, 126397.6686998769, 111194.92253154384, 107494.78438020115, 115662.15346411371, 104358.85408147873, 104896.1610609348, 97538.03829734783, 92864.84924385989, 102500.49861358412, 95860.34618508331, 105292.28032223324, 103312.79198520722, 105976.75063270598, 103692.47599443309, 104854.71462877451, 100740.54382287401, 104865.82533292602, 102759.30283946342, 105357.01812096343, 107638.42320133645, 104593.45557319735, 121992.85556619074, 99819.96211040216, 116002.59612130122, 105946.7175762635, 106737.8888205563, 109640.94255526848, 115728.07886093788, 100792.38155947621, 101018.0634344274, 93343.08407276717, 106082.19817672987, 91117.89453101557, 105128.96058203441, 87861.13676692502, 106867.3339540766, 96379.82273243795, 116878.00791236898, 103196.24913568789]
Time
6.883575916290283
The result for the 14th execution is
Query Result
[178785.7374441998, 174557.9006419002, 181130.7630288004, 178007.17005079967, 178629.31758949996, 183981.52651319987, 179508.7996199997, 182054.26327950045, 178433.18352369996, 180642.11739460056, 178696.36429789953, 179316.70240189988, 181096.2497966003, 180508.6027004996, 182030.6539569999, 184468.80146289954, 180275.23035500004, 179953.9629626, 173598.87351550037, 182313.25241839906, 178368.3961764003, 178718.52346579998, 180338.00750239936, 176499.9877864996, 184757.59741450014, 180573.7660357003, 177992.5390310998, 179124.12054029957, 180323.0249267001, 181473.55916239964, 182039.68933760046, 177833.91269379997, 183240.49122879942, 180618.9906626006, 181229.51971180082, 182358.42777890043, 174869.40165339998, 185311.45806310017, 184284.32333159973, 175125.19995449932, 180636.35561729936, 178430.37718429964, 178886.7568025999, 183465.09969600005, 180332.41804820052, 174354.03241559965, 175975.1614043996, 179908.0860250997, 182143.98752300013, 184142.4632920999]
Noised Result
[111096.69224208136, 88537.16700921432, 89128.07350943371, 104407.3140330436, 105836.84751608717, 112473.12095553135, 116856.52488517924, 106287.45259866746, 92569.76194620595, 112099.32609765598, 106941.83064064762, 101423.1255129035, 109858.99543412062, 103891.40090901707, 110104.93639156714, 114175.8206174898, 84893.46890486157, 111999.2299666308, 96991.01508720286, 97855.12622465196, 94054.25652074358, 101826.43700297689, 98987.61428916111, 132312.72459130696, 104402.93850392933, 104592.62006562774, 100418.04058448809, 111757.68124306267, 90538.51984950747, 120187.53608202384, 96041.3031248503, 116547.5530474741, 89053.68309732612, 106468.99736386244, 108023.9193496818, 113321.97195612892, 110356.01088828925, 145318.22432383284, 82242.08504380537, 102005.90450270692, 97485.15398105617, 93013.31646938078, 109235.45915682102, 106049.8601163565, 98398.11240113621, 105986.60021053629, 101068.86283785464, 105658.68408305348, 87872.946826301, 106079.51917516805]
Time
7.027344703674316
The result for the 15th execution is
Query Result
[178785.7374441998, 174557.9006419002, 181130.7630288004, 178007.17005079967, 178629.31758949996, 183981.52651319987, 179508.7996199997, 182054.26327950045, 178433.18352369996, 180642.11739460056, 178696.36429789953, 179316.70240189988, 181096.2497966003, 180508.6027004996, 182030.6539569999, 184468.80146289954, 180275.23035500004, 179953.9629626, 173598.87351550037, 182313.25241839906, 178368.3961764003, 178718.52346579998, 180338.00750239936, 176499.9877864996, 184757.59741450014, 180573.7660357003, 177992.5390310998, 179124.12054029957, 180323.0249267001, 181473.55916239964, 182039.68933760046, 177833.91269379997, 183240.49122879942, 180618.9906626006, 181229.51971180082, 182358.42777890043, 174869.40165339998, 185311.45806310017, 184284.32333159973, 175125.19995449932, 180636.35561729936, 178430.37718429964, 178886.7568025999, 183465.09969600005, 180332.41804820052, 174354.03241559965, 175975.1614043996, 179908.0860250997, 182143.98752300013, 184142.4632920999]
Noised Result
[96846.39360897223, 97293.35322515854, 104567.92325601206, 106688.37736444714, 107211.11308594103, 117086.81339208104, 115629.27160574554, 104264.83382350107, 109289.22233692808, 105762.74658776066, 93646.29836798336, 101141.18115019423, 100044.62229393181, 121716.33503995553, 122014.41012252732, 111380.07787239442, 121718.33951810595, 118639.41251556072, 89855.61793475403, 132797.98974306413, 118542.87795017971, 111548.05615377257, 105978.83705111624, 106998.640776841, 92680.0312683026, 109820.72912614689, 97590.11713545471, 84715.00449721055, 108787.38876068214, 95051.32235080967, 111741.24923845398, 123346.43586969227, 127927.7430879846, 98648.11576702127, 113374.64615331752, 104852.56904471289, 89578.00036934331, 97384.67498426279, 113747.43886271269, 100913.0388241903, 98580.08822909178, 106883.6424761933, 96654.9724656812, 93052.42893844814, 100190.36389652836, 132443.1659016437, 94789.68675596858, 105013.72369533432, 118598.05926291866, 97667.75764129279]
Time
6.9283177852630615
The result for the 16th execution is
Query Result
[178785.7374441998, 174557.9006419002, 181130.7630288004, 178007.17005079967, 178629.31758949996, 183981.52651319987, 179508.7996199997, 182054.26327950045, 178433.18352369996, 180642.11739460056, 178696.36429789953, 179316.70240189988, 181096.2497966003, 180508.6027004996, 182030.6539569999, 184468.80146289954, 180275.23035500004, 179953.9629626, 173598.87351550037, 182313.25241839906, 178368.3961764003, 178718.52346579998, 180338.00750239936, 176499.9877864996, 184757.59741450014, 180573.7660357003, 177992.5390310998, 179124.12054029957, 180323.0249267001, 181473.55916239964, 182039.68933760046, 177833.91269379997, 183240.49122879942, 180618.9906626006, 181229.51971180082, 182358.42777890043, 174869.40165339998, 185311.45806310017, 184284.32333159973, 175125.19995449932, 180636.35561729936, 178430.37718429964, 178886.7568025999, 183465.09969600005, 180332.41804820052, 174354.03241559965, 175975.1614043996, 179908.0860250997, 182143.98752300013, 184142.4632920999]
Noised Result
[106848.66016553162, 86443.58934256103, 111291.20867908775, 109787.64714970664, 84563.89291008441, 115317.05530349325, 105474.10671934122, 102825.77837454769, 95502.19125896657, 102605.30316767198, 99018.09726259692, 107329.02476674909, 92219.43298403079, 130675.7313559859, 129668.69081189932, 144630.04462072038, 103051.6594542642, 99494.41287538194, 106233.29470567955, 116137.63303491984, 102394.17891732689, 119421.56909987934, 97960.26745277228, 98190.96378174568, 115611.30376650591, 111589.9104185744, 109549.84820681316, 112104.39418443083, 104303.11296836354, 132527.1587086943, 105849.2000240152, 95654.86561703739, 102561.68896372443, 116921.17235838766, 104106.96336171121, 106501.25755858659, 88374.86115479919, 114336.4033689156, 98600.27279162807, 103892.24800223802, 106290.83590058248, 99768.03990742646, 105531.62440591521, 117201.95059263054, 96221.2466500808, 95121.46972113974, 100689.79469765408, 102360.90112676025, 114137.85316169464, 116373.05870137174]
Time
6.999706268310547
The result for the 17th execution is
Query Result
[178785.7374441998, 174557.9006419002, 181130.7630288004, 178007.17005079967, 178629.31758949996, 183981.52651319987, 179508.7996199997, 182054.26327950045, 178433.18352369996, 180642.11739460056, 178696.36429789953, 179316.70240189988, 181096.2497966003, 180508.6027004996, 182030.6539569999, 184468.80146289954, 180275.23035500004, 179953.9629626, 173598.87351550037, 182313.25241839906, 178368.3961764003, 178718.52346579998, 180338.00750239936, 176499.9877864996, 184757.59741450014, 180573.7660357003, 177992.5390310998, 179124.12054029957, 180323.0249267001, 181473.55916239964, 182039.68933760046, 177833.91269379997, 183240.49122879942, 180618.9906626006, 181229.51971180082, 182358.42777890043, 174869.40165339998, 185311.45806310017, 184284.32333159973, 175125.19995449932, 180636.35561729936, 178430.37718429964, 178886.7568025999, 183465.09969600005, 180332.41804820052, 174354.03241559965, 175975.1614043996, 179908.0860250997, 182143.98752300013, 184142.4632920999]
Noised Result
[107278.93987383976, 100386.15250096946, 113885.36701201595, 113403.86159600475, 112995.95040232697, 121054.82859617901, 109807.43931157031, 97606.48424186866, 117522.21338034695, 106475.05899766216, 85433.17454088965, 107917.24441142866, 103025.48558764717, 94473.3129979075, 114468.69605376455, 115244.13706700067, 95007.78325981325, 101394.87318155792, 71626386.1546445, 91863.93396170864, 97319.43392279067, 122233.63509167891, 108553.78131343998, 109240.99001886373, 106276.93544538884, 103809.99452751463, 110397.10713250037, 106297.73001004962, 100878.39328022285, 95482.74257665203, 112683.48909962093, 107281.13163384321, 121348.67972469266, 102894.0476169236, 102702.54143698188, 108678.74245320364, 104464.92593181302, 121646.22964449215, 102516.00920151458, 105676.03347015304, 112475.30256457024, 100751.73410312721, 96187.34861871361, 125611.28886280427, 114953.52494949992, 110120.23117463729, 105565.99094031774, 105127.30591935638, 111228.12449370931, 120668.64870414152]
Time
6.973245859146118
The result for the 18th execution is
Query Result
[178785.7374441998, 174557.9006419002, 181130.7630288004, 178007.17005079967, 178629.31758949996, 183981.52651319987, 179508.7996199997, 182054.26327950045, 178433.18352369996, 180642.11739460056, 178696.36429789953, 179316.70240189988, 181096.2497966003, 180508.6027004996, 182030.6539569999, 184468.80146289954, 180275.23035500004, 179953.9629626, 173598.87351550037, 182313.25241839906, 178368.3961764003, 178718.52346579998, 180338.00750239936, 176499.9877864996, 184757.59741450014, 180573.7660357003, 177992.5390310998, 179124.12054029957, 180323.0249267001, 181473.55916239964, 182039.68933760046, 177833.91269379997, 183240.49122879942, 180618.9906626006, 181229.51971180082, 182358.42777890043, 174869.40165339998, 185311.45806310017, 184284.32333159973, 175125.19995449932, 180636.35561729936, 178430.37718429964, 178886.7568025999, 183465.09969600005, 180332.41804820052, 174354.03241559965, 175975.1614043996, 179908.0860250997, 182143.98752300013, 184142.4632920999]
Noised Result
[108693.7983247921, 98614.79748695403, 102412.09915691002, 108772.14081602443, 100720.0133941895, 135086.02134525264, 103162.50929737597, 90143.47221109163, 109630.07040654091, 108843.75852230345, 103063.95412261842, 121479.45919892236, 93783.15612580662, 107275.32375938701, 135406.30364703294, 113519.70366331616, 122656.1820097894, 106963.03823200168, 95595.28276260635, 124022.97731547266, 121703.51456683874, 115133.96320115676, 107580.2951041515, 100608.21368811582, 90807.92009805416, 108130.19484267679, 107852.54432222681, 107814.62673667131, 101235.12879431722, 108856.3866944323, 94071.1894171451, 98676.2495985378, 108557.61870738743, 86840.84354344233, 102542.27523429532, 98058.83105234435, 97578.33289391891, 112744.1146671215, 99229.69298215603, 109279.4268927361, 108902.17823640828, 106668.63968768512, 94441.09416782549, 95996.84532166479, 99216.91241243032, 87163.937275103, 99922.57037551385, 103555.8019921729, 103394.74006304175, 107000.54158288828]
Time
6.981947660446167
The result for the 19th execution is
Query Result
[178785.7374441998, 174557.9006419002, 181130.7630288004, 178007.17005079967, 178629.31758949996, 183981.52651319987, 179508.7996199997, 182054.26327950045, 178433.18352369996, 180642.11739460056, 178696.36429789953, 179316.70240189988, 181096.2497966003, 180508.6027004996, 182030.6539569999, 184468.80146289954, 180275.23035500004, 179953.9629626, 173598.87351550037, 182313.25241839906, 178368.3961764003, 178718.52346579998, 180338.00750239936, 176499.9877864996, 184757.59741450014, 180573.7660357003, 177992.5390310998, 179124.12054029957, 180323.0249267001, 181473.55916239964, 182039.68933760046, 177833.91269379997, 183240.49122879942, 180618.9906626006, 181229.51971180082, 182358.42777890043, 174869.40165339998, 185311.45806310017, 184284.32333159973, 175125.19995449932, 180636.35561729936, 178430.37718429964, 178886.7568025999, 183465.09969600005, 180332.41804820052, 174354.03241559965, 175975.1614043996, 179908.0860250997, 182143.98752300013, 184142.4632920999]
Noised Result
[93602.21066103945, 104238.7251787668, 139056.00207771306, 99804.79097567123, 111139.09745501315, 108238.99872638611, 91904.7886500599, 109839.29733356673, 103290.11465736797, 89486.5564665359, 106001.52573788771, 95837.43115657139, 115090.02251222689, 94331.05249480213, 108343.42142053905, 119410.50219886398, 127853.13144017235, 127628.68909916987, 96018.45798548033, 115054.41060005115, 93921.79584652842, 96249.29763042089, 94790.24425934815, 98859.40878052228, 105968.97163211377, 146295.34397216907, 100337.7053121962, 104285.12562384582, 102148.44629312179, 100953.49084731277, 128391.93177586602, 104919.35278049459, 108032.25556432705, 102981.27501605607, 108000.30781970872, 106586.40615763377, 87774.53704943633, 100668.22212242291, 124559.85855108949, 110937.16533355977, 103938.83922040257, 99236.82124665451, 98964.79517533675, 104615.48838353579, 98055.43777285761, 101349.936600644, 100926.24835473132, 101939.29307417771, 115365.47553723777, 109009.56714328517]
Time
6.9953696727752686
