The result for the 0th execution is
Query Result
[6076.0, 6048.0, 6057.0, 6135.0, 6333.0, 6392.0, 6462.0, 6103.0, 6332.0, 6090.0, 6236.0, 6309.0, 6412.0, 6281.0, 6212.0, 6279.0, 6228.0, 6256.0, 6059.0, 6049.0, 6154.0, 6036.0, 6088.0, 6074.0, 6104.0, 6200.0, 6202.0, 6247.0, 6345.0, 6149.0, 5895.0, 6142.0, 6237.0, 6105.0, 6349.0, 6522.0, 6071.0, 6112.0, 6105.0, 6133.0, 6227.0, 6255.0, 6445.0, 6218.0, 6209.0, 6157.0, 6328.0, 6140.0, 6203.0, 6193.0]
Noised Result
[1073.137099998592, 434.378280826405, 1145.3626791051238, 1793.178434921556, 1154.608910056891, 1472.552940946125, 852.3674854057044, 606.9644573241858, 1273.5174649926926, 822.6808063396084, 679.9993197143513, 438.85263288730766, 533.2263396317176, 579.3157316324068, 256.92079099129205, 1482.8852044000523, 971.567717420272, 453.73932868607153, 1034.4474050858662, 757.9857096404485, 1062.5941389042691, 842.7037644153775, -275.28897573410177, 997.8170844638653, 1604.3766472870038, 702.6061708612738, 1735.006982835011, 919.2636456433497, 1739.3161131606048, 937.4286946763027, 881.3405846743863, 1130.038300455008, 1412.6282184344695, 1547.0781592248172, 1062.9194119042045, 742.8680266735746, -533.0398646282756, -1076.1939603844003, 1203.5758894816195, 399.64819315991826, 844.1118483620471, 1055.7835035165922, 1028.554157428825, 1184.9462531935837, 621.0138645120387, 892.9819312471373, 915.9726716306436, 806.0889278974942, 81.85404552235832, 471.6009824730254]
Time
8.384444236755371
The result for the 1th execution is
Query Result
[6076.0, 6048.0, 6057.0, 6135.0, 6333.0, 6392.0, 6462.0, 6103.0, 6332.0, 6090.0, 6236.0, 6309.0, 6412.0, 6281.0, 6212.0, 6279.0, 6228.0, 6256.0, 6059.0, 6049.0, 6154.0, 6036.0, 6088.0, 6074.0, 6104.0, 6200.0, 6202.0, 6247.0, 6345.0, 6149.0, 5895.0, 6142.0, 6237.0, 6105.0, 6349.0, 6522.0, 6071.0, 6112.0, 6105.0, 6133.0, 6227.0, 6255.0, 6445.0, 6218.0, 6209.0, 6157.0, 6328.0, 6140.0, 6203.0, 6193.0]
Noised Result
[994.4200054676039, 191.50841716379182, 530.6213826933772, 941.733567694072, 965.5542223127409, 1393.6888909544964, 975.6679776900137, 943.2404463008152, 1213.7064616011057, 1356.3164473437905, -458.97202601207573, 943.2977964906127, 1583.4057795391327, -1339.3822689646468, 808.7759457844058, 1345.7740451765617, 1048.5411012777959, 761.3400959372871, 769.9946869362388, 1308.4429397690142, 1117.6413261669632, 613.1853996140612, 999.6059717975222, 1127.4400820148244, 772.6880444005874, 1594.291504481877, 627.8769601649365, 784.7138666233632, -193.9254964362508, 413.3321876947275, 842.6761261093361, 30.627951923554974, 902.4721102379922, 1384.5058008561177, -282.92716623446086, 952.3752530248744, 615.2220555413287, 2052.7040638911585, 1150.199785201834, 705.3666815993884, 1008.4521650603574, 606.2111097118805, 1261.7935805322109, 1240.654501583368, 746.6894748729965, 434.18026540734354, 1398.980032431381, 988.8639718702011, 1056.1473957774465, 2432.4689984532642]
Time
8.462775230407715
The result for the 2th execution is
Query Result
[6076.0, 6048.0, 6057.0, 6135.0, 6333.0, 6392.0, 6462.0, 6103.0, 6332.0, 6090.0, 6236.0, 6309.0, 6412.0, 6281.0, 6212.0, 6279.0, 6228.0, 6256.0, 6059.0, 6049.0, 6154.0, 6036.0, 6088.0, 6074.0, 6104.0, 6200.0, 6202.0, 6247.0, 6345.0, 6149.0, 5895.0, 6142.0, 6237.0, 6105.0, 6349.0, 6522.0, 6071.0, 6112.0, 6105.0, 6133.0, 6227.0, 6255.0, 6445.0, 6218.0, 6209.0, 6157.0, 6328.0, 6140.0, 6203.0, 6193.0]
Noised Result
[-216.857648876834, 1171.3021812094316, 796.9311863561638, 463.8242598070965, 1220.4037056930983, 842.799741703047, 2020.6568216995283, 765.7132710696537, 916.4979528537801, 1231.206312400891, 1539.6650403114468, 1521.4989262607542, 1712.638494509858, 1006.2554363206882, 1216.8332522503747, 931.5913713451614, 1233.6316497699145, 1701.5426762480888, 3205.705224591222, -756.2375635749613, -1140.2610717156895, 900.08377284487, 1330.867877624928, 395.5600832478058, 875.0156898111927, -224.4804641258006, 1086.026393714626, 1256.7216132692479, 1346.8890494211905, 888.6647306385457, 681.2469636879173, 559.0079599159344, 2122.6854501717603, 1480.0363793203214, 1306.4837789444305, 1217.2451994649855, 677.5779672570739, 1256.977118751956, 777.5496796783518, 923.0621048403418, 1966.7338909298164, 1969.2695078256465, 1398.2418229061914, 971.9519144819119, -219.08731255465318, 790.3008959125959, 1273.8789701039473, 769.6580849095549, 737.7655787122653, 1552.437995804581]
Time
8.370253324508667
The result for the 3th execution is
Query Result
[6076.0, 6048.0, 6057.0, 6135.0, 6333.0, 6392.0, 6462.0, 6103.0, 6332.0, 6090.0, 6236.0, 6309.0, 6412.0, 6281.0, 6212.0, 6279.0, 6228.0, 6256.0, 6059.0, 6049.0, 6154.0, 6036.0, 6088.0, 6074.0, 6104.0, 6200.0, 6202.0, 6247.0, 6345.0, 6149.0, 5895.0, 6142.0, 6237.0, 6105.0, 6349.0, 6522.0, 6071.0, 6112.0, 6105.0, 6133.0, 6227.0, 6255.0, 6445.0, 6218.0, 6209.0, 6157.0, 6328.0, 6140.0, 6203.0, 6193.0]
Noised Result
[1620.284927436127, 768.8583758161444, 821.9477794520817, 706.44510602949, 820.0229535392086, -598.8614920368145, 1304.3081591215955, 1376.4251134453957, 1410.7325588246886, 830.7298086089068, 363.9356578433644, 1118.6084943723445, 632.5636907250582, 2045.6931464815416, 929.2467507755828, 830.7541153826496, 2318.003546180982, 2128.845822629368, 237.36794681769152, 589.9801946773518, -202.26384231996417, 902.7745299776252, 774.9994367598974, 889.9106770677122, 878.3403298208409, 1252.226241789238, 632.5472362976761, 569.678514970763, 797.5937166719914, 827.0501286431631, 1722.2113077132276, 759.6657398025623, 919.879958243459, 745.4006880037105, 526.9093227381336, 2792.9822519507234, 2054.9198711974946, 273.1702405660262, 1231.3831947712133, 977.4198309407511, 1015.072468419612, 975.5290385264589, 929.1861758497544, 245.30637290935465, 1464.1347248995216, 810.9229568115602, 951.8726596074794, 991.610090656673, 412.70860464429825, 1206.5654095974537]
Time
8.448046445846558
The result for the 4th execution is
Query Result
[6076.0, 6048.0, 6057.0, 6135.0, 6333.0, 6392.0, 6462.0, 6103.0, 6332.0, 6090.0, 6236.0, 6309.0, 6412.0, 6281.0, 6212.0, 6279.0, 6228.0, 6256.0, 6059.0, 6049.0, 6154.0, 6036.0, 6088.0, 6074.0, 6104.0, 6200.0, 6202.0, 6247.0, 6345.0, 6149.0, 5895.0, 6142.0, 6237.0, 6105.0, 6349.0, 6522.0, 6071.0, 6112.0, 6105.0, 6133.0, 6227.0, 6255.0, 6445.0, 6218.0, 6209.0, 6157.0, 6328.0, 6140.0, 6203.0, 6193.0]
Noised Result
[-5.59364721664133, 1249.6179185562646, 758.7549947667658, 872.8459843944797, 552.748352656009, 1243.867333647543, 673.530914707384, 1495.6637263503817, 645.7719431718415, 1040.1467948698241, 683.3102077415506, 673.0939097808096, 944.0903376987849, 3545.1687596587967, 481.3123466871539, 930.1864056179061, 1765.3176825616883, -423.6823427136387, 920.3962293677209, 778.271684071146, 866.5096380860464, 601.5157960891825, 206.52217755434958, 1294.1691706554548, 1172.9451879935737, 1274.6565161651238, 628.3308598141793, 1656.621261783061, 618.0109634065029, 1512.650998030308, -523.7373844122485, 1320.072077270128, 1336.7570276961173, 809.0888372456429, 888.5911797812246, 1978.4826972657775, 718.5254529952176, 592.5883270480836, 393.91039107153483, 1657.985622617226, 731.2911949271597, 888.8401673026178, 1036.1688571815334, 819.2255172992604, 473.7551429119976, 881.9402959314166, 785.4631595099308, 1170.6486754502657, 790.8055712478049, 631.9688460883463]
Time
8.39891004562378
The result for the 5th execution is
Query Result
[6076.0, 6048.0, 6057.0, 6135.0, 6333.0, 6392.0, 6462.0, 6103.0, 6332.0, 6090.0, 6236.0, 6309.0, 6412.0, 6281.0, 6212.0, 6279.0, 6228.0, 6256.0, 6059.0, 6049.0, 6154.0, 6036.0, 6088.0, 6074.0, 6104.0, 6200.0, 6202.0, 6247.0, 6345.0, 6149.0, 5895.0, 6142.0, 6237.0, 6105.0, 6349.0, 6522.0, 6071.0, 6112.0, 6105.0, 6133.0, 6227.0, 6255.0, 6445.0, 6218.0, 6209.0, 6157.0, 6328.0, 6140.0, 6203.0, 6193.0]
Noised Result
[429.6552447185677, 1619.5137448838395, 1274.2526133157407, 881.7411480738288, 599.6304884478832, 1471.1717294460423, 1114.8936358397832, 1226.1147063506214, 931.9933271781706, 899.6304033494621, -269.5691366209512, -17.961964145528327, 1119.4904870367168, 987.436508325547, 1015.6221269659641, 1212.1104786055257, 1839.831990607222, 1139.683510256751, -1314.4817514465894, 1358.7103932600844, 230.51074567065734, 1010.6382983421099, 320.33222687098987, 919.0872181350996, 2002.2464377602605, 1221.513947864254, 273.25025660872325, 1015.7864550933432, 1208.1303285312651, -774.9912712054247, -380.0842542479895, -273.1658168709864, 1023.2195478482263, 1459.5838212741555, 1958.118024030905, 1202.7675421425683, 822.6068365716228, 74.09504091164217, 1004.4480244345218, 1257.8811288070956, 1735.479171760956, 1406.0406881752074, 845.4680553880903, 1334.644025911899, 405.099593002019, 955.5449733479454, 931.5329472576263, 1013.6199148621467, 1030.095060480956, 825.0563746856801]
Time
8.39123797416687
The result for the 6th execution is
Query Result
[6076.0, 6048.0, 6057.0, 6135.0, 6333.0, 6392.0, 6462.0, 6103.0, 6332.0, 6090.0, 6236.0, 6309.0, 6412.0, 6281.0, 6212.0, 6279.0, 6228.0, 6256.0, 6059.0, 6049.0, 6154.0, 6036.0, 6088.0, 6074.0, 6104.0, 6200.0, 6202.0, 6247.0, 6345.0, 6149.0, 5895.0, 6142.0, 6237.0, 6105.0, 6349.0, 6522.0, 6071.0, 6112.0, 6105.0, 6133.0, 6227.0, 6255.0, 6445.0, 6218.0, 6209.0, 6157.0, 6328.0, 6140.0, 6203.0, 6193.0]
Noised Result
[621.1172256531681, -310.99472789205083, 854.4734919586103, 428.23582687702583, 2597.7924178982717, 641.1869792233883, 552.6820106448185, 287.4272098793999, 957.0562023468997, 1643.3791261872566, 1313.4428275495638, 1281.0345254712074, 503.9715751597514, 149.7269005536491, 1074.4362748262233, 873.2166622236205, 1433.6512583130489, 1659.0951802667578, 86.06801731226642, 732.3438433781935, 2170.2820707573474, 721.6779947734071, 1181.4540650424574, 1062.7970884871997, 793.8812162450472, -295.00251151145676, 1086.217705844871, 1047.0585952067731, 858.7561562519923, 174.62949571146328, -481.05787043323926, 348.08030804781447, 155.03492557549816, 862.1811098378716, 997.7111723653693, 930.2687791724916, 551.9225325584794, 989.4091080993835, 1648.5352985022246, 1552.189421439345, 566.6047101335489, 285.7375915140101, 698.7376759714662, 1401.7393979045646, 1316.3739469074512, 775.3618971013775, 1072.4933449878372, 12.105561267147095, 871.5655949150678, 778.7831458434289]
Time
8.400162696838379
The result for the 7th execution is
Query Result
[6076.0, 6048.0, 6057.0, 6135.0, 6333.0, 6392.0, 6462.0, 6103.0, 6332.0, 6090.0, 6236.0, 6309.0, 6412.0, 6281.0, 6212.0, 6279.0, 6228.0, 6256.0, 6059.0, 6049.0, 6154.0, 6036.0, 6088.0, 6074.0, 6104.0, 6200.0, 6202.0, 6247.0, 6345.0, 6149.0, 5895.0, 6142.0, 6237.0, 6105.0, 6349.0, 6522.0, 6071.0, 6112.0, 6105.0, 6133.0, 6227.0, 6255.0, 6445.0, 6218.0, 6209.0, 6157.0, 6328.0, 6140.0, 6203.0, 6193.0]
Noised Result
[144.70049348712655, 429.9895595146154, 522.3871725744084, 1443.320937338719, 1351.2417363955597, -665.3241522583958, 1903.549551539516, 574.8755867589043, 916.1424598780172, 964.91502187795, 1242.6497684163937, 1105.4610712034887, 1111.900109954253, 188.38008885567342, 311.6144361943716, 842.3537776528424, 449.653388861092, 1347.0648019247878, -756.1121801198269, 449.93421815173497, 673.660075934833, 851.5461527127718, 505.98510726656514, 223.81065892607967, 1948.464838372599, 1566.168400229883, -514.8016461714324, 1111.6370973619773, 53.24296011909064, 871.4616782239036, 536.2525910445797, 899.5181353221906, 986.2251016098016, 1356.3062639820882, 895.063344834768, 1648.0107094069053, 609.0405624706082, 656.3702243300595, 1847.2191134116429, 730.8986678128103, 912.6112517419024, 805.0237865366312, 736.97513580122, 936.9494675326087, 727.7701889542586, -1256.4811651427262, 1250.7477442201066, 1035.2509052958394, 1528.3887618286117, 931.5208568190883]
Time
8.290857315063477
The result for the 8th execution is
Query Result
[6076.0, 6048.0, 6057.0, 6135.0, 6333.0, 6392.0, 6462.0, 6103.0, 6332.0, 6090.0, 6236.0, 6309.0, 6412.0, 6281.0, 6212.0, 6279.0, 6228.0, 6256.0, 6059.0, 6049.0, 6154.0, 6036.0, 6088.0, 6074.0, 6104.0, 6200.0, 6202.0, 6247.0, 6345.0, 6149.0, 5895.0, 6142.0, 6237.0, 6105.0, 6349.0, 6522.0, 6071.0, 6112.0, 6105.0, 6133.0, 6227.0, 6255.0, 6445.0, 6218.0, 6209.0, 6157.0, 6328.0, 6140.0, 6203.0, 6193.0]
Noised Result
[808.9705816760497, 567.1472176023008, 111.35512790854136, 1722.773095876944, 947.2052725215881, 933.7740775241418, -178.4358565331131, 1354.7929152510528, 657.7549056327753, 1460.8222369092432, 1320.6376828746934, 2072.988401441283, 470.6855950339559, -176.4586247209354, 955.6362246352705, 1233.1172274188789, 1845.209901497728, 1223.1170735171258, 683.7772590884506, -609.1694164433356, 541.585063352527, 1057.7079843440006, 644.4468939083335, 1080.4269235549168, 757.0207814822429, 807.5824061241065, 1011.3681646379196, 210.7997861424319, 1073.654720783747, 765.3378188387169, 1577.399325418041, 830.7040674671794, 699.2666109043694, 888.7606981555095, 2114.5576494428215, 874.4163821608772, 761.4643482958572, 1613.507095358922, 773.7384366686392, 181.1969368773216, 438.6541938687369, 896.0131340442435, 300.4198530310041, 1000.6156430739165, 1534.3449924289926, 507.9361438756714, 1800.83207005538, 1288.4231383333445, 376.77283444608656, 139.5737314801754]
Time
8.386583805084229
The result for the 9th execution is
Query Result
[6076.0, 6048.0, 6057.0, 6135.0, 6333.0, 6392.0, 6462.0, 6103.0, 6332.0, 6090.0, 6236.0, 6309.0, 6412.0, 6281.0, 6212.0, 6279.0, 6228.0, 6256.0, 6059.0, 6049.0, 6154.0, 6036.0, 6088.0, 6074.0, 6104.0, 6200.0, 6202.0, 6247.0, 6345.0, 6149.0, 5895.0, 6142.0, 6237.0, 6105.0, 6349.0, 6522.0, 6071.0, 6112.0, 6105.0, 6133.0, 6227.0, 6255.0, 6445.0, 6218.0, 6209.0, 6157.0, 6328.0, 6140.0, 6203.0, 6193.0]
Noised Result
[611.3709806784009, 575.6857324026596, -348.7204558712165, 1677.724339528881, 1935.01285833771, 1296.3019060537267, 919.8384071581181, 425.6258291582926, 1029.116151785162, -112.71859182248954, 977.689736277549, -537.164720779736, 1080.9847761251012, 1190.1594838578812, 757.1411378999169, 727.3466701530151, 1007.0328770231304, 916.8059170181282, 779.1637581833679, 1274.0779642982034, 3121.228636725432, 1191.6318152659542, 942.5234799619602, 2224.7238353720313, 374.66933683190564, 623.3207165026361, 628.541025998572, 408.9781773312361, 1174.7469063825429, 1400.7324977249332, 2131.5510123146237, 881.5710130202965, 260.55594023876256, -27.55673589980688, 669.2269768720407, 893.424735094723, 432.19744731141236, 1174.14749406592, 712.1309132888819, -20.649380227580878, 920.6015192349237, 1436.0931571559859, 938.4646940781904, 1012.3441350273192, 832.4298406900471, 879.5598451468009, 1748.5842184115745, 797.8487477124672, 904.4465290396397, 3479.1971893349373]
Time
8.52045750617981
The result for the 10th execution is
Query Result
[6076.0, 6048.0, 6057.0, 6135.0, 6333.0, 6392.0, 6462.0, 6103.0, 6332.0, 6090.0, 6236.0, 6309.0, 6412.0, 6281.0, 6212.0, 6279.0, 6228.0, 6256.0, 6059.0, 6049.0, 6154.0, 6036.0, 6088.0, 6074.0, 6104.0, 6200.0, 6202.0, 6247.0, 6345.0, 6149.0, 5895.0, 6142.0, 6237.0, 6105.0, 6349.0, 6522.0, 6071.0, 6112.0, 6105.0, 6133.0, 6227.0, 6255.0, 6445.0, 6218.0, 6209.0, 6157.0, 6328.0, 6140.0, 6203.0, 6193.0]
Noised Result
[1189.5024801960753, 1022.9956973946369, 705.2428552921406, 1417.2625681813734, 1232.6567021763262, 500.1496183085701, 473.04615826356076, 1644.2629840757372, 1289.6298398903946, 1070.5336135613043, 1462.4520588175778, 1360.935358660443, 980.7753119180643, 948.485132262565, 429.0248170481136, 1108.0492965227313, 752.668130001573, 777.1772400014684, -313.57754366920835, 721.5768019683874, 548.8642657165128, 364.0094260681917, 1049.6829448195613, 803.0466767551043, -377.98316760735725, 471.9259960015788, 2566.4646389061127, 139.10154347692242, 1282.9280281029137, 1010.244518094737, 505.1906957292531, 885.1854628606561, 621.751062586528, 2165.740606986553, 608.3525042202346, 1649.5907616133381, 320.02752191227773, -52.57563559802202, 1358.1406231749947, 1157.2347556311584, 839.3902230382037, 1180.3641059634083, 1312.7385501949348, -347.79118641371497, 847.2714171731777, 880.2104964685641, 657.3354305944304, 776.1406415388851, 1884.7755250117661, 350.1389823226182]
Time
8.483139991760254
The result for the 11th execution is
Query Result
[6076.0, 6048.0, 6057.0, 6135.0, 6333.0, 6392.0, 6462.0, 6103.0, 6332.0, 6090.0, 6236.0, 6309.0, 6412.0, 6281.0, 6212.0, 6279.0, 6228.0, 6256.0, 6059.0, 6049.0, 6154.0, 6036.0, 6088.0, 6074.0, 6104.0, 6200.0, 6202.0, 6247.0, 6345.0, 6149.0, 5895.0, 6142.0, 6237.0, 6105.0, 6349.0, 6522.0, 6071.0, 6112.0, 6105.0, 6133.0, 6227.0, 6255.0, 6445.0, 6218.0, 6209.0, 6157.0, 6328.0, 6140.0, 6203.0, 6193.0]
Noised Result
[796.2199139732543, 1508.7982427079246, 543.2305806439099, 1186.7990875313894, 665.2055723377553, 1022.7987161487813, 1144.0582357040516, 766.5386601365894, 361.709397988061, -628.6007002981851, 1600.8157151529003, 1449.4221582019636, 2020.4406657966292, 442.376185183698, 1396.2238502379532, 742.8110948364565, 1663.9775144577216, 1102.2969137722284, 929.3434600860437, 1003.9779526117618, 1015.6022728298772, 1377.3857987058136, 719.9754719690386, 767.6068530251746, 756.0180660208671, 962.8540022514708, 969.084208581824, 1764.4665867031858, 1033.1133795596706, 1991.7450835637337, 196.5555602207305, 1559.13186209174, -328.3276903433143, 497.98365840917813, 754.1350269658378, 1252.556527289175, 857.2526085253703, 1068.4410375352054, 830.8317617164462, 622.701988227107, 812.9566844593337, -35.02174292553627, 1481.3790161775833, 1276.556089284466, 753.7980787351253, 718.3534240745239, 1312.9319770489742, -49.71219457303869, 880.1542355313736, 893.8306447479031]
Time
8.482460498809814
The result for the 12th execution is
Query Result
[6076.0, 6048.0, 6057.0, 6135.0, 6333.0, 6392.0, 6462.0, 6103.0, 6332.0, 6090.0, 6236.0, 6309.0, 6412.0, 6281.0, 6212.0, 6279.0, 6228.0, 6256.0, 6059.0, 6049.0, 6154.0, 6036.0, 6088.0, 6074.0, 6104.0, 6200.0, 6202.0, 6247.0, 6345.0, 6149.0, 5895.0, 6142.0, 6237.0, 6105.0, 6349.0, 6522.0, 6071.0, 6112.0, 6105.0, 6133.0, 6227.0, 6255.0, 6445.0, 6218.0, 6209.0, 6157.0, 6328.0, 6140.0, 6203.0, 6193.0]
Noised Result
[1889.7918348498843, 1352.6714475371764, 871.3893280840739, 692.0744893193537, 589.886890993238, 402.8560251490335, 2258.137474213908, 552.7109115325875, 567.5685843127058, 904.6091935675136, 1256.7673886193043, 434.31907801716534, -377.004877323915, 976.7765173367247, 907.0096204333177, 1335.2058556122238, 617.024853018971, 991.1816239549325, 927.3961580190935, 1126.716403251267, 1488.4852584818354, 864.0062629110598, 460.2872979363792, 518.6070533929596, 1094.4458886884568, 525.9654170241847, 404.1940204764005, -350.24949931294213, 2378.4162961038764, 587.9454486234699, 352.25058247110974, 1860.0697150314986, 4053.174243532153, 823.3485080887058, 1062.2366350834782, 1352.683178243246, 786.5891224375687, 847.8665450638869, 146.53346857813176, 774.5790852778969, 1615.0300459414393, 852.8756810393147, 1002.531449617125, 910.7108015904164, 880.8235941551793, 683.6813627736001, 996.685580984536, -56.82500223877014, 579.7239537669266, 1389.5712239792006]
Time
8.46555781364441
The result for the 13th execution is
Query Result
[6076.0, 6048.0, 6057.0, 6135.0, 6333.0, 6392.0, 6462.0, 6103.0, 6332.0, 6090.0, 6236.0, 6309.0, 6412.0, 6281.0, 6212.0, 6279.0, 6228.0, 6256.0, 6059.0, 6049.0, 6154.0, 6036.0, 6088.0, 6074.0, 6104.0, 6200.0, 6202.0, 6247.0, 6345.0, 6149.0, 5895.0, 6142.0, 6237.0, 6105.0, 6349.0, 6522.0, 6071.0, 6112.0, 6105.0, 6133.0, 6227.0, 6255.0, 6445.0, 6218.0, 6209.0, 6157.0, 6328.0, 6140.0, 6203.0, 6193.0]
Noised Result
[1715.856311700653, 1172.440958058567, 630.1527025443102, 990.0650232064413, 1381.7477179449265, 1234.5060735078855, -663.488112372218, 510.30759031859725, 860.7114702865324, 1462.492332695614, 675.5637945438375, 817.8806234268732, 1433.4283299244444, 1804.573814656404, 1218.5263892108874, 952.8178760343053, 914.7861932893607, 1088.5963502379855, 856.9343638993723, 532.8799693201427, 849.5792402393995, 299.27470838704266, 1189.4730920179563, 749.58142712463, 380.25818748789607, 930.5343618268439, 1220.373602362748, 3810.9928208052597, 224.14842189700903, 1000.228790435995, 609.504270218541, 1869.9898551412102, 602.7059428066659, 915.9357067177907, 1626.835821886184, 1430.2180455788503, 890.4707420130385, 984.0644358114796, 1884.1519940066119, 1076.7542249598223, 623.6095038605272, 966.8168036230031, 1350.15989185623, 1026.019159102591, 885.0227631780817, 977.3570126378604, 885.8799297588048, 999.0258883562369, 1983.3566580175939, 950.6193653257792]
Time
8.380663871765137
The result for the 14th execution is
Query Result
[6076.0, 6048.0, 6057.0, 6135.0, 6333.0, 6392.0, 6462.0, 6103.0, 6332.0, 6090.0, 6236.0, 6309.0, 6412.0, 6281.0, 6212.0, 6279.0, 6228.0, 6256.0, 6059.0, 6049.0, 6154.0, 6036.0, 6088.0, 6074.0, 6104.0, 6200.0, 6202.0, 6247.0, 6345.0, 6149.0, 5895.0, 6142.0, 6237.0, 6105.0, 6349.0, 6522.0, 6071.0, 6112.0, 6105.0, 6133.0, 6227.0, 6255.0, 6445.0, 6218.0, 6209.0, 6157.0, 6328.0, 6140.0, 6203.0, 6193.0]
Noised Result
[741.1463453405127, 287.1679292794179, 981.6242713793513, 194.93662168879473, 1140.6401420387501, 551.9960699121975, 1406.4423724606636, 942.8793723731651, 600.9024288159062, 1795.4080451914851, 755.9003784386168, 2226.3609866730094, 338.55396248730267, 966.980916200207, 1092.2387779076548, 979.3323097088114, 1189.7577171777152, 1969.9326214767816, 2059.690107272545, 1403.4159266081579, -196.06038864894708, 1049.953337160076, -586.1637822333269, 953.2857341004751, 189.24275806613514, 803.4997187365921, 1626.7531096939338, 846.9773313914507, 1194.4846454906078, 767.3548546197317, 1592.6397537491275, 374.6167415693071, 1190.7117268653806, 2066.1293486130708, 571.2252776620198, 1698.9282841666986, 147.93374358052915, 1769.2556807584451, 2266.792866983943, 634.845809191193, 558.4727256982169, 182.68646052188342, 1445.3340828781115, 811.9918619546124, 1165.8014088169361, 709.0378127157201, 914.7291470380392, 2224.4176639516413, 138.54554846930114, 1006.7227807573367]
Time
8.457857131958008
The result for the 15th execution is
Query Result
[6076.0, 6048.0, 6057.0, 6135.0, 6333.0, 6392.0, 6462.0, 6103.0, 6332.0, 6090.0, 6236.0, 6309.0, 6412.0, 6281.0, 6212.0, 6279.0, 6228.0, 6256.0, 6059.0, 6049.0, 6154.0, 6036.0, 6088.0, 6074.0, 6104.0, 6200.0, 6202.0, 6247.0, 6345.0, 6149.0, 5895.0, 6142.0, 6237.0, 6105.0, 6349.0, 6522.0, 6071.0, 6112.0, 6105.0, 6133.0, 6227.0, 6255.0, 6445.0, 6218.0, 6209.0, 6157.0, 6328.0, 6140.0, 6203.0, 6193.0]
Noised Result
[1285.77246252023, 1035.5339771656709, 633.4452459178042, 1077.5936722018419, 1299.2781762702225, 950.9274106618827, 1066.7695848909461, -468.19533471873183, 1163.3440137826492, 833.3829448082538, 1072.7055051741459, 1967.5988509581034, 1115.4960599007954, 944.6462786527281, 742.3069630130999, 885.2858128283956, 928.5504067221127, 853.3424490812995, 328.8263743240159, 545.6153844389132, 1218.3843937692177, 538.1494644308241, 653.9693366673737, 20.69260015751388, 537.7866337214446, 980.2530198343779, 721.6583455680193, 1864.8699872786779, 871.2321089306874, 3057.915475319059, 941.830285455545, 627.502343291967, 1160.7103166683319, 1806.6674764125573, 1583.4944475987977, 1479.9327245266168, 1197.5548308831185, 916.7846886365746, 1852.70061310166, 1606.513239204649, 701.459099110798, -341.8477380221102, 821.6731872762666, 1039.368007944648, 649.9428719463908, 772.8426836338954, 553.2543149891462, 1036.5890594806115, 775.8354747074573, 865.1240989228404]
Time
8.370849370956421
The result for the 16th execution is
Query Result
[6076.0, 6048.0, 6057.0, 6135.0, 6333.0, 6392.0, 6462.0, 6103.0, 6332.0, 6090.0, 6236.0, 6309.0, 6412.0, 6281.0, 6212.0, 6279.0, 6228.0, 6256.0, 6059.0, 6049.0, 6154.0, 6036.0, 6088.0, 6074.0, 6104.0, 6200.0, 6202.0, 6247.0, 6345.0, 6149.0, 5895.0, 6142.0, 6237.0, 6105.0, 6349.0, 6522.0, 6071.0, 6112.0, 6105.0, 6133.0, 6227.0, 6255.0, 6445.0, 6218.0, 6209.0, 6157.0, 6328.0, 6140.0, 6203.0, 6193.0]
Noised Result
[594.5912082860787, 534.9509566982097, 1117.2779113138376, 490.2421112272741, 920.0584056395192, 875.42700665134, 1333.8844553285076, 91.05639966294348, 2246.7416360372063, 388.23131273115723, 184.74564047413878, -379.31676581511874, 843.5350930229192, 1233.6378739400384, 1288.8306033832537, 808.6554324659282, 1308.9569990647142, 643.0886468452936, 1894.6924680885031, 686.9784549391393, 136.02980632067465, 965.18787771606, 344.9601141283101, 654.2616672228442, 718.2641230904323, 824.0792674214817, 1368.6547088179636, 746.8503717016238, 636.9414897009656, 570.3998356230513, 910.3599712849286, 1377.5164716052946, 890.9692074644731, 822.852455892983, 1170.2891129168406, 2365.376772481066, 985.7331486698099, 1178.4252459453355, 384.73698572632657, 936.7223437284797, 1123.4794606256146, 640.5689885856109, 1109.3181094070915, 1033.6435691838055, 1268.2458983245392, 569.0630813639273, 691.7061889082179, -629.8087030504303, 863.0332459043675, 699.1199167202703]
Time
8.364579439163208
The result for the 17th execution is
Query Result
[6076.0, 6048.0, 6057.0, 6135.0, 6333.0, 6392.0, 6462.0, 6103.0, 6332.0, 6090.0, 6236.0, 6309.0, 6412.0, 6281.0, 6212.0, 6279.0, 6228.0, 6256.0, 6059.0, 6049.0, 6154.0, 6036.0, 6088.0, 6074.0, 6104.0, 6200.0, 6202.0, 6247.0, 6345.0, 6149.0, 5895.0, 6142.0, 6237.0, 6105.0, 6349.0, 6522.0, 6071.0, 6112.0, 6105.0, 6133.0, 6227.0, 6255.0, 6445.0, 6218.0, 6209.0, 6157.0, 6328.0, 6140.0, 6203.0, 6193.0]
Noised Result
[1233.5220165683722, 1154.1120806809695, 813.0313186550238, 2531.2761643484514, 1135.824974309323, 1027.3104165462687, 862.9063611901533, 713.8276400174614, 1315.9144510562119, -130.44192366228071, 1143.5017345619913, 641.899607043747, 969.4950245954583, -201.70618677719085, 1188.1489460798034, 720.994838234089, 1080.9422627093045, 1775.7424765535852, 759.5924606217072, 658.3883163436126, 1966.7997549107977, 774.9074763717231, 543.5648762751989, 728.1258920664463, 2065.366370523576, 554.8131005392406, 1432.0228069455047, 1577.4179627041335, 742.7328151584297, 776.1036222163957, -149.21377876717816, 258.3764824762884, 1367.869810687646, 1568.651405113807, -475.081584041076, 2127.3002477077034, 1595.0028685845218, 910.8532869153769, 991.5728437921102, 734.3621935974497, 786.5704109768872, 1355.3301556735328, 859.9812944533141, 930.8357772140967, 1178.865054749519, 1096.0879526987683, 772.9559409079761, 419.4991661817812, 892.4305268282137, 371.00138137053]
Time
8.386622667312622
The result for the 18th execution is
Query Result
[6076.0, 6048.0, 6057.0, 6135.0, 6333.0, 6392.0, 6462.0, 6103.0, 6332.0, 6090.0, 6236.0, 6309.0, 6412.0, 6281.0, 6212.0, 6279.0, 6228.0, 6256.0, 6059.0, 6049.0, 6154.0, 6036.0, 6088.0, 6074.0, 6104.0, 6200.0, 6202.0, 6247.0, 6345.0, 6149.0, 5895.0, 6142.0, 6237.0, 6105.0, 6349.0, 6522.0, 6071.0, 6112.0, 6105.0, 6133.0, 6227.0, 6255.0, 6445.0, 6218.0, 6209.0, 6157.0, 6328.0, 6140.0, 6203.0, 6193.0]
Noised Result
[524.0493762029091, 1118.2414660832055, 906.0739481906271, 1106.6225373312, 1503.2028470800242, 890.8543983636232, 1065.0190297381928, -462.4152357041603, 983.3703524782327, 418.73196496291257, 1014.9089967471118, 1592.1163247346885, 1231.7269633845472, 918.0629871268488, 1144.8675651251397, 1460.4119277706063, 955.1329195519038, 1168.931615073941, -34.157712221300244, 808.051803763005, 560.5513352857952, 1531.4314822624956, 239.96499582621982, 478.64725395901587, 801.4923571786144, 388.49645245680586, 1878.5720014933054, 932.4193458985674, 279.02039861248977, 1823.9465762469176, 462.6228017071535, -38.360138378270676, 830.2872062272318, 217.00691128253493, 889.9597314785606, 1371.2978956485167, 1029.7035118889526, 647.4107128003375, 1072.539796611598, 1054.202380702773, 324.05869892519604, 2134.4845506400025, 917.2970824587246, 1233.4624956788593, 1412.0424094907157, 764.2078714734616, 843.2156674459179, 513.7367667951976, 902.7551467932003, 897.2629795548087]
Time
8.444602727890015
The result for the 19th execution is
Query Result
[6076.0, 6048.0, 6057.0, 6135.0, 6333.0, 6392.0, 6462.0, 6103.0, 6332.0, 6090.0, 6236.0, 6309.0, 6412.0, 6281.0, 6212.0, 6279.0, 6228.0, 6256.0, 6059.0, 6049.0, 6154.0, 6036.0, 6088.0, 6074.0, 6104.0, 6200.0, 6202.0, 6247.0, 6345.0, 6149.0, 5895.0, 6142.0, 6237.0, 6105.0, 6349.0, 6522.0, 6071.0, 6112.0, 6105.0, 6133.0, 6227.0, 6255.0, 6445.0, 6218.0, 6209.0, 6157.0, 6328.0, 6140.0, 6203.0, 6193.0]
Noised Result
[1122.9653732585161, 655.9924601042221, 866.0305949515273, 1590.941464224269, 1990.4467282530459, 1041.3022463758684, 184.91249729583706, 1043.0626033225435, 1212.2535824744373, 839.0783010900436, 1612.2806635939783, 171.2266841247474, 1898.0857285751035, 1355.2417197404047, 200.57519814190255, 1415.1146591562392, 1475.1749087829762, 1103.4712904605567, 877.4327463864306, 1165.2571582160035, 981.6504002454535, 736.4443293058871, 200.36829600039073, 722.8005920513065, 1607.1776230581563, 84.78066218234198, 1825.7418468046922, 577.9298832836721, 742.8311746316049, 361.7544861328479, 782.7360053476295, 2438.2985247129045, 1654.6738211622824, 1406.8273876749513, 1049.0838369164248, 705.7170422653135, 1232.239043748611, 1164.0823358447742, -299.4738461473098, 493.4660697435529, 1590.6534281661852, 170.0402050602397, 838.5320594618306, 1226.9343869206273, 443.93654757093736, 968.8560002210756, 790.4718715961608, 1370.7818291064782, 443.82672553119755, 272.64820598814276]
Time
8.39918828010559
