The result for the 0th execution is
Query Result
[168005.36949560014, 170539.9540516996, 176370.20360180008, 181065.21424099937, 194580.3102972002, 169507.9040189001, 171786.37201600045, 171956.40360649934, 179965.36066919964, 182559.55167350086, 165843.59786499993, 157455.84402829985, 182763.76817230016, 164402.4750886999, 149154.4094004002, 162713.1724077004, 156923.12497799972, 173259.21062400105, 169003.62967379976, 157199.56732859995, 165952.8613323002, 162121.6657314002, 161655.57655609978, 175037.9320912001, 159053.0425961008]
Noised Result
[-838.6384335423027, -982.6611834603175, -1086.7013060378165, -1164.0735965337296, -877.8542161951809, -1191.000901973281, -905.9363924077118, -1025.6652564774765, -901.4095463607334, -1069.3916985442106, -600.8494501086158, -1122.4160798576609, -930.4076350011042, -891.996925108311, -800.0606109211926, -970.7051315658307, -1262.9115367667255, -1261.396647114053, -965.7474925185365, -811.794962821223, -1037.0241971153619, -1069.7736605987839, -1163.49229032645, -455.7931326373738, -1342.6385616587072]
Time
7.676879644393921
The result for the 1th execution is
Query Result
[168005.36949560014, 170539.9540516996, 176370.20360180008, 181065.21424099937, 194580.3102972002, 169507.9040189001, 171786.37201600045, 171956.40360649934, 179965.36066919964, 182559.55167350086, 165843.59786499993, 157455.84402829985, 182763.76817230016, 164402.4750886999, 149154.4094004002, 162713.1724077004, 156923.12497799972, 173259.21062400105, 169003.62967379976, 157199.56732859995, 165952.8613323002, 162121.6657314002, 161655.57655609978, 175037.9320912001, 159053.0425961008]
Noised Result
[-1158.4156585568421, -991.090637605052, -942.7065092630708, -1097.158124065362, -1132.856562368418, -942.2400450276061, -918.1628690572979, -316.9232960092295, -549.2004257568606, -968.6932406094813, -786.0546098528089, -981.4118207093743, -760.2033727456017, -870.3552309226304, -959.624720576641, -913.1420888457178, -1643.9618452215564, -721.9968252083072, -879.0277866066087, -887.9403032846533, -952.0039279755342, -1055.6648942370982, -1100.662614682681, -869.5415789181386, -1388.3005852957288]
Time
7.311493396759033
The result for the 2th execution is
Query Result
[168005.36949560014, 170539.9540516996, 176370.20360180008, 181065.21424099937, 194580.3102972002, 169507.9040189001, 171786.37201600045, 171956.40360649934, 179965.36066919964, 182559.55167350086, 165843.59786499993, 157455.84402829985, 182763.76817230016, 164402.4750886999, 149154.4094004002, 162713.1724077004, 156923.12497799972, 173259.21062400105, 169003.62967379976, 157199.56732859995, 165952.8613323002, 162121.6657314002, 161655.57655609978, 175037.9320912001, 159053.0425961008]
Noised Result
[-1013.25031949705, -1140.7186507885992, -947.6918114664318, -955.2394180439919, -1033.8684915318745, -999.2379553325602, -1035.3864196670104, -1178.8034677710045, -804.4312646739522, -896.7903358311714, -449.4150455220024, -852.113951031178, -869.310673442609, -986.8372588968055, -1008.8904947006645, -948.4424879392184, -847.3284607638398, -1015.6082263699695, -1043.4258088422282, -578.2165345813521, -999.5237395757049, -705.1248793690856, -1032.9739088283823, -983.7823267666763, -899.9377375290587]
Time
7.601147174835205
The result for the 3th execution is
Query Result
[168005.36949560014, 170539.9540516996, 176370.20360180008, 181065.21424099937, 194580.3102972002, 169507.9040189001, 171786.37201600045, 171956.40360649934, 179965.36066919964, 182559.55167350086, 165843.59786499993, 157455.84402829985, 182763.76817230016, 164402.4750886999, 149154.4094004002, 162713.1724077004, 156923.12497799972, 173259.21062400105, 169003.62967379976, 157199.56732859995, 165952.8613323002, 162121.6657314002, 161655.57655609978, 175037.9320912001, 159053.0425961008]
Noised Result
[-969.5457145020785, -1247.1393369443595, -811.3076037987373, -1037.4434125726716, -901.4652345161, -1168.9503456937155, -1458.8846996357051, -930.0013660500456, -1265.317816249006, -961.7410492198933, -970.3058620698594, -1191.4964389968923, -1003.4112231828151, -899.9570105894152, -361.24215030453684, -753.2543702576709, -1343.4141727298256, -768.3702478522207, -1359.2263225724314, -718.3563327199049, -1040.079747144921, -1007.9910177365196, -1463.5932704012637, -1028.2350032002387, -880.012021062865]
Time
7.507842540740967
The result for the 4th execution is
Query Result
[168005.36949560014, 170539.9540516996, 176370.20360180008, 181065.21424099937, 194580.3102972002, 169507.9040189001, 171786.37201600045, 171956.40360649934, 179965.36066919964, 182559.55167350086, 165843.59786499993, 157455.84402829985, 182763.76817230016, 164402.4750886999, 149154.4094004002, 162713.1724077004, 156923.12497799972, 173259.21062400105, 169003.62967379976, 157199.56732859995, 165952.8613323002, 162121.6657314002, 161655.57655609978, 175037.9320912001, 159053.0425961008]
Noised Result
[-1064.7729846339053, -1017.8891001188194, -1119.1162734055488, -869.1881823229758, -297.6160411663408, -1160.9397688462197, -1003.3922990725946, -995.7936280793544, -1005.7766942397504, -987.1820513548885, -824.0487918319814, -1071.8837010927405, -1319.327620496667, -1005.9264709706435, -1098.6857387176306, -1165.5733766740764, -1054.0569096553104, -869.040673910954, -1017.7406386175135, -735.985461966035, -1042.6145461488848, -972.3459223492155, -751.3309162722799, -1049.8509386446108, -738.1228677505464]
Time
7.885358810424805
The result for the 5th execution is
Query Result
[168005.36949560014, 170539.9540516996, 176370.20360180008, 181065.21424099937, 194580.3102972002, 169507.9040189001, 171786.37201600045, 171956.40360649934, 179965.36066919964, 182559.55167350086, 165843.59786499993, 157455.84402829985, 182763.76817230016, 164402.4750886999, 149154.4094004002, 162713.1724077004, 156923.12497799972, 173259.21062400105, 169003.62967379976, 157199.56732859995, 165952.8613323002, 162121.6657314002, 161655.57655609978, 175037.9320912001, 159053.0425961008]
Noised Result
[-768.6110162178088, -1085.1577965531906, -992.2810387551087, -977.3941478277604, -782.4907051306704, -1173.8791915097465, -948.2082509454408, -285.5615898774853, -1412.7379765163585, -944.4273561889761, -741.3340536587034, -939.5273303004619, -740.1307568524046, -847.6431561838065, -928.3728179160757, -1030.702992065058, -1116.7025572302175, -1185.6144576130105, -673.3415657773155, -979.3332903004928, -1014.5073555609395, -1058.4760961223005, -1097.3576328280055, -1081.630427255564, -880.7355296634544]
Time
7.457062721252441
The result for the 6th execution is
Query Result
[168005.36949560014, 170539.9540516996, 176370.20360180008, 181065.21424099937, 194580.3102972002, 169507.9040189001, 171786.37201600045, 171956.40360649934, 179965.36066919964, 182559.55167350086, 165843.59786499993, 157455.84402829985, 182763.76817230016, 164402.4750886999, 149154.4094004002, 162713.1724077004, 156923.12497799972, 173259.21062400105, 169003.62967379976, 157199.56732859995, 165952.8613323002, 162121.6657314002, 161655.57655609978, 175037.9320912001, 159053.0425961008]
Noised Result
[-1329.682446294551, -1721.0873220348608, -937.2351039544292, -853.1719449460638, -838.2516408994454, -1230.2326592347479, -714.0650035943418, -1023.9145397532725, -839.0523964097779, -1307.771204819979, -1083.8877703807793, -1639.5335131739103, -976.2132151549606, -1068.7440890116864, -1121.796584879534, -819.7143724639518, -994.1290760382328, -939.537041953962, -1308.608282882312, -1112.3491110671346, -1073.2878812688057, -1055.2741036523387, -728.7704617196018, -871.3125709951973, -1142.6692017630814]
Time
7.271446466445923
The result for the 7th execution is
Query Result
[168005.36949560014, 170539.9540516996, 176370.20360180008, 181065.21424099937, 194580.3102972002, 169507.9040189001, 171786.37201600045, 171956.40360649934, 179965.36066919964, 182559.55167350086, 165843.59786499993, 157455.84402829985, 182763.76817230016, 164402.4750886999, 149154.4094004002, 162713.1724077004, 156923.12497799972, 173259.21062400105, 169003.62967379976, 157199.56732859995, 165952.8613323002, 162121.6657314002, 161655.57655609978, 175037.9320912001, 159053.0425961008]
Noised Result
[-1018.2890104456362, -942.4088320792337, -554.9072457923762, 332.17633131622824, -370.4753110775979, -792.9056205253376, -1006.8704022103748, -863.3108826249136, -700.3502021372849, -874.3168762865089, -1116.7036305199917, -624.5699059579981, -641.8488423599124, -937.8279335559246, -976.1259645144446, -762.005890129104, -929.4877359911045, -955.1953975387339, -1773.0154532255392, -1103.1897359034317, -787.9460422262898, -913.7126979826392, -1057.9681104913539, -875.5142132911319, -1445.5237816155895]
Time
7.697140693664551
The result for the 8th execution is
Query Result
[168005.36949560014, 170539.9540516996, 176370.20360180008, 181065.21424099937, 194580.3102972002, 169507.9040189001, 171786.37201600045, 171956.40360649934, 179965.36066919964, 182559.55167350086, 165843.59786499993, 157455.84402829985, 182763.76817230016, 164402.4750886999, 149154.4094004002, 162713.1724077004, 156923.12497799972, 173259.21062400105, 169003.62967379976, 157199.56732859995, 165952.8613323002, 162121.6657314002, 161655.57655609978, 175037.9320912001, 159053.0425961008]
Noised Result
[-1211.1945112598112, -786.3151967550898, -814.7656701124038, -1292.7564540301355, -872.1912586701671, -989.3810057313585, -938.7975034089827, -1171.9287654277143, -945.2141743702109, -856.674736393493, -1102.4882500373121, -1340.505606465497, -1405.149988734693, -1047.6626533094302, -1131.2485567987949, -1477.539654022687, -763.8872758655305, -998.9781830734871, -936.4017629360435, -795.3260988959707, -890.4403578182323, -1251.446376851707, -1089.973898180212, -680.4083237843736, -782.255426233239]
Time
7.320117950439453
The result for the 9th execution is
Query Result
[168005.36949560014, 170539.9540516996, 176370.20360180008, 181065.21424099937, 194580.3102972002, 169507.9040189001, 171786.37201600045, 171956.40360649934, 179965.36066919964, 182559.55167350086, 165843.59786499993, 157455.84402829985, 182763.76817230016, 164402.4750886999, 149154.4094004002, 162713.1724077004, 156923.12497799972, 173259.21062400105, 169003.62967379976, 157199.56732859995, 165952.8613323002, 162121.6657314002, 161655.57655609978, 175037.9320912001, 159053.0425961008]
Noised Result
[-1462.6972659260077, -626.3464220036333, -877.5689736767795, -896.5410119007609, -747.9120810645895, -962.4527656632263, -1578.0813757953983, -552.2831579221322, -986.4753235385933, -1080.1599046857525, -986.7357750075726, -1058.7932742705898, -971.024384290746, -997.6086827632089, -1071.4412883859306, -780.111612054325, -879.2194389651349, -745.8716015199927, -953.9545250342769, -1053.3483250393253, -867.31061480172, -1000.4618092911492, -1226.2239626290805, -863.9266538338861, -952.0819459625852]
Time
7.440371990203857
The result for the 10th execution is
Query Result
[168005.36949560014, 170539.9540516996, 176370.20360180008, 181065.21424099937, 194580.3102972002, 169507.9040189001, 171786.37201600045, 171956.40360649934, 179965.36066919964, 182559.55167350086, 165843.59786499993, 157455.84402829985, 182763.76817230016, 164402.4750886999, 149154.4094004002, 162713.1724077004, 156923.12497799972, 173259.21062400105, 169003.62967379976, 157199.56732859995, 165952.8613323002, 162121.6657314002, 161655.57655609978, 175037.9320912001, 159053.0425961008]
Noised Result
[-1412.1558256904414, -743.4981615050945, -1083.7699967905426, -1055.8669877191905, -984.3375612569864, -745.9639579308168, -908.4578058367749, -1190.465691618057, -941.2341468974887, -829.7673812468079, -1067.9603583003739, -1164.6790556062056, -1103.9907954301425, -587.5473563433147, -1202.0835928785916, -1189.4601949493308, -861.8639564803891, -858.4217376299919, -726.6284192769756, -944.0925902386437, -1165.1586484584632, -1023.1725452295616, -989.1795164009593, -1349.3980611653888, -1173.0659632998745]
Time
7.324328660964966
The result for the 11th execution is
Query Result
[168005.36949560014, 170539.9540516996, 176370.20360180008, 181065.21424099937, 194580.3102972002, 169507.9040189001, 171786.37201600045, 171956.40360649934, 179965.36066919964, 182559.55167350086, 165843.59786499993, 157455.84402829985, 182763.76817230016, 164402.4750886999, 149154.4094004002, 162713.1724077004, 156923.12497799972, 173259.21062400105, 169003.62967379976, 157199.56732859995, 165952.8613323002, 162121.6657314002, 161655.57655609978, 175037.9320912001, 159053.0425961008]
Noised Result
[-998.1467685395489, -891.3976559890641, -889.0277993040863, -949.3209818062076, -1385.7880107219394, -1060.8755550407932, -898.4497667443325, -1199.003221865623, -838.2393758276005, -795.7646743984537, -1150.7268129041925, -945.3050783143419, -938.1931524697745, -989.1689065664023, -1420.2564364215223, -368.7733706655614, -936.6460870920141, -1099.2317610051778, -1128.993490599296, -537.8238309010914, -972.6131481997672, -1152.1097423036904, -1020.0107527612972, -987.3256578461219, -1223.3265122702533]
Time
7.4720377922058105
The result for the 12th execution is
Query Result
[168005.36949560014, 170539.9540516996, 176370.20360180008, 181065.21424099937, 194580.3102972002, 169507.9040189001, 171786.37201600045, 171956.40360649934, 179965.36066919964, 182559.55167350086, 165843.59786499993, 157455.84402829985, 182763.76817230016, 164402.4750886999, 149154.4094004002, 162713.1724077004, 156923.12497799972, 173259.21062400105, 169003.62967379976, 157199.56732859995, 165952.8613323002, 162121.6657314002, 161655.57655609978, 175037.9320912001, 159053.0425961008]
Noised Result
[-925.7295085201465, -949.0677701337872, -1064.704844292113, -1333.218721838486, -932.8717288702194, -836.8978287247551, -777.4982475897955, -609.9767456333377, -975.2059873224791, -986.3640459323171, -946.3747283526172, -365.30436368912, -821.1884547411871, -991.0779064830631, -1091.8519307367878, -999.703496278092, -1003.9063810549683, -614.9118473565093, -914.9935709756071, -782.3671403772425, -868.2277490184913, -1065.7871559885473, -861.9711265630142, -1064.130422015723, -887.3587783624616]
Time
7.486499071121216
The result for the 13th execution is
Query Result
[168005.36949560014, 170539.9540516996, 176370.20360180008, 181065.21424099937, 194580.3102972002, 169507.9040189001, 171786.37201600045, 171956.40360649934, 179965.36066919964, 182559.55167350086, 165843.59786499993, 157455.84402829985, 182763.76817230016, 164402.4750886999, 149154.4094004002, 162713.1724077004, 156923.12497799972, 173259.21062400105, 169003.62967379976, 157199.56732859995, 165952.8613323002, 162121.6657314002, 161655.57655609978, 175037.9320912001, 159053.0425961008]
Noised Result
[-1112.4611750708082, -729.2701777223449, -952.3222162431919, -827.7964977156767, -1122.7312648398392, -762.3980234673081, -919.9857801566804, -1022.4222403584795, -1074.9913206295812, -1364.1008315539939, -1032.511138207843, -1180.1073396877478, -596.5652188557558, -971.5420725967479, -873.8241567616012, -1238.9248157487862, -1200.8866966596481, -777.603106372964, -1473.7964881893681, -1042.5887885795607, -1094.8242524793257, -1818.6156835970792, -797.0795691493515, -897.2147351517722, -1054.641352362168]
Time
7.313733339309692
The result for the 14th execution is
Query Result
[168005.36949560014, 170539.9540516996, 176370.20360180008, 181065.21424099937, 194580.3102972002, 169507.9040189001, 171786.37201600045, 171956.40360649934, 179965.36066919964, 182559.55167350086, 165843.59786499993, 157455.84402829985, 182763.76817230016, 164402.4750886999, 149154.4094004002, 162713.1724077004, 156923.12497799972, 173259.21062400105, 169003.62967379976, 157199.56732859995, 165952.8613323002, 162121.6657314002, 161655.57655609978, 175037.9320912001, 159053.0425961008]
Noised Result
[-908.4819846940566, -747.1389511621521, -1088.179233098146, -1119.7076536710724, -1039.497532614932, -992.743278555135, -1034.0978462057813, -784.3525313190289, -1030.7394483457995, -851.6327752595382, -1011.0870757202058, -843.1404142409733, -1033.1071653296585, -1067.0505510576222, -942.9974132391569, -988.3528853082169, -997.3380462212235, -850.6122421989105, -1076.0355037524644, -1546.177151414122, -1037.0256798431155, -1141.7117573041503, -1098.512032591914, -1158.9557259266192, -1038.7422524752303]
Time
7.450695514678955
The result for the 15th execution is
Query Result
[168005.36949560014, 170539.9540516996, 176370.20360180008, 181065.21424099937, 194580.3102972002, 169507.9040189001, 171786.37201600045, 171956.40360649934, 179965.36066919964, 182559.55167350086, 165843.59786499993, 157455.84402829985, 182763.76817230016, 164402.4750886999, 149154.4094004002, 162713.1724077004, 156923.12497799972, 173259.21062400105, 169003.62967379976, 157199.56732859995, 165952.8613323002, 162121.6657314002, 161655.57655609978, 175037.9320912001, 159053.0425961008]
Noised Result
[-1059.1319060280819, -778.2175248768353, -976.9906663201589, -1303.3402491493953, -696.9726278414919, -952.5250220407702, -989.8286895178419, -1280.9057203295768, -964.3805887137257, -1241.871632332762, -1089.4933785353974, -1065.7822538352177, -802.795799619616, -1509.7443751135916, -1019.0267603876619, -950.2279341487415, 1125.1333282982669, -965.7826630336831, -886.5562180866023, -886.5631016026286, -666.6285090329334, -883.5690673180497, -1188.713835805475, -528.2711515950173, -315.81677636752374]
Time
7.360565900802612
The result for the 16th execution is
Query Result
[168005.36949560014, 170539.9540516996, 176370.20360180008, 181065.21424099937, 194580.3102972002, 169507.9040189001, 171786.37201600045, 171956.40360649934, 179965.36066919964, 182559.55167350086, 165843.59786499993, 157455.84402829985, 182763.76817230016, 164402.4750886999, 149154.4094004002, 162713.1724077004, 156923.12497799972, 173259.21062400105, 169003.62967379976, 157199.56732859995, 165952.8613323002, 162121.6657314002, 161655.57655609978, 175037.9320912001, 159053.0425961008]
Noised Result
[-1249.8215053357676, -259.84594039499484, -1433.494676039405, -990.4078078595312, -942.9040941637511, -955.6176371759022, -997.889063471802, -888.3244489069323, -1045.140455192583, -801.4547982656638, -837.655746909134, -987.9986927047225, 7968.331785848408, -1101.498530173607, -1064.5026656905363, -902.9560556371291, -1227.9470485899453, -875.9457680878747, -136.90299010866545, -952.2003428588885, -884.6671725486872, -889.0801344890965, -994.5378303915629, -957.7518451475751, -708.9628605756416]
Time
7.31549072265625
The result for the 17th execution is
Query Result
[168005.36949560014, 170539.9540516996, 176370.20360180008, 181065.21424099937, 194580.3102972002, 169507.9040189001, 171786.37201600045, 171956.40360649934, 179965.36066919964, 182559.55167350086, 165843.59786499993, 157455.84402829985, 182763.76817230016, 164402.4750886999, 149154.4094004002, 162713.1724077004, 156923.12497799972, 173259.21062400105, 169003.62967379976, 157199.56732859995, 165952.8613323002, 162121.6657314002, 161655.57655609978, 175037.9320912001, 159053.0425961008]
Noised Result
[-1069.8614604759612, -675.388568839764, -975.5606653950122, -946.2326135548224, -921.1375073722384, -1072.3628468346585, -948.6191987218442, -1219.9571715780385, -1009.3182761473763, -502.3976607178013, -662.9959354593834, -1018.7698792429337, -523.2934514276376, -1387.3989862131248, -1035.530404599447, -1310.1859250359903, -994.5265617656851, -937.3851290570988, -669.9356063543794, -992.6573435532077, -770.338311744621, -1047.2879088467014, -1166.6910571299984, -776.1586893302549, -792.369583132949]
Time
7.521970510482788
The result for the 18th execution is
Query Result
[168005.36949560014, 170539.9540516996, 176370.20360180008, 181065.21424099937, 194580.3102972002, 169507.9040189001, 171786.37201600045, 171956.40360649934, 179965.36066919964, 182559.55167350086, 165843.59786499993, 157455.84402829985, 182763.76817230016, 164402.4750886999, 149154.4094004002, 162713.1724077004, 156923.12497799972, 173259.21062400105, 169003.62967379976, 157199.56732859995, 165952.8613323002, 162121.6657314002, 161655.57655609978, 175037.9320912001, 159053.0425961008]
Noised Result
[-1076.5845440732558, -1034.672676463172, -815.540692800354, -1072.1580333843945, -922.8948399432622, -1133.668895827214, -763.4493984550397, -969.316371475659, -903.5561505245676, -1059.7157979641834, -993.2053668050482, -1145.2269508041893, -832.0404485808044, -717.9523203183762, -999.5251616537835, -1067.6308195339507, 16615.397196404054, -1013.8384349457376, -1140.494850172348, -1068.0559841901795, -1218.6415028830415, -927.9174913519994, -216.4649679905093, -706.1480631769089, -971.3443152600128]
Time
7.169514894485474
The result for the 19th execution is
Query Result
[168005.36949560014, 170539.9540516996, 176370.20360180008, 181065.21424099937, 194580.3102972002, 169507.9040189001, 171786.37201600045, 171956.40360649934, 179965.36066919964, 182559.55167350086, 165843.59786499993, 157455.84402829985, 182763.76817230016, 164402.4750886999, 149154.4094004002, 162713.1724077004, 156923.12497799972, 173259.21062400105, 169003.62967379976, 157199.56732859995, 165952.8613323002, 162121.6657314002, 161655.57655609978, 175037.9320912001, 159053.0425961008]
Noised Result
[-1015.2989699090801, -1379.2001673791283, -884.5302757516608, -1355.7398642509775, -741.1119765246385, -818.5766331635418, -1080.6753302421241, -1655.665931899247, -1065.0315119193688, -880.8161032434223, -977.0748920844585, -807.1910906147336, -957.5063443625836, -962.8500617447885, -1394.4012372479874, -1240.2735268515328, -1036.9466077471138, -846.2243525869476, -583.7827612415922, -1778.3658429544607, -885.8249415188989, -781.2750599397868, -1015.2929657710208, -847.5683921770856, -915.0865715906366]
Time
7.570596218109131
