The result for the 0th execution is
Query Result
[36031.78231759992, 41248.63908580002, 42551.344564000006, 30693.502856700015, 58822.714722800076, 43344.46914359991, 38256.79663579996, 37211.595373699965, 47077.86958910006, 40946.2602582, 49617.5850107, 44785.28793959994, 52519.76663470003, 41404.58317219997, 30252.720627799976, 34369.76909229997, 43846.35477460011, 35577.96574140007, 41439.13785259998, 31918.0852531, 44089.3442638, 50239.853476800075, 41942.332139799975, 29264.204497600007, 37622.8053879001]
Noised Result
[-4449.9000551439, -4593.399152335411, -2791.0063619765697, -2986.5541918991703, -5050.065932463, -4657.419957112563, -6409.8542275973705, -4293.225486549913, -4346.464481112704, -4671.614111097584, -4664.1240550377925, -4614.5353009456985, -4712.492083780647, -3777.964627563978, -4982.678107108424, 61.94736131556965, -4778.076484721795, -4710.841055712647, -4992.772917423064, -4623.2935709066505, -5779.230832994028, -5927.263551880573, -3837.7062556364754, -5208.1139520517045, -4565.492993200816]
Time
3.1592133045196533
The result for the 1th execution is
Query Result
[36031.78231759992, 41248.63908580002, 42551.344564000006, 30693.502856700015, 58822.714722800076, 43344.46914359991, 38256.79663579996, 37211.595373699965, 47077.86958910006, 40946.2602582, 49617.5850107, 44785.28793959994, 52519.76663470003, 41404.58317219997, 30252.720627799976, 34369.76909229997, 43846.35477460011, 35577.96574140007, 41439.13785259998, 31918.0852531, 44089.3442638, 50239.853476800075, 41942.332139799975, 29264.204497600007, 37622.8053879001]
Noised Result
[-3204.4864078664473, -4999.7097077733715, -2747.708609237633, -3370.127558304288, -5136.241650775541, -5020.558750931759, -4160.103393064649, -4394.162473738771, -7145.2515521475, -6060.171510484183, -5339.842437955567, -5739.198975822384, -5052.433498181304, -4329.33618518845, -5464.071067296045, -5327.228205697503, -4826.337511000975, -3383.3737599330443, -4970.331142685199, -5974.139323428125, -3815.9576564919125, -4553.0203049705315, -5417.375737622332, -4647.4862356833655, -4970.5442624683765]
Time
2.9997200965881348
The result for the 2th execution is
Query Result
[36031.78231759992, 41248.63908580002, 42551.344564000006, 30693.502856700015, 58822.714722800076, 43344.46914359991, 38256.79663579996, 37211.595373699965, 47077.86958910006, 40946.2602582, 49617.5850107, 44785.28793959994, 52519.76663470003, 41404.58317219997, 30252.720627799976, 34369.76909229997, 43846.35477460011, 35577.96574140007, 41439.13785259998, 31918.0852531, 44089.3442638, 50239.853476800075, 41942.332139799975, 29264.204497600007, 37622.8053879001]
Noised Result
[-5015.448547132766, -4617.099055838505, -4848.279253615776, -4729.315055570144, -4683.455859955277, -5586.134646783803, -5512.530633782055, -4455.710251178539, -5254.927052910263, -5239.440145334154, -2619.350944260933, -5439.281902729548, -4631.847021161438, -5592.53395603484, -4795.628130628791, -4799.66329468237, -5148.145357026828, -5028.823099574576, -4639.110060440867, -4769.808387256741, -3961.2636114594375, -5888.58283429521, -5323.740392969591, -4552.794285638506, -4972.139809748576]
Time
2.8986213207244873
The result for the 3th execution is
Query Result
[36031.78231759992, 41248.63908580002, 42551.344564000006, 30693.502856700015, 58822.714722800076, 43344.46914359991, 38256.79663579996, 37211.595373699965, 47077.86958910006, 40946.2602582, 49617.5850107, 44785.28793959994, 52519.76663470003, 41404.58317219997, 30252.720627799976, 34369.76909229997, 43846.35477460011, 35577.96574140007, 41439.13785259998, 31918.0852531, 44089.3442638, 50239.853476800075, 41942.332139799975, 29264.204497600007, 37622.8053879001]
Noised Result
[-5646.784411871382, -5987.631366769188, -4559.639470104798, -4784.723226572745, -4609.748154138902, -4124.765256064617, -4870.615429674482, -4533.205567949891, -4191.188428181152, -6708.066531542099, -6478.434878311269, -4874.636448969196, -4199.336889192228, -4511.932093416397, -5087.538564181716, -4350.708471426361, -5669.832914824329, -4813.232169593899, -4845.768678990616, -6082.228328691372, -4645.239158795596, -4048.3783634734436, -4690.6207897711365, -4730.2363461433615, -4074.008750044736]
Time
2.9445199966430664
The result for the 4th execution is
Query Result
[36031.78231759992, 41248.63908580002, 42551.344564000006, 30693.502856700015, 58822.714722800076, 43344.46914359991, 38256.79663579996, 37211.595373699965, 47077.86958910006, 40946.2602582, 49617.5850107, 44785.28793959994, 52519.76663470003, 41404.58317219997, 30252.720627799976, 34369.76909229997, 43846.35477460011, 35577.96574140007, 41439.13785259998, 31918.0852531, 44089.3442638, 50239.853476800075, 41942.332139799975, 29264.204497600007, 37622.8053879001]
Noised Result
[-5042.974782807083, -4714.546412098993, -4565.641939328003, -4530.589058684242, -4953.945512637427, -4871.183750174789, -5430.646959516962, -4199.56522268424, -3379.4147707174006, -4076.4513020075437, -4221.187178866628, -7445.827736945648, -4822.437056227486, -5353.35424758485, -4771.103000214785, -2330.562383575115, -5207.786115443232, -897.2110343598397, -4916.201577057488, -4815.384171194466, -4689.950216219994, -4574.776568871006, -4830.669561041353, -4237.336722357175, -4307.308739203142]
Time
2.9498233795166016
The result for the 5th execution is
Query Result
[36031.78231759992, 41248.63908580002, 42551.344564000006, 30693.502856700015, 58822.714722800076, 43344.46914359991, 38256.79663579996, 37211.595373699965, 47077.86958910006, 40946.2602582, 49617.5850107, 44785.28793959994, 52519.76663470003, 41404.58317219997, 30252.720627799976, 34369.76909229997, 43846.35477460011, 35577.96574140007, 41439.13785259998, 31918.0852531, 44089.3442638, 50239.853476800075, 41942.332139799975, 29264.204497600007, 37622.8053879001]
Noised Result
[-5750.827878888662, -5007.0291196116195, -4105.054327865795, -5392.119418823382, -4558.461876213114, -4893.022348789763, -5267.012356373386, -4047.8725937374893, -5003.048290492376, -4661.478808435137, -6138.388714170756, -4448.166030405783, -5034.753480485732, -3809.6220561480723, -5277.047866402587, -3834.657238231967, -4432.8317993329465, -4486.738684416028, -4921.9582931529285, -4701.872411070556, -4142.900778618866, -3892.206875119104, -5875.631326033608, -5605.148074163287, -4756.910620696141]
Time
2.9249801635742188
The result for the 6th execution is
Query Result
[36031.78231759992, 41248.63908580002, 42551.344564000006, 30693.502856700015, 58822.714722800076, 43344.46914359991, 38256.79663579996, 37211.595373699965, 47077.86958910006, 40946.2602582, 49617.5850107, 44785.28793959994, 52519.76663470003, 41404.58317219997, 30252.720627799976, 34369.76909229997, 43846.35477460011, 35577.96574140007, 41439.13785259998, 31918.0852531, 44089.3442638, 50239.853476800075, 41942.332139799975, 29264.204497600007, 37622.8053879001]
Noised Result
[-4871.34808064964, -4407.912252731003, -4397.264211133604, -4277.293076088247, -4804.721395400432, -4218.929109942403, -2119.1284038059907, -3580.0536470751717, -4164.984932428788, -4847.926503237316, -3249.528958963726, -4572.96972235232, -5384.4985836398, -4279.042044250105, -5990.412990648511, -5733.469918854405, -4312.129346946659, -6130.442647530937, -4223.558736162585, -4769.6541641511085, -4719.832144279408, -4774.049380444995, -5263.291964560816, -4306.060289701128, -5146.779794588862]
Time
2.9785192012786865
The result for the 7th execution is
Query Result
[36031.78231759992, 41248.63908580002, 42551.344564000006, 30693.502856700015, 58822.714722800076, 43344.46914359991, 38256.79663579996, 37211.595373699965, 47077.86958910006, 40946.2602582, 49617.5850107, 44785.28793959994, 52519.76663470003, 41404.58317219997, 30252.720627799976, 34369.76909229997, 43846.35477460011, 35577.96574140007, 41439.13785259998, 31918.0852531, 44089.3442638, 50239.853476800075, 41942.332139799975, 29264.204497600007, 37622.8053879001]
Noised Result
[-4059.086193494275, -4199.873357872218, -4885.640216276481, -3761.097829222302, -4224.491947899181, -4958.500116646064, -4411.84564117719, -4844.675893538552, -3300.4888545190443, -4944.039197216222, -4374.528347333815, -4020.2982278493864, -4381.261616555405, -6878.85852642988, -4775.11699968654, -4285.326639537084, -4570.497009074234, -4964.280384638337, -6193.204545733444, -4519.20952324966, -4390.618441235496, -4263.007669371234, -3776.7589339470214, -4093.655644481413, -3929.394053143517]
Time
2.886143684387207
The result for the 8th execution is
Query Result
[36031.78231759992, 41248.63908580002, 42551.344564000006, 30693.502856700015, 58822.714722800076, 43344.46914359991, 38256.79663579996, 37211.595373699965, 47077.86958910006, 40946.2602582, 49617.5850107, 44785.28793959994, 52519.76663470003, 41404.58317219997, 30252.720627799976, 34369.76909229997, 43846.35477460011, 35577.96574140007, 41439.13785259998, 31918.0852531, 44089.3442638, 50239.853476800075, 41942.332139799975, 29264.204497600007, 37622.8053879001]
Noised Result
[-4475.350951356138, -6028.990187333635, -5430.097773577237, -4685.171709515101, -4927.229542992841, -3417.4636007544073, -5606.067075209654, -4956.505706073248, -5085.835291155868, -3826.0050861020018, -4176.81154509119, -4695.350537647488, -4844.339470801464, -4749.355891164296, -4575.673033949451, -4420.653124481953, -4021.9615232891083, -5496.57544385812, -5767.483371034065, -5231.021163728113, -4785.792883569542, -4596.161074565519, -5289.436389815219, -4820.649455130011, -4891.388139334255]
Time
2.8430898189544678
The result for the 9th execution is
Query Result
[36031.78231759992, 41248.63908580002, 42551.344564000006, 30693.502856700015, 58822.714722800076, 43344.46914359991, 38256.79663579996, 37211.595373699965, 47077.86958910006, 40946.2602582, 49617.5850107, 44785.28793959994, 52519.76663470003, 41404.58317219997, 30252.720627799976, 34369.76909229997, 43846.35477460011, 35577.96574140007, 41439.13785259998, 31918.0852531, 44089.3442638, 50239.853476800075, 41942.332139799975, 29264.204497600007, 37622.8053879001]
Noised Result
[-4386.276887475709, -5658.78859693044, -5231.818028092957, -4698.785655473218, -5920.688934949054, -5267.289729454633, -4558.025662868325, -5915.920412013195, -3110.4398797745353, -4673.660536468213, -4413.908829766421, -5145.533295722531, -4884.91512484244, -2866.1839296529843, -3449.4540563001665, -4773.1467830336915, -5587.114654863187, -5911.45853611599, 42187.65867239125, -4822.423062445355, -4211.027277606214, -5304.600466580051, -4357.135954073197, -4809.100990759737, -4700.231451753655]
Time
2.886845827102661
The result for the 10th execution is
Query Result
[36031.78231759992, 41248.63908580002, 42551.344564000006, 30693.502856700015, 58822.714722800076, 43344.46914359991, 38256.79663579996, 37211.595373699965, 47077.86958910006, 40946.2602582, 49617.5850107, 44785.28793959994, 52519.76663470003, 41404.58317219997, 30252.720627799976, 34369.76909229997, 43846.35477460011, 35577.96574140007, 41439.13785259998, 31918.0852531, 44089.3442638, 50239.853476800075, 41942.332139799975, 29264.204497600007, 37622.8053879001]
Noised Result
[-4338.155152435766, -4886.012145619221, -4720.802580620451, -3935.977848188111, -6115.91781143857, -4650.54920114041, -5819.835320953071, -4491.355031852547, -3545.3434080163097, -5540.548602386398, -4192.503110025553, -4223.4179539352535, -5747.709262958298, -4586.264629192495, -5398.682466769802, -5005.156379347288, -5337.379251622204, -4642.768123831531, -4820.462992494203, -4487.105969511638, -4705.284899790028, -5010.604728594195, -4560.167603820754, -5113.9268382859955, -4320.346933450805]
Time
2.8616461753845215
The result for the 11th execution is
Query Result
[36031.78231759992, 41248.63908580002, 42551.344564000006, 30693.502856700015, 58822.714722800076, 43344.46914359991, 38256.79663579996, 37211.595373699965, 47077.86958910006, 40946.2602582, 49617.5850107, 44785.28793959994, 52519.76663470003, 41404.58317219997, 30252.720627799976, 34369.76909229997, 43846.35477460011, 35577.96574140007, 41439.13785259998, 31918.0852531, 44089.3442638, 50239.853476800075, 41942.332139799975, 29264.204497600007, 37622.8053879001]
Noised Result
[-5073.396214775394, -4758.983716649277, -6228.954206107595, -5100.239572649811, -4845.034746314961, -4732.8168461210125, -5177.008032780357, -5921.897187165989, -5088.080538437158, -4105.226836796782, -4986.927890026726, -5211.452857404796, -4424.981781179776, -3980.848287682799, -4468.384438014541, -4229.037983072056, -3561.912718621944, -5863.9340314958135, -5376.741286417857, -4808.1191122539985, -2954.5898986534276, -3996.7237402326027, -6845.045864912618, -4793.770259129542, -4815.527867780017]
Time
2.9133219718933105
The result for the 12th execution is
Query Result
[36031.78231759992, 41248.63908580002, 42551.344564000006, 30693.502856700015, 58822.714722800076, 43344.46914359991, 38256.79663579996, 37211.595373699965, 47077.86958910006, 40946.2602582, 49617.5850107, 44785.28793959994, 52519.76663470003, 41404.58317219997, 30252.720627799976, 34369.76909229997, 43846.35477460011, 35577.96574140007, 41439.13785259998, 31918.0852531, 44089.3442638, 50239.853476800075, 41942.332139799975, 29264.204497600007, 37622.8053879001]
Noised Result
[-4711.417562851717, -4263.710991842467, -5089.933346719319, -5369.782804974848, -4956.969037313814, -4503.155620647846, -4777.66334088796, -4417.32542468561, -4349.773690497767, -5274.418005015059, -4932.725895101309, -4757.676339967642, -7024.518169689614, -4536.998722769811, -4359.33093023179, -5334.337793765316, -5102.814272879967, -4795.464032564237, -3961.5490165423594, -5476.228987866649, -4494.791164968796, -4475.431323384635, -4803.178054848968, -5196.925240404061, -6381.810374069101]
Time
2.917099714279175
The result for the 13th execution is
Query Result
[36031.78231759992, 41248.63908580002, 42551.344564000006, 30693.502856700015, 58822.714722800076, 43344.46914359991, 38256.79663579996, 37211.595373699965, 47077.86958910006, 40946.2602582, 49617.5850107, 44785.28793959994, 52519.76663470003, 41404.58317219997, 30252.720627799976, 34369.76909229997, 43846.35477460011, 35577.96574140007, 41439.13785259998, 31918.0852531, 44089.3442638, 50239.853476800075, 41942.332139799975, 29264.204497600007, 37622.8053879001]
Noised Result
[-4580.412798112667, -4481.184107166308, -4867.256130266532, -4303.358908972903, -5449.341660423324, -5292.041607981965, -5354.629131493009, -4929.665083658933, -4568.253059498156, -3913.6886941455687, -5913.345635821727, -4103.047510387943, -5105.836716771626, -5506.273033873127, 3881622.632361159, -4524.7865373603945, -4668.648151684237, -5245.520489339139, -6292.196952141102, -5279.4763527270625, -4367.639234106854, -4538.290293698996, -4962.097496253382, -4822.119799093314, -4162.847113090293]
Time
2.843811273574829
The result for the 14th execution is
Query Result
[36031.78231759992, 41248.63908580002, 42551.344564000006, 30693.502856700015, 58822.714722800076, 43344.46914359991, 38256.79663579996, 37211.595373699965, 47077.86958910006, 40946.2602582, 49617.5850107, 44785.28793959994, 52519.76663470003, 41404.58317219997, 30252.720627799976, 34369.76909229997, 43846.35477460011, 35577.96574140007, 41439.13785259998, 31918.0852531, 44089.3442638, 50239.853476800075, 41942.332139799975, 29264.204497600007, 37622.8053879001]
Noised Result
[-3899.391999703434, -5664.428592305219, -5137.98605939214, -5345.518665182004, -5130.289885024913, -4535.201266976511, -4968.925054984113, -4468.450598186946, -4601.437323694239, -5239.40845411438, -3878.24779507233, -4157.140822370412, -4789.798785554728, -4928.726849574085, -4319.782802275071, -4595.988924497991, -5697.420910330764, -5061.453582443205, -4740.081732308379, -4347.738568063874, -4757.670284288677, -5159.734389451075, -4840.257541406537, -4806.684211938298, -4737.871736552373]
Time
2.884054660797119
The result for the 15th execution is
Query Result
[36031.78231759992, 41248.63908580002, 42551.344564000006, 30693.502856700015, 58822.714722800076, 43344.46914359991, 38256.79663579996, 37211.595373699965, 47077.86958910006, 40946.2602582, 49617.5850107, 44785.28793959994, 52519.76663470003, 41404.58317219997, 30252.720627799976, 34369.76909229997, 43846.35477460011, 35577.96574140007, 41439.13785259998, 31918.0852531, 44089.3442638, 50239.853476800075, 41942.332139799975, 29264.204497600007, 37622.8053879001]
Noised Result
[-4655.732800896463, -4076.4094592414913, -3882.7134087748254, -4855.636594902876, -3888.4120904374768, -5093.454546827931, -5948.5732769027745, -4299.259173588336, -4854.977357674628, -5054.347342689767, -4317.570546673251, -3481.186490860096, -5050.1298912761085, -3895.481929456872, -4651.554198856905, -5766.652933832507, -5001.485033149704, -6022.061592025397, -4864.151723654081, -6666.216235631791, -3623.661597131064, -6259.196140501928, -4760.845044750298, -6276.188726401047, -4646.329373679938]
Time
2.947953224182129
The result for the 16th execution is
Query Result
[36031.78231759992, 41248.63908580002, 42551.344564000006, 30693.502856700015, 58822.714722800076, 43344.46914359991, 38256.79663579996, 37211.595373699965, 47077.86958910006, 40946.2602582, 49617.5850107, 44785.28793959994, 52519.76663470003, 41404.58317219997, 30252.720627799976, 34369.76909229997, 43846.35477460011, 35577.96574140007, 41439.13785259998, 31918.0852531, 44089.3442638, 50239.853476800075, 41942.332139799975, 29264.204497600007, 37622.8053879001]
Noised Result
[-5016.458768653227, -4576.737790353812, -6463.789386288728, -4936.060119120262, -5956.805333706202, -3680.0149529064893, -3780.400331578678, -5074.004085810073, -4462.37893466109, -5359.413246077745, -4822.973074355825, -4383.493611356932, -5640.207409867142, -3936.6836421581793, -4529.428069464559, -5311.165644708586, -4685.8482037071535, -4803.308774104107, -4559.725871900426, -4627.686039520158, -5118.31784848897, -2647.597733051096, -5040.9413420081055, -5711.310183531804, -5044.635700266675]
Time
2.9922292232513428
The result for the 17th execution is
Query Result
[36031.78231759992, 41248.63908580002, 42551.344564000006, 30693.502856700015, 58822.714722800076, 43344.46914359991, 38256.79663579996, 37211.595373699965, 47077.86958910006, 40946.2602582, 49617.5850107, 44785.28793959994, 52519.76663470003, 41404.58317219997, 30252.720627799976, 34369.76909229997, 43846.35477460011, 35577.96574140007, 41439.13785259998, 31918.0852531, 44089.3442638, 50239.853476800075, 41942.332139799975, 29264.204497600007, 37622.8053879001]
Noised Result
[-5398.177357100034, -6201.479243973719, -4439.499929241209, -5782.830461930249, -5013.044446347843, -4652.362908266851, -5290.7326323629295, -4132.325152012644, -4749.416506290842, -6111.805358914496, -5365.424685253263, -5005.153979639131, -4551.559491963788, -4799.434317281077, -5948.825926927213, -4442.25360744276, -3788.7454037964267, -4820.909017308201, -2578.0183164312757, -6009.35692927239, -3364.8337149601625, -4890.787732909352, -5119.2267015287125, -4695.784540449279, -6011.244106272092]
Time
2.893597364425659
The result for the 18th execution is
Query Result
[36031.78231759992, 41248.63908580002, 42551.344564000006, 30693.502856700015, 58822.714722800076, 43344.46914359991, 38256.79663579996, 37211.595373699965, 47077.86958910006, 40946.2602582, 49617.5850107, 44785.28793959994, 52519.76663470003, 41404.58317219997, 30252.720627799976, 34369.76909229997, 43846.35477460011, 35577.96574140007, 41439.13785259998, 31918.0852531, 44089.3442638, 50239.853476800075, 41942.332139799975, 29264.204497600007, 37622.8053879001]
Noised Result
[-5249.6090271783705, -4119.464608915149, -5367.065084658674, -4856.704016022782, -4693.752481988201, -3903.688964657744, -4306.533376532753, -5455.199826755674, -4017.4094478310044, -4860.219642324079, -5269.143896660431, -4003.6291039304533, -4892.519642430627, -4641.084193347423, -3824.069928504219, -4661.0567505002, -4440.664564161775, -5734.070572781618, -4692.3927508258275, -4682.796683285397, -4337.396506547452, -5294.999110080671, -5779.482800650694, -5765.390515526666, -3333.948201016742]
Time
2.94821834564209
The result for the 19th execution is
Query Result
[36031.78231759992, 41248.63908580002, 42551.344564000006, 30693.502856700015, 58822.714722800076, 43344.46914359991, 38256.79663579996, 37211.595373699965, 47077.86958910006, 40946.2602582, 49617.5850107, 44785.28793959994, 52519.76663470003, 41404.58317219997, 30252.720627799976, 34369.76909229997, 43846.35477460011, 35577.96574140007, 41439.13785259998, 31918.0852531, 44089.3442638, 50239.853476800075, 41942.332139799975, 29264.204497600007, 37622.8053879001]
Noised Result
[-4179.374210256819, -5241.492776326781, -4888.516991952523, -4078.0796850282886, -4795.024203223278, -4083.1117885326994, -5523.168832576837, -4829.6713205248625, -3454.0342988061384, -4881.049111828674, -6524.481521297014, -3770.0226413061387, -4371.62501322671, -4966.325937330814, -4498.630728766147, -4634.513138590022, -5057.227530479485, -5203.876488593996, -5415.0065298838645, -3029.2708791085174, -4428.548239718275, -3715.1093085503335, -4608.563375509998, -5167.610790753341, -4309.329899836004]
Time
2.955909490585327
